           1
           1
           1
           1
           1
           1
           1
           1
           6
           6
           6
           6
           6
           6
           6
           6
           6
           7
           7
           7
           7
           7
           7
           7
           7
           7
           7
           7
           7
           7
           7
           7
           7
           7
           7
           7
           7
           7
           7
           7
           7
           7
           7
           7
           7
           7
           7
           7
           7
           7
           7
           7
           7
           7
           7
           7
           7
           7
           7
           7
           7
           7
           7
           7
           7
           7
           7
           7
           7
           7
           7
           7
           7
           7
           7
           7
           7
           7
           7
           7
           7
           7
           7
           7
           7
           7
           7
           7
           7
           7
           7
           7
           7
           7
           7
           7
           7
           7
           7
           7
           7
           7
           7
           7
           7
           7
           7
           7
           7
           7
           7
           7
           7
           7
           7
           7
           7
           7
           7
           7
           7
           7
           7
           7
           7
           7
           7
           7
           7
           7
           7
           7
           7
          12
          12
          12
          12
          12
          12
          12
          12
          12
          12
          12
          12
          12
          16
          16
          16
          16
          16
          16
          16
          16
          16
          16
          16
          16
          16
          20
          20
          20
          20
          20
          25
          25
          25
          25
          25
          25
          25
          25
          25
          25
          25
          25
          25
          25
          25
          25
          25
          25
          25
          25
          25
          25
          25
          25
          25
          25
          25
          25
          25
          25
          25
          25
          25
          25
          25
          25
          25
          25
          25
          25
          25
          25
          25
          25
          25
          25
          25
          25
          25
          25
          25
          25
          25
          25
          25
          25
          25
          25
          25
          25
          27
          27
          27
          27
          27
          27
          27
          27
          27
          27
          27
          27
          27
          27
          27
          27
          27
          27
          27
          27
          27
          27
          27
          27
          27
          27
          27
          27
          27
          27
          27
          27
          27
          32
          32
          32
          32
          32
          32
          32
          32
          32
          32
          32
          32
          32
          32
          32
          32
          32
          32
          32
          32
          32
          32
          32
          32
          32
          32
          32
          32
          32
          32
          32
          32
          32
          32
          32
          32
          32
          32
          32
          32
          32
          32
          32
          32
          32
          32
          32
          32
          32
          32
          32
          32
          32
          32
          32
          32
          32
          32
          32
          32
          32
          32
          32
          32
          32
          32
          32
          32
          32
          37
          37
          37
          37
          37
          37
          37
          37
          37
          37
          37
          37
          37
          37
          37
          37
          37
          37
          37
          37
          37
          37
          37
          37
          37
          37
          37
          37
          37
          37
          37
          37
          37
          37
          37
          37
          37
          37
          37
          37
          37
          37
          37
          37
          37
          37
          37
          37
          37
          37
          37
          37
          37
          37
          37
          37
          37
          37
          37
          37
          37
          37
          37
          37
          37
          37
          37
          37
          37
          37
          37
          37
          37
          37
          37
          37
          37
          37
          37
          37
          37
          37
          37
          37
          37
          37
          37
          37
          37
          37
          37
          37
          37
          37
          42
          42
          42
          42
          42
          46
          47
          47
          47
          47
          47
          51
          51
          51
          51
          51
          51
          51
          51
          51
          51
          51
          51
          51
          51
          51
          51
          51
          51
          51
          51
          51
          51
          51
          51
          51
          51
          51
          51
          51
          51
          51
          51
          51
          51
          51
          51
          51
          51
          51
          51
          51
          51
          51
          51
          51
          51
          51
          51
          51
          51
          51
          51
          51
          51
          52
          52
          52
          52
          52
          52
          52
          52
          52
          52
          54
          54
          54
          54
          54
          54
          54
          54
          59
          64
          64
          64
          64
          64
          64
          64
          64
          64
          64
          64
          64
          64
          64
          66
          66
          66
          66
          66
          66
          66
          66
          66
          66
          66
          66
          66
          66
          66
          66
          66
          66
          66
          66
          66
          66
          66
          66
          66
          66
          66
          67
          67
          67
          67
          67
          67
          67
          67
          67
          67
          67
          67
          67
          68
          68
          68
          68
          68
          68
          68
          68
          68
          68
          68
          68
          69
          69
          69
          69
          69
          69
          69
          69
          70
          71
          71
          71
          71
          71
          71
          71
          71
          71
          71
          71
          71
          71
          71
          71
          71
          71
          71
          71
          71
          71
          71
          71
          71
          71
          71
          71
          71
          71
          71
          71
          76
          76
          76
          76
          76
          76
          76
          80
          80
          80
          80
          80
          80
          80
          80
          80
          80
          80
          80
          80
          80
          80
          80
          80
          80
          80
          80
          80
          81
          84
          84
          84
          85
          85
          85
          85
          85
          85
          85
          85
          85
          85
          85
          85
          85
          85
          85
          85
          90
          90
          90
          91
          91
          91
          91
          91
          91
          91
          91
          91
          91
          91
          91
          91
          96
          96
          96
          96
          96
          96
          96
          96
          96
          96
          96
          96
          96
          96
          96
          96
          96
          96
          96
          96
          96
          96
          96
          96
          96
          96
          96
          96
          96
          96
          96
          96
          96
          96
          96
          96
          96
          96
         101
         101
         101
         101
         101
         101
         102
         102
         102
         102
         102
         102
         102
         102
         102
         102
         102
         102
         102
         102
         102
         102
         102
         102
         102
         102
         107
         107
         107
         109
         109
         109
         110
         110
         110
         111
         113
         113
         113
         113
         113
         113
         117
         117
         117
         121
         121
         121
         123
         123
         123
         123
         123
         123
         123
         123
         123
         123
         123
         123
         123
         123
         123
         123
         123
         124
         124
         124
         124
         124
         124
         124
         124
         124
         124
         124
         124
         124
         124
         124
         125
         125
         125
         130
         130
         130
         130
         130
         130
         130
         130
         130
         130
         130
         130
         130
         132
         132
         132
         132
         132
         134
         134
         134
         134
         134
         137
         137
         137
         137
         137
         137
         146
         146
         146
         146
         146
         147
         147
         147
         147
         148
         148
         148
         148
         149
         149
         149
         149
         149
         149
         149
         149
         149
         149
         149
         154
         158
         159
         159
         159
         159
         163
         163
         163
         163
         163
         163
         168
         168
         168
         168
         169
         169
         174
         174
         174
         174
         174
         174
         174
         174
         174
         174
         174
         174
         175
         175
         175
         175
         175
         180
         180
         180
         180
         180
         180
         180
         180
         180
         180
         180
         180
         180
         180
         180
         181
         181
         181
         181
         181
         181
         181
         181
         181
         181
         181
         181
         184
         185
         185
         185
         185
         185
         185
         185
         185
         185
         185
         185
         187
         187
         187
         187
         187
         187
         187
         187
         187
         187
         187
         187
         188
         188
         188
         188
         188
         188
         188
         188
         188
         193
         193
         193
         193
         193
         194
         199
         199
         199
         200
         200
         200
         200
         200
         200
         200
         205
         206
         206
         206
         206
         207
         207
         207
         208
         208
         209
         212
         217
         217
         217
         217
         217
         227
         227
         227
         227
         227
         227
         227
         227
         227
         227
         228
         228
         228
         228
         228
         228
         228
         228
         228
         233
         233
         233
         233
         233
         233
         233
         233
         233
         233
         233
         234
         234
         234
         234
         234
         234
         234
         234
         235
         237
         237
         237
         237
         237
         237
         237
         237
         237
         237
         237
         237
         237
         237
         237
         237
         239
         239
         239
         239
         240
         240
         240
         240
         240
         241
         241
         241
         241
         241
         241
         241
         241
         241
         241
         241
         241
         241
         241
         241
         241
         241
         241
         241
         241
         241
         241
         241
         241
         241
         245
         245
         245
         245
         245
         245
         245
         245
         245
         245
         245
         245
         245
         245
         245
         245
         245
         245
         245
         245
         245
         245
         245
         245
         245
         245
         245
         245
         245
         245
         245
         245
         245
         245
         245
         245
         245
         245
         245
         245
         245
         245
         245
         245
         245
         245
         245
         245
         245
         245
         245
         247
         247
         247
         247
         247
         247
         247
         247
         249
         249
         249
         249
         249
         249
         249
         249
         249
         249
         249
         249
         249
         249
         249
         249
         249
         249
         249
         249
         249
         249
         249
         249
         249
         249
         249
         249
         249
         250
         250
         250
         250
         251
         251
         251
         251
         251
         255
         256
         257
         260
         260
         260
         260
         260
         260
         260
         260
         260
         260
         260
         260
         260
         260
         260
         260
         260
         260
         260
         260
         260
         260
         260
         260
         260
         260
         260
         260
         260
         260
         260
         260
         260
         260
         261
         261
         261
         261
         262
         262
         262
         262
         262
         262
         262
         262
         262
         262
         262
         262
         262
         262
         262
         262
         262
         262
         263
         263
         263
         263
         263
         263
         263
         263
         263
         263
         263
         263
         263
         263
         263
         263
         263
         263
         263
         263
         263
         263
         263
         263
         265
         265
         265
         265
         265
         265
         265
         265
         265
         265
         265
         265
         265
         265
         265
         265
         265
         265
         265
         265
         265
         265
         266
         266
         266
         266
         266
         266
         266
         266
         266
         266
         266
         266
         266
         266
         266
         266
         266
         266
         266
         266
         266
         266
         266
         266
         270
         270
         271
         271
         271
         271
         271
         271
         271
         271
         271
         271
         271
         271
         271
         271
         271
         271
         272
         272
         272
         272
         272
         272
         272
         273
         273
         273
         273
         273
         273
         274
         274
         274
         274
         274
         274
         274
         274
         274
         274
         274
         274
         275
         275
         275
         275
         275
         275
         275
         275
         275
         275
         275
         275
         275
         275
         275
         275
         275
         275
         275
         275
         275
         275
         275
         275
         275
         275
         277
         277
         277
         277
         277
         277
         277
         277
         277
         277
         277
         277
         277
         277
         277
         277
         277
         277
         277
         277
         277
         280
         280
         280
         280
         280
         280
         281
         281
         281
         281
         281
         281
         281
         281
         281
         281
         281
         281
         281
         281
         281
         281
         281
         281
         281
         282
         282
         282
         282
         282
         282
         282
         282
         282
         282
         282
         282
         282
         282
         282
         282
         283
         283
         283
         283
         283
         283
         283
         283
         283
         283
         283
         283
         283
         283
         283
         284
         284
         287
         287
         287
         287
         287
         287
         287
         287
         287
         287
         287
         287
         287
         287
         287
         287
         287
         287
         287
         287
         287
         287
         287
         287
         287
         287
         287
         287
         287
         287
         287
         287
         287
         287
         287
         287
         287
         287
         287
         287
         287
         287
         287
         287
         287
         287
         287
         287
         287
         287
         287
         287
         287
         287
         287
         287
         287
         288
         288
         288
         288
         288
         288
         288
         291
         291
         291
         291
         291
         291
         291
         291
         291
         291
         291
         291
         291
         291
         291
         291
         291
         291
         291
         291
         291
         291
         291
         291
         291
         291
         291
         291
         291
         291
         291
         292
         292
         292
         292
         292
         292
         292
         292
         292
         292
         292
         292
         292
         292
         292
         292
         292
         292
         292
         292
         292
         292
         292
         292
         292
         292
         292
         292
         292
         292
         292
         292
         292
         292
         292
         292
         292
         292
         292
         292
         292
         292
         292
         292
         292
         292
         292
         292
         292
         292
         292
         292
         292
         292
         292
         292
         292
         292
         292
         292
         292
         292
         292
         292
         292
         292
         292
         292
         292
         292
         292
         292
         292
         292
         292
         292
         292
         292
         292
         292
         292
         292
         292
         292
         292
         292
         292
         292
         292
         292
         292
         292
         292
         292
         292
         292
         292
         292
         292
         292
         293
         293
         293
         293
         293
         293
         293
         293
         293
         293
         293
         293
         293
         293
         293
         294
         294
         294
         294
         294
         294
         294
         294
         294
         294
         294
         294
         294
         294
         294
         294
         294
         294
         294
         294
         294
         294
         294
         294
         294
         294
         294
         294
         294
         294
         294
         294
         294
         294
         294
         294
         294
         294
         294
         294
         294
         294
         294
         294
         294
         294
         294
         294
         294
         294
         294
         294
         294
         294
         294
         294
         294
         294
         294
         294
         294
         294
         294
         294
         294
         294
         294
         294
         294
         294
         294
         294
         294
         294
         294
         294
         294
         294
         294
         294
         294
         294
         294
         294
         294
         294
         294
         294
         294
         294
         294
         294
         294
         295
         295
         295
         295
         295
         295
         295
         295
         295
         295
         295
         295
         295
         295
         295
         295
         295
         295
         295
         295
         295
         295
         295
         295
         295
         295
         295
         295
         295
         295
         295
         295
         295
         295
         295
         295
         295
         295
         295
         295
         296
         296
         296
         296
         296
         296
         296
         296
         297
         297
         297
         297
         297
         298
         298
         298
         298
         298
         298
         298
         298
         298
         298
         298
         298
         298
         298
         298
         298
         298
         298
         298
         298
         298
         298
         298
         298
         298
         298
         298
         298
         298
         298
         298
         298
         298
         298
         298
         298
         298
         298
         298
         298
         298
         298
         298
         298
         298
         298
         298
         298
         298
         298
         298
         298
         298
         298
         298
         298
         298
         298
         298
         298
         298
         298
         298
         298
         298
         298
         298
         298
         298
         298
         298
         298
         298
         298
         298
         298
         298
         298
         298
         298
         298
         298
         298
         298
         298
         298
         298
         298
         298
         298
         298
         298
         298
         298
         298
         298
         298
         298
         298
         298
         298
         298
         298
         298
         298
         298
         298
         298
         298
         298
         298
         298
         298
         298
         298
         298
         298
         298
         298
         298
         298
         298
         298
         298
         298
         298
         298
         298
         298
         298
         298
         298
         298
         298
         298
         298
         298
         298
         298
         298
         298
         298
         298
         298
         298
         298
         298
         298
         298
         298
         298
         298
         298
         298
         298
         298
         298
         298
         298
         298
         298
         298
         298
         298
         298
         298
         298
         298
         298
         298
         298
         298
         298
         298
         298
         298
         298
         298
         298
         298
         298
         298
         298
         298
         298
         298
         298
         298
         298
         298
         298
         298
         298
         298
         298
         298
         298
         298
         298
         298
         298
         298
         298
         298
         298
         298
         298
         298
         298
         298
         298
         298
         298
         298
         298
         298
         298
         298
         298
         298
         298
         298
         298
         298
         298
         298
         298
         298
         298
         298
         298
         298
         298
         298
         298
         298
         298
         298
         298
         298
         298
         298
         298
         298
         299
         299
         299
         299
         299
         299
         299
         299
         299
         299
         299
         299
         299
         299
         299
         299
         299
         299
         299
         299
         299
         299
         299
         299
         299
         299
         299
         299
         299
         299
         299
         299
         299
         299
         299
         299
         299
         299
         299
         299
         299
         299
         299
         299
         299
         299
         299
         299
         299
         299
         299
         299
         299
         299
         299
         299
         299
         299
         299
         299
         299
         299
         299
         299
         299
         299
         299
         299
         299
         299
         299
         299
         299
         299
         299
         299
         299
         299
         299
         299
         299
         299
         299
         299
         299
         299
         299
         299
         299
         299
         299
         299
         299
         299
         299
         299
         299
         299
         299
         299
         299
         299
         299
         299
         299
         299
         299
         299
         299
         299
         299
         299
         299
         299
         299
         299
         299
         299
         299
         299
         299
         299
         299
         299
         299
         299
         299
         299
         299
         299
         299
         299
         299
         299
         299
         299
         299
         299
         299
         299
         299
         299
         299
         299
         299
         299
         299
         299
         300
         300
         300
         300
         300
         300
         300
         300
         300
         300
         300
         300
         300
         300
         300
         300
         300
         300
         300
         300
         300
         300
         300
         300
         300
         300
         300
         300
         300
         300
         300
         300
         300
         300
         300
         300
         300
         300
         300
         300
         300
         300
         300
         300
         300
         300
         300
         300
         300
         300
         300
         300
         300
         300
         300
         300
         300
         300
         300
         300
         300
         300
         300
         300
         300
         300
         300
         300
         300
         300
         300
         300
         300
         300
         300
         300
         300
         300
         300
         300
         300
         300
         300
         300
         300
         300
         300
         300
         300
         300
         300
         300
         300
         300
         300
         300
         300
         300
         300
         300
         300
         300
         300
         300
         300
         300
         300
         300
         300
         300
         300
         300
         300
         300
         300
         300
         300
         300
         300
         300
         300
         300
         300
         300
         300
         300
         300
         300
         300
         300
         300
         300
         300
         300
         300
         300
         300
         300
         300
         300
         300
         300
         300
         300
         300
         300
         300
         300
         300
         300
         300
         300
         300
         300
         300
         300
         300
         300
         300
         300
         300
         300
         300
         300
         300
         300
         300
         300
         300
         300
         300
         300
         300
         300
         300
         300
         300
         300
         300
         300
         300
         300
         300
         300
         300
         300
         300
         300
         300
         300
         300
         300
         300
         300
         300
         300
         300
         300
         300
         300
         300
         300
         300
         300
         300
         300
         300
         300
         300
         300
         300
         300
         300
         300
         300
         300
         300
         300
         300
         300
         300
         300
         300
         300
         300
         300
         300
         300
         300
         300
         300
         300
         300
         300
         300
         300
         300
         300
         300
         300
         300
         300
         300
         300
         300
         300
         300
         300
         300
         300
         300
         300
         300
         300
         300
         300
         300
         300
         300
         300
         300
         300
         300
         300
         300
         300
         300
         300
         300
         300
         300
         300
         300
         300
         300
         300
         300
         300
         300
         300
         300
         300
         300
         300
         300
         300
         300
         300
         300
         300
         300
         300
         300
         300
         300
         300
         300
         300
         300
         300
         300
         300
         300
         300
         300
         300
         300
         300
         300
         300
         300
         300
         300
         300
         300
         300
         300
         300
         300
         300
         300
         300
         300
         300
         300
         300
         300
         300
         300
         300
         300
         300
         300
         300
         300
         300
         300
         300
         300
         300
         300
         300
         300
         300
         300
         300
         300
         300
         300
         300
         300
         300
         300
         300
         300
         300
         300
         300
         300
         300
         300
         300
         300
         300
         300
         300
         300
         300
         300
         300
         300
         300
         300
         300
         300
         300
         300
         300
         300
         300
         300
         300
         300
         300
         300
         300
         300
         300
         300
         300
         300
         300
         300
         300
         300
         300
         300
         300
         300
         300
         300
         300
         300
         300
         300
         300
         300
         300
         300
         300
         300
         300
         300
         300
         300
         300
         300
         300
         300
         300
         300
         300
         300
         300
         300
         300
         300
         300
         300
         300
         300
         300
         300
         300
         300
         300
         300
         300
         300
         300
         300
         300
         300
         300
         300
         300
         300
         300
         300
         300
         300
         300
         300
         300
         300
         300
         300
         300
         300
         300
         300
         300
         300
         300
         300
         300
         300
         300
         300
         300
         300
         300
         300
         300
         300
         300
         300
         300
         300
         300
         300
         300
         300
         300
         300
         300
         300
         300
         300
         300
         300
         300
         300
         300
         300
         300
         300
         300
         300
         300
         300
         300
         300
         300
         300
         300
         300
         300
         300
         300
         300
         300
         300
         300
         300
         300
         300
         300
         300
         300
         300
         300
         300
         300
         300
         300
         300
         300
         300
         300
         300
         300
         300
         300
         300
         300
         300
         300
         300
         300
         300
         300
         300
         300
         300
         300
         300
         300
         300
         300
         300
         300
         300
         300
         300
         300
         300
         300
         300
         300
         300
         300
         300
         300
         300
         300
         300
         300
         300
         300
         300
         300
         300
         300
         300
         300
         300
         300
         300
         300
         300
         300
         300
         300
         300
         300
         300
         300
         300
         300
         300
         300
         300
         300
         300
         300
         300
         300
         300
         300
         300
         300
         300
         300
         300
         300
         300
         300
         300
         300
         300
         300
         300
         300
         300
         300
         300
         300
         300
         300
         300
         300
         300
         300
         300
         300
         300
         300
         300
         300
         300
         300
         300
         300
         300
         300
         300
         300
         300
         300
         300
         300
         300
         300
         300
         300
         300
         300
         300
         300
         300
         300
         300
         300
         300
         300
         300
         300
         300
         300
         300
         300
         300
         300
         300
         300
         300
         300
         300
         300
         300
         300
         300
         300
         300
         300
         300
         300
         300
         300
         300
         300
         300
         300
         300
         300
         300
         300
         300
         300
         300
         300
         300
         300
         300
         300
         300
         300
         300
         300
         300
         300
         300
         300
         300
         300
         300
         300
         300
         300
         300
         300
         300
         300
         300
         300
         300
         300
         300
         300
         300
         300
         300
         300
         300
         300
         300
         300
         300
         300
         300
         300
         300
         300
         300
         300
         300
         300
         300
         300
         300
         300
         300
         300
         300
         300
         300
         300
         300
         300
         300
         300
         300
         300
         300
         300
         300
         300
         300
         300
         300
         300
         300
         300
         300
         300
         300
         300
         300
         300
         300
         300
         300
         300
         300
         300
         300
         300
         300
         300
         300
         300
         300
         300
         300
         300
         300
         300
         300
         300
         300
         300
         300
         300
         300
         300
         300
         300
         300
         300
         300
         300
         300
         300
         300
         300
         300
         300
         300
         300
         300
         300
         300
         300
         300
         300
         300
         300
         300
         300
         300
         300
         300
         300
         300
         300
         300
         300
         300
         300
         300
         300
         300
         300
         300
         300
         300
         300
         300
         300
         300
         300
         300
         300
         300
         300
         300
         300
         300
         300
         300
         300
         300
         300
         300
         300
         300
         300
         300
         300
         300
         300
         300
         300
         300
         300
         300
         300
         300
         300
         300
         300
         300
         300
         300
         300
         300
         300
         300
         300
         300
         300
         300
         300
         300
         300
         300
         300
         300
         300
         300
         300
         300
         300
         300
         300
         300
         300
         300
         300
         300
         300
         300
         300
         300
         300
         300
         300
         300
         300
         300
         300
         300
         300
         300
         300
         300
         300
         300
         300
         300
         300
         300
         300
         300
         300
         300
         300
         300
         300
         300
         300
         300
         300
         300
         300
         300
         300
         300
         300
         300
         300
         300
         300
         300
         300
         300
         300
         300
         300
         300
         300
         300
         300
         300
         300
         300
         300
         300
         300
         300
         300
         300
         300
         300
         300
         300
         300
         300
         300
         300
         300
         300
         300
         300
         300
         300
         300
         300
         300
         300
         300
         300
         300
         300
         300
         300
         300
         300
         300
         300
         300
         300
         300
         300
         300
         300
         300
         300
         300
         300
         300
         300
         300
         300
         300
         300
         300
         300
         300
         300
         300
         300
         300
         300
         300
         300
         300
         300
         300
         300
         300
         300
         300
         300
         300
         300
         300
         300
         300
         300
         300
         300
         300
         300
         300
         300
         300
         300
         300
         300
         300
         300
         300
         300
         300
         300
         300
         300
         300
         300
         300
         300
         300
         300
         300
         300
         300
         300
         300
         300
         300
         300
         300
         300
         300
         300
         300
         300
         300
         300
         300
         300
         300
         300
         300
         300
         300
         300
         300
         300
         300
         300
         300
         300
         300
         300
         300
         300
         300
         300
         300
         300
         300
         300
         300
         300
         300
         300
         300
         300
         300
         300
         300
         300
         300
         300
         300
         300
         300
         300
         300
         300
         300
         300
         300
         300
         300
         300
         300
         300
         300
         300
         300
         300
         300
         300
         300
         300
         300
         300
         300
         300
         300
         300
         300
         300
         300
         300
         300
         300
         300
         300
         300
         300
         300
         300
         300
         300
         300
         300
         300
         300
         300
         300
         300
         300
         300
         300
         300
         300
         300
         300
         300
         300
         300
         300
         300
         300
         300
         300
         300
         300
         300
         300
         300
         300
         300
         300
         300
         300
         300
         300
         300
         300
         300
         300
         300
         300
         300
         300
         300
         300
         300
         300
         300
         300
         300
         300
         300
         300
         300
         300
         300
         300
         300
         300
         300
         300
         300
         300
         300
         300
         300
         300
         300
         300
         300
         300
         300
         300
         300
         300
         300
         300
         300
         300
         300
         300
         300
         300
         300
         300
         300
         300
         300
         300
         300
         300
         300
         300
         300
         300
         300
         300
         300
         300
         300
         300
         300
         300
         300
         300
         300
         300
         300
         300
         300
         300
         300
         300
         300
         300
         300
         300
         300
         300
         300
         300
         300
         300
         300
         300
         300
         300
         300
         300
         300
         300
         300
         300
         300
         300
         300
         300
         300
         300
         300
         300
         300
         300
         300
         300
         300
         300
         300
         300
         300
         300
         300
         300
         300
         300
         300
         300
         300
         300
         300
         300
         300
         300
         300
         300
         300
         300
         300
         300
         300
         300
         300
         300
         300
         300
         300
         300
         300
         300
         300
         300
         300
         300
         300
         300
         300
         300
         300
         300
         300
         300
         300
         300
         300
         300
         300
         300
         300
         300
         300
         300
         300
         300
         300
         300
         300
         300
         300
         300
         300
         300
         300
         300
         300
         300
         300
         300
         300
         300
         300
         300
         300
         300
         300
         300
         300
         300
         300
         300
         300
         300
         300
         300
         300
         300
         300
         300
         300
         300
         300
         300
         300
         300
         300
         300
         300
         300
         300
         300
         300
         300
         300
         300
         300
         300
         300
         300
         300
         300
         300
         300
         300
         300
         300
         300
         300
         300
         300
         300
         300
         300
         300
         300
         300
         300
         300
         300
         300
         300
         300
         300
         300
         300
         300
         300
         300
         300
         300
         300
         300
         300
         300
         300
         300
         300
         300
         300
         300
         300
         300
         300
         300
         300
         300
         300
         300
         300
         300
         300
         300
         300
         300
         300
         300
         300
         300
         300
         300
         300
         300
         300
         300
         300
         300
         300
         300
         300
         300
         300
         300
         300
         300
         300
         300
         300
         300
         300
         300
         300
         300
         300
         300
         300
         300
         300
         300
         300
         300
         300
         300
         300
         300
         300
         300
         300
         300
         300
         300
         300
         300
         300
         300
         300
         300
         300
         300
         300
         300
         300
         300
         300
         300
         300
         300
         300
         300
         300
         300
         300
         300
         300
         300
         300
         300
         300
         300
         300
         300
         300
         300
         300
         300
         300
         300
         300
         300
         300
         300
         300
         300
         300
         300
         300
         300
         300
         300
         300
         300
         300
         300
         300
         300
         300
         300
         300
         300
         300
         300
         300
         300
         300
         300
         300
         300
         300
         300
         300
         300
         300
         300
         300
         300
         300
         300
         300
         300
         300
         300
         300
         300
         300
         300
         300
         300
         300
         300
         300
         300
         300
         300
         300
         300
         300
         300
         300
         300
         300
         300
         300
         300
         300
         300
         300
         300
         300
         300
         300
         300
         300
         300
         300
         300
         300
         300
         300
         300
         300
         300
         300
         300
         300
         300
         300
         300
         300
         300
         300
         300
         300
         300
         300
         300
         300
         300
         300
         300
         300
         300
         300
         300
         300
         300
         300
         300
         300
         300
         300
         300
         300
         300
         300
         300
         300
         300
         300
         300
         300
         300
         300
         300
         300
         300
         300
         300
         300
         300
         300
         300
         300
         300
         300
         300
         300
         300
         300
         300
         300
         300
         300
         300
         300
         300
         300
         300
         300
         300
         300
         300
         300
         300
         300
         300
         300
         300
         300
         300
         300
         300
         300
         300
         300
         300
         300
         300
         300
         300
         300
         300
         300
         300
         300
         300
         300
         300
         300
         300
         300
         300
         300
         300
         300
         300
         300
         300
         300
         300
         300
         300
         300
         300
         300
         300
         300
         300
         300
         300
         300
         300
         300
         300
         300
         300
         300
         300
         300
         300
         300
         300
         300
         300
         300
         300
         300
         300
         300
         300
         300
         300
         300
         300
         300
         300
         300
         300
         300
         300
         300
         300
         300
         300
         300
         300
         300
         300
         300
         300
         300
         300
         300
         300
         300
         300
         300
         300
         300
         300
         300
         300
         300
         300
         300
         300
         300
         300
         300
         300
         300
         300
         300
         300
         300
         300
         300
         300
         300
         300
         300
         300
         300
         300
         300
         300
         300
         300
         300
         300
         300
         300
         300
         300
         300
         300
         300
         300
         300
         300
         300
         300
         300
         300
         300
         300
         300
         300
         300
         300
         300
         300
         300
         300
         300
         300
         300
         300
         300
         300
         300
         300
         300
         300
         300
         300
         300
         300
         300
         300
         300
         300
         300
         300
         300
         300
         300
         300
         300
         300
         300
         300
         300
         300
         300
         300
         300
         300
         300
         300
         300
         300
         300
         300
         300
         300
         300
         300
         300
         300
         300
         300
         300
         300
         300
         300
         300
         300
         300
         300
         300
         300
         300
         300
         300
         300
         300
         300
         300
         300
         300
         300
         300
         300
         300
         300
         300
         300
         300
         300
         300
         300
         300
         300
         300
         300
         300
         300
         300
         300
         300
         300
         300
         300
         300
         300
         300
         300
         300
         300
         300
         300
         300
         300
         300
         300
         300
         300
         300
         300
         300
         300
         300
         300
         300
         300
         300
         300
         300
         300
         300
         300
         300
         300
         300
         300
         300
         300
         300
         300
         300
         300
         300
         300
         300
         300
         300
         300
         300
         300
         300
         300
         300
         300
         300
         300
         300
         300
         300
         300
         300
         300
         300
         300
         300
         300
         300
         300
         300
         300
         300
         300
         300
         300
         300
         300
         300
         300
         300
         300
         300
         300
         300
         300
         300
         300
         300
         300
         300
         300
         300
         300
         300
         300
         300
         300
         300
         300
         300
         300
         300
         300
         300
         300
         300
         300
         300
         300
         300
         300
         300
         300
         300
         300
         300
         300
         300
         300
         300
         300
         300
         300
         300
         300
         300
         300
         300
         300
         300
         300
         300
         300
         300
         300
         300
         300
         300
         300
         300
         300
         300
         300
         300
         300
         300
         300
         300
         300
         300
         300
         300
         300
         300
         300
         300
         300
         300
         300
         300
         300
         300
         300
         300
         300
         300
         300
         300
         300
         300
         300
         300
         300
         300
         300
         300
         300
         300
         300
         300
         300
         300
         300
         300
         300
         300
         300
         300
         300
         300
         300
         300
         300
         300
         300
         300
         300
         300
         300
         300
         300
         300
         300
         300
         300
         300
         300
         300
         300
         300
         300
         300
         300
         300
         300
         300
         300
         300
         300
         300
         300
         300
         300
         300
         300
         300
         300
         300
         300
         300
         300
         300
         300
         300
         300
         300
         300
         300
         300
         300
         300
         300
         300
         300
         300
         300
         300
         300
         300
         300
         300
         300
         300
         300
         300
         300
         300
         300
         300
         300
         300
         300
         300
         300
         300
         300
         300
         300
         300
         300
         300
         300
         300
         300
         300
         300
         300
         300
         300
         300
         300
         300
         300
         300
         300
         300
         300
         300
         300
         300
         300
         300
         300
         300
         300
         300
         300
         300
         300
         300
         300
         300
         300
         300
         300
         300
         300
         300
         300
         300
         300
         300
         300
         300
         300
         300
         300
         300
         300
         300
         300
         300
         300
         300
         300
         300
         300
         300
         300
         300
         300
         300
         300
         300
         300
         300
         300
         300
         300
         300
         300
         300
         300
         300
         300
         300
         300
         300
         300
         300
         300
         300
         300
         300
         300
         300
         300
         300
         300
         300
         300
         300
         300
         300
         300
         300
         300
         300
         300
         300
         300
         300
         300
         300
         300
         300
         300
         300
         300
         300
         300
         300
         300
         300
         300
         300
         300
         300
         300
         300
         300
         300
         300
         300
         300
         300
         300
         300
         300
         300
         300
         300
         300
         300
         300
         300
         300
         300
         300
         300
         300
         300
         300
         300
         300
         300
         300
         300
         300
         300
         300
         300
         300
         300
         300
         300
         300
         300
         300
         300
         300
         300
         300
         300
         300
         300
         300
         300
         300
         300
         300
         300
         300
         300
         300
         300
         300
         300
         300
         300
         300
         300
         300
         300
         300
         300
         300
         300
         300
         300
         300
         300
         300
         300
         300
         300
         300
         300
         300
         300
         300
         300
         300
         300
         300
         300
         300
         300
         300
         300
         300
         300
         300
         300
         300
         300
         300
         300
         300
         300
         300
         300
         300
         300
         300
         300
         300
         300
         300
         300
         300
         300
         300
         300
         300
         300
         300
         300
         300
         300
         300
         300
         300
         300
         300
         300
         300
         300
         300
         300
         300
         300
         300
         300
         300
         300
         300
         300
         300
         300
         300
         300
         300
         300
         300
         300
         300
         300
         300
         300
         300
         300
         300
         300
         300
         300
         300
         300
         300
         300
         300
         300
         300
         300
         300
         300
         300
         300
         300
         300
         300
         300
         300
         300
         300
         300
         300
         300
         300
         300
         300
         300
         300
         300
         300
         300
         300
         300
         300
         300
         300
         300
         300
         300
         300
         300
         300
         300
         300
         300
         300
         300
         300
         300
         300
         300
         300
         300
         300
         300
         300
         300
         300
         300
         300
         300
         300
         300
         300
         300
         300
         300
         300
         300
         300
         300
         300
         300
         300
         300
         300
         300
         300
         300
         300
         300
         300
         300
         300
         300
         300
         300
         300
         300
         300
         300
         300
         300
         300
         300
         300
         300
         300
         300
         300
         300
         300
         300
         300
         300
         300
         300
         300
         300
         300
         300
         300
         300
         300
         300
         300
         300
         300
         300
         300
         300
         300
         300
         300
         300
         300
         300
         300
         300
         300
         300
         300
         300
         300
         300
         300
         300
         300
         300
         300
         300
         300
         300
         300
         300
         300
         300
         300
         300
         300
         300
         300
         300
         300
         300
         300
         300
         300
         300
         300
         300
         300
         300
         300
         300
         300
         300
         300
         300
         300
         300
         300
         300
         300
         300
         300
         300
         300
         300
         300
         300
         300
         300
         300
         300
         300
         300
         300
         300
         300
         300
         300
         300
         300
         300
         300
         300
         300
         300
         300
         300
         300
         300
         300
         300
         300
         300
         300
         300
         300
         300
         300
         300
         300
         300
         300
         300
         300
         300
         300
         300
         300
         300
         300
         300
         300
         300
         300
         300
         300
         300
         300
         300
         300
         300
         300
         300
         300
         300
         300
         300
         300
         300
         300
         300
         300
         300
         300
         300
         300
         300
         300
         300
         300
         300
         300
         300
         300
         300
         300
         300
         300
         300
         300
         300
         300
         300
         300
         300
         300
         300
         300
         300
         300
         300
         300
         300
         300
         300
         300
         300
         300
         300
         300
         300
         300
         300
         300
         300
         300
         300
         300
         300
         300
         300
         300
         300
         300
         300
         300
         300
         300
         300
         300
         300
         300
         300
         300
         300
         300
         300
         300
         300
         300
         300
         300
         300
         300
         300
         300
         300
         300
         300
         300
         300
         300
         300
         300
         300
         300
         300
         300
         300
         300
         300
