  0.422898960000000       1.543580000000001E-003  0.000000000000000E+000
  0.435837360000000       1.527900000000001E-003  4.000000000000000E-008
  0.444936000000000       1.512340000000000E-003  0.000000000000000E+000
  0.452705160000000       1.810040000000001E-003  0.000000000000000E+000
  0.516912960000000       2.389020000000000E-003  1.600000000000000E-007
  0.672749520000000       3.960600000000001E-003  5.600000000000000E-007
  0.750435000000000       4.153880000000000E-003  3.300000000000000E-006
  0.479002680000000       2.020420000000000E-003  2.260000000000000E-006
  7.068048000000000E-002  5.288000000000000E-005  0.000000000000000E+000
  2.167560000000000E-002  1.140000000000000E-005  0.000000000000000E+000
  2.887200000000000E-004  0.000000000000000E+000  0.000000000000000E+000
  8.296800000000000E-004  0.000000000000000E+000  0.000000000000000E+000
  4.086000000000000E-004  0.000000000000000E+000  0.000000000000000E+000
  4.599600000000000E-004  0.000000000000000E+000  0.000000000000000E+000
  1.756920000000000E-003  0.000000000000000E+000  0.000000000000000E+000
  7.114800000000002E-003  6.000000000000001E-008  0.000000000000000E+000
  4.471092000000001E-002  7.699999999999999E-006  0.000000000000000E+000
  0.298957920000000       7.989799999999999E-004  0.000000000000000E+000
  0.600908400000000       2.996400000000000E-003  1.800000000000000E-007
  6.240395999999998E-002  9.304000000000002E-005  0.000000000000000E+000
  0.000000000000000E+000  0.000000000000000E+000  0.000000000000000E+000
  0.000000000000000E+000  0.000000000000000E+000  0.000000000000000E+000
  0.000000000000000E+000  0.000000000000000E+000  0.000000000000000E+000
  6.000000000000000E-007  0.000000000000000E+000  0.000000000000000E+000
  0.000000000000000E+000  0.000000000000000E+000  0.000000000000000E+000
  2.400000000000000E-007  0.000000000000000E+000  0.000000000000000E+000
  5.327999999999999E-004  0.000000000000000E+000  0.000000000000000E+000
  3.465048000000000E-002  6.900000000000000E-006  0.000000000000000E+000
  0.447260640000000       1.638800000000000E-003  8.400000000000001E-007
  0.133709880000000       3.779399999999999E-004  0.000000000000000E+000
  0.000000000000000E+000  0.000000000000000E+000  0.000000000000000E+000
  0.000000000000000E+000  0.000000000000000E+000  0.000000000000000E+000
  0.000000000000000E+000  0.000000000000000E+000  0.000000000000000E+000
  0.000000000000000E+000  0.000000000000000E+000  0.000000000000000E+000
  0.000000000000000E+000  0.000000000000000E+000  0.000000000000000E+000
  0.000000000000000E+000  0.000000000000000E+000  0.000000000000000E+000
  3.588000000000000E-005  0.000000000000000E+000  0.000000000000000E+000
  4.695000000000000E-003  0.000000000000000E+000  0.000000000000000E+000
  0.212972040000000       4.170599999999999E-004  0.000000000000000E+000
  0.270121920000000       9.583400000000001E-004  0.000000000000000E+000
  0.000000000000000E+000  0.000000000000000E+000  0.000000000000000E+000
  0.000000000000000E+000  0.000000000000000E+000  0.000000000000000E+000
  0.000000000000000E+000  0.000000000000000E+000  0.000000000000000E+000
  0.000000000000000E+000  0.000000000000000E+000  0.000000000000000E+000
  0.000000000000000E+000  0.000000000000000E+000  0.000000000000000E+000
  0.000000000000000E+000  0.000000000000000E+000  0.000000000000000E+000
  0.000000000000000E+000  0.000000000000000E+000  0.000000000000000E+000
  7.188000000000000E-005  0.000000000000000E+000  0.000000000000000E+000
  8.279520000000000E-002  8.492000000000001E-005  0.000000000000000E+000
  0.507401160000000       1.993399999999999E-003  1.620000000000000E-006
   1.29874152000000       1.228390000000001E-002  0.000000000000000E+000
   1.21792008000000       1.449464000000000E-002  0.000000000000000E+000
   1.04938416000000       9.001500000000001E-003  0.000000000000000E+000
  0.804768600000000       5.929560000000000E-003  0.000000000000000E+000
  0.551280360000000       2.217500000000000E-003  0.000000000000000E+000
  7.623768000000000E-002  3.710000000000000E-005  0.000000000000000E+000
  1.768716000000000E-002  0.000000000000000E+000  0.000000000000000E+000
  0.000000000000000E+000  0.000000000000000E+000  0.000000000000000E+000
  0.000000000000000E+000  0.000000000000000E+000  0.000000000000000E+000
  0.000000000000000E+000  0.000000000000000E+000  0.000000000000000E+000
  0.123565800000000       1.002000000000000E-004  0.000000000000000E+000
  0.113365920000000       1.250400000000000E-004  0.000000000000000E+000
  0.114283320000000       4.810000000000000E-005  0.000000000000000E+000
  0.188434080000000       4.583000000000000E-004  0.000000000000000E+000
  0.342810240000000       9.814400000000001E-004  0.000000000000000E+000
  0.842576280000000       5.278439999999998E-003  1.940000000000000E-006
   2.02475244000000       3.221448000000000E-002  8.799999999999999E-007
  0.193362360000000       5.020199999999999E-004  0.000000000000000E+000
  3.116280000000000E-003  0.000000000000000E+000  0.000000000000000E+000
  3.816000000000000E-005  0.000000000000000E+000  0.000000000000000E+000
  1.308000000000000E-005  0.000000000000000E+000  0.000000000000000E+000
  6.480000000000000E-005  0.000000000000000E+000  0.000000000000000E+000
  0.000000000000000E+000  0.000000000000000E+000  0.000000000000000E+000
  4.464000000000000E-005  0.000000000000000E+000  0.000000000000000E+000
  7.352400000000001E-004  0.000000000000000E+000  0.000000000000000E+000
  7.198680000000000E-003  0.000000000000000E+000  0.000000000000000E+000
  0.163338000000000       7.216000000000001E-005  0.000000000000000E+000
   1.54501644000000       1.963038000000001E-002  1.104000000000000E-005
  8.302199999999999E-003  0.000000000000000E+000  0.000000000000000E+000
  0.000000000000000E+000  0.000000000000000E+000  0.000000000000000E+000
  0.000000000000000E+000  0.000000000000000E+000  0.000000000000000E+000
  0.000000000000000E+000  0.000000000000000E+000  0.000000000000000E+000
  0.000000000000000E+000  0.000000000000000E+000  0.000000000000000E+000
  0.000000000000000E+000  0.000000000000000E+000  0.000000000000000E+000
  0.000000000000000E+000  0.000000000000000E+000  0.000000000000000E+000
  1.800000000000000E-006  0.000000000000000E+000  0.000000000000000E+000
  3.708839999999999E-003  0.000000000000000E+000  0.000000000000000E+000
  0.425506560000000       1.380640000000000E-003  0.000000000000000E+000
  4.321200000000001E-002  1.250600000000000E-004  0.000000000000000E+000
  1.572000000000000E-005  0.000000000000000E+000  0.000000000000000E+000
  0.000000000000000E+000  0.000000000000000E+000  0.000000000000000E+000
  0.000000000000000E+000  0.000000000000000E+000  0.000000000000000E+000
  0.000000000000000E+000  0.000000000000000E+000  0.000000000000000E+000
  0.000000000000000E+000  0.000000000000000E+000  0.000000000000000E+000
  0.000000000000000E+000  0.000000000000000E+000  0.000000000000000E+000
  0.000000000000000E+000  0.000000000000000E+000  0.000000000000000E+000
  1.886400000000000E-004  0.000000000000000E+000  0.000000000000000E+000
  5.280156000000000E-002  2.590000000000000E-005  0.000000000000000E+000
  0.623869080000000       3.266340000000001E-003  4.000000000000000E-008
  3.772800000000000E-004  0.000000000000000E+000  0.000000000000000E+000
  9.205535999999999E-002  0.000000000000000E+000  0.000000000000000E+000
  4.198800000000000E-004  0.000000000000000E+000  0.000000000000000E+000
  5.707152000000000E-002  0.000000000000000E+000  0.000000000000000E+000
  0.131343360000000       0.000000000000000E+000  0.000000000000000E+000
  1.848000000000000E-005  0.000000000000000E+000  0.000000000000000E+000
  7.168800000000000E-004  0.000000000000000E+000  0.000000000000000E+000
  0.000000000000000E+000  0.000000000000000E+000  0.000000000000000E+000
  0.000000000000000E+000  0.000000000000000E+000  0.000000000000000E+000
  0.000000000000000E+000  0.000000000000000E+000  0.000000000000000E+000
  0.000000000000000E+000  0.000000000000000E+000  0.000000000000000E+000
   5.59512264000000       0.228691420000000       1.840000000000000E-006
   5.47308324000000       0.220924940000000       4.360000000000001E-006
   5.67489540000000       0.240426540000000       8.300000000000000E-006
   6.17507304000000       0.276198840000000       5.439999999999999E-006
   6.19464240000000       0.254441440000000       9.140000000000001E-006
   3.35612652000000       6.878258000000001E-002  8.480000000000000E-006
  0.122827800000000       2.240000000000000E-006  0.000000000000000E+000
  0.000000000000000E+000  0.000000000000000E+000  0.000000000000000E+000
  0.000000000000000E+000  0.000000000000000E+000  0.000000000000000E+000
  0.000000000000000E+000  0.000000000000000E+000  0.000000000000000E+000
  2.570279999999999E-002  0.000000000000000E+000  0.000000000000000E+000
  2.728068000000001E-002  0.000000000000000E+000  0.000000000000000E+000
  2.823132000000000E-002  0.000000000000000E+000  0.000000000000000E+000
  6.528708000000000E-002  4.708000000000000E-005  0.000000000000000E+000
  0.202855560000000       5.753400000000000E-004  0.000000000000000E+000
   1.03658232000000       1.005148000000000E-002  0.000000000000000E+000
   4.32833412000000       0.130829320000000       5.500000000000001E-006
  1.179564000000000E-002  0.000000000000000E+000  0.000000000000000E+000
  0.000000000000000E+000  0.000000000000000E+000  0.000000000000000E+000
  1.440000000000000E-006  0.000000000000000E+000  0.000000000000000E+000
  9.600000000000001E-007  0.000000000000000E+000  0.000000000000000E+000
  6.000000000000000E-007  0.000000000000000E+000  0.000000000000000E+000
  0.000000000000000E+000  0.000000000000000E+000  0.000000000000000E+000
  2.874000000000000E-004  0.000000000000000E+000  0.000000000000000E+000
  3.338400000000000E-004  0.000000000000000E+000  0.000000000000000E+000
  1.343051999999999E-002  0.000000000000000E+000  0.000000000000000E+000
  0.530505960000000       2.717300000000000E-003  0.000000000000000E+000
   1.61528844000000       2.126984000000001E-002  1.100000000000000E-006
  8.416920000000000E-003  0.000000000000000E+000  0.000000000000000E+000
  0.000000000000000E+000  0.000000000000000E+000  0.000000000000000E+000
  0.000000000000000E+000  0.000000000000000E+000  0.000000000000000E+000
  0.000000000000000E+000  0.000000000000000E+000  0.000000000000000E+000
  0.000000000000000E+000  0.000000000000000E+000  0.000000000000000E+000
  0.000000000000000E+000  0.000000000000000E+000  0.000000000000000E+000
  0.000000000000000E+000  0.000000000000000E+000  0.000000000000000E+000
  0.000000000000000E+000  0.000000000000000E+000  0.000000000000000E+000
  1.631148000000000E-002  0.000000000000000E+000  0.000000000000000E+000
   2.66204412000000       5.780616000000000E-002  1.800000000000000E-006
  0.000000000000000E+000  0.000000000000000E+000  0.000000000000000E+000
  0.000000000000000E+000  0.000000000000000E+000  0.000000000000000E+000
  4.933716000000000E-002  0.000000000000000E+000  0.000000000000000E+000
  0.000000000000000E+000  0.000000000000000E+000  0.000000000000000E+000
  3.599688000000000E-002  0.000000000000000E+000  0.000000000000000E+000
  0.000000000000000E+000  0.000000000000000E+000  0.000000000000000E+000
  0.000000000000000E+000  0.000000000000000E+000  0.000000000000000E+000
  0.000000000000000E+000  0.000000000000000E+000  0.000000000000000E+000
  5.054376000000001E-002  0.000000000000000E+000  0.000000000000000E+000
  0.000000000000000E+000  0.000000000000000E+000  0.000000000000000E+000
  0.000000000000000E+000  0.000000000000000E+000  0.000000000000000E+000
  0.000000000000000E+000  0.000000000000000E+000  0.000000000000000E+000
   3.15861036000000       1.768860000000000E-002  3.000000000000000E-007
   3.52925784000000       1.154082000000000E-002  0.000000000000000E+000
   3.45349344000000       1.605590000000000E-002  0.000000000000000E+000
   2.23285272000000       9.261600000000001E-004  0.000000000000000E+000
  0.667721040000000       0.000000000000000E+000  0.000000000000000E+000
  0.145568520000000       0.000000000000000E+000  0.000000000000000E+000
  3.154800000000000E-004  0.000000000000000E+000  0.000000000000000E+000
  0.000000000000000E+000  0.000000000000000E+000  0.000000000000000E+000
  1.107600000000000E-004  0.000000000000000E+000  0.000000000000000E+000
  0.000000000000000E+000  0.000000000000000E+000  0.000000000000000E+000
   2.72655768000000       5.148418000000001E-002  0.000000000000000E+000
   3.08011896000000       6.895746000000000E-002  0.000000000000000E+000
   3.82239828000000       9.819927999999999E-002  8.000000000000000E-008
   4.82649804000000       0.146575540000000       0.000000000000000E+000
   7.54562568000000       0.293187020000000       1.620000000000000E-006
   8.39190468000000       0.220275840000000       6.340000000000000E-006
  0.447073440000000       1.588000000000000E-005  0.000000000000000E+000
  0.000000000000000E+000  0.000000000000000E+000  0.000000000000000E+000
  0.000000000000000E+000  0.000000000000000E+000  0.000000000000000E+000
  0.000000000000000E+000  0.000000000000000E+000  0.000000000000000E+000
  8.366400000000001E-003  0.000000000000000E+000  0.000000000000000E+000
  3.922080000000000E-003  0.000000000000000E+000  0.000000000000000E+000
  1.603860000000000E-002  0.000000000000000E+000  0.000000000000000E+000
  2.783520000000001E-002  0.000000000000000E+000  0.000000000000000E+000
  0.104142240000000       2.828000000000000E-005  0.000000000000000E+000
   1.30774884000000       1.319438000000000E-002  0.000000000000000E+000
   7.30434564000000       0.231265720000000       4.320000000000000E-006
  4.549404000000000E-002  0.000000000000000E+000  0.000000000000000E+000
  0.000000000000000E+000  0.000000000000000E+000  0.000000000000000E+000
  0.000000000000000E+000  0.000000000000000E+000  0.000000000000000E+000
  0.000000000000000E+000  0.000000000000000E+000  0.000000000000000E+000
  0.000000000000000E+000  0.000000000000000E+000  0.000000000000000E+000
  0.000000000000000E+000  0.000000000000000E+000  0.000000000000000E+000
  0.000000000000000E+000  0.000000000000000E+000  0.000000000000000E+000
  0.000000000000000E+000  0.000000000000000E+000  0.000000000000000E+000
  6.898920000000000E-003  0.000000000000000E+000  0.000000000000000E+000
   1.80861744000000       2.765518000000000E-002  2.000000000000000E-008
  0.644248680000000       3.363440000000000E-003  0.000000000000000E+000
  0.000000000000000E+000  0.000000000000000E+000  0.000000000000000E+000
  0.000000000000000E+000  0.000000000000000E+000  0.000000000000000E+000
  0.000000000000000E+000  0.000000000000000E+000  0.000000000000000E+000
  0.119998320000000       0.000000000000000E+000  0.000000000000000E+000
  0.119999640000000       0.000000000000000E+000  0.000000000000000E+000
  0.000000000000000E+000  0.000000000000000E+000  0.000000000000000E+000
  0.107834520000000       0.000000000000000E+000  0.000000000000000E+000
  0.000000000000000E+000  0.000000000000000E+000  0.000000000000000E+000
  0.000000000000000E+000  0.000000000000000E+000  0.000000000000000E+000
  0.000000000000000E+000  0.000000000000000E+000  0.000000000000000E+000
  0.000000000000000E+000  0.000000000000000E+000  0.000000000000000E+000
  0.000000000000000E+000  0.000000000000000E+000  0.000000000000000E+000
   1.63413420000000       0.000000000000000E+000  0.000000000000000E+000
   2.26927968000000       0.000000000000000E+000  0.000000000000000E+000
   1.40420616000000       0.000000000000000E+000  0.000000000000000E+000
   1.77923412000000       0.000000000000000E+000  0.000000000000000E+000
  0.462522360000000       0.000000000000000E+000  0.000000000000000E+000
  0.354458520000000       0.000000000000000E+000  0.000000000000000E+000
  0.119990040000000       0.000000000000000E+000  0.000000000000000E+000
  8.686235999999999E-002  0.000000000000000E+000  0.000000000000000E+000
  0.000000000000000E+000  0.000000000000000E+000  0.000000000000000E+000
  0.000000000000000E+000  0.000000000000000E+000  0.000000000000000E+000
   16.5943395600000       0.195473600000000       5.600000000000000E-006
   15.2401887600000       0.195441960000000       1.000000000000000E-007
   16.3282394400000       0.163964660000000       1.800000000000000E-006
   13.3119933600000       0.109382280000000       0.000000000000000E+000
   7.46989824000000       2.325433999999999E-002  0.000000000000000E+000
   2.52204120000000       7.724000000000000E-005  0.000000000000000E+000
  0.138403680000000       1.673860000000000E-003  0.000000000000000E+000
  0.000000000000000E+000  0.000000000000000E+000  0.000000000000000E+000
  0.000000000000000E+000  0.000000000000000E+000  0.000000000000000E+000
  0.000000000000000E+000  0.000000000000000E+000  0.000000000000000E+000
   1.06430196000000       6.298420000000002E-003  0.000000000000000E+000
   1.10624124000000       8.661839999999999E-003  0.000000000000000E+000
   1.73677728000000       1.642952000000000E-002  0.000000000000000E+000
   2.67381060000000       2.554830000000001E-002  0.000000000000000E+000
   6.84813420000000       0.141075160000000       0.000000000000000E+000
   12.8661829200000       0.197819540000000       0.000000000000000E+000
   1.49961096000000       2.289740000000000E-003  0.000000000000000E+000
  0.000000000000000E+000  0.000000000000000E+000  0.000000000000000E+000
  0.000000000000000E+000  0.000000000000000E+000  0.000000000000000E+000
  0.000000000000000E+000  0.000000000000000E+000  0.000000000000000E+000
  1.542840000000000E-003  0.000000000000000E+000  0.000000000000000E+000
  3.362400000000000E-004  0.000000000000000E+000  0.000000000000000E+000
  1.315440000000000E-003  0.000000000000000E+000  0.000000000000000E+000
  4.609319999999999E-003  0.000000000000000E+000  0.000000000000000E+000
  6.505488000000001E-002  0.000000000000000E+000  0.000000000000000E+000
   1.68110808000000       1.669238000000000E-002  0.000000000000000E+000
   9.66645432000000       0.161427860000000       8.580000000000001E-006
  0.108590040000000       0.000000000000000E+000  0.000000000000000E+000
  0.000000000000000E+000  0.000000000000000E+000  0.000000000000000E+000
  0.000000000000000E+000  0.000000000000000E+000  0.000000000000000E+000
  2.300700000000000E-002  0.000000000000000E+000  0.000000000000000E+000
  0.000000000000000E+000  0.000000000000000E+000  0.000000000000000E+000
  0.000000000000000E+000  0.000000000000000E+000  0.000000000000000E+000
  0.000000000000000E+000  0.000000000000000E+000  0.000000000000000E+000
  0.000000000000000E+000  0.000000000000000E+000  0.000000000000000E+000
  0.000000000000000E+000  0.000000000000000E+000  0.000000000000000E+000
  0.000000000000000E+000  0.000000000000000E+000  0.000000000000000E+000
  0.000000000000000E+000  0.000000000000000E+000  0.000000000000000E+000
  0.000000000000000E+000  0.000000000000000E+000  0.000000000000000E+000
  1.700772000000000E-002  0.000000000000000E+000  0.000000000000000E+000
   1.93787388000000       0.000000000000000E+000  0.000000000000000E+000
   1.47465492000000       0.000000000000000E+000  0.000000000000000E+000
   1.78526484000000       0.000000000000000E+000  0.000000000000000E+000
   1.16114640000000       0.000000000000000E+000  0.000000000000000E+000
  0.949230120000000       0.000000000000000E+000  0.000000000000000E+000
  9.460656000000001E-002  0.000000000000000E+000  0.000000000000000E+000
  0.119994960000000       0.000000000000000E+000  0.000000000000000E+000
  0.000000000000000E+000  0.000000000000000E+000  0.000000000000000E+000
  0.000000000000000E+000  0.000000000000000E+000  0.000000000000000E+000
  0.000000000000000E+000  0.000000000000000E+000  0.000000000000000E+000
   14.0058111600000       1.897378000000000E-002  0.000000000000000E+000
   12.5812743600000       1.555468000000000E-002  6.140000000000000E-006
   12.8505507600000       1.388230000000000E-002  0.000000000000000E+000
   9.24778164000000       2.109542000000000E-002  0.000000000000000E+000
   4.84680756000000       3.609200000000000E-004  0.000000000000000E+000
   1.25692872000000       0.000000000000000E+000  0.000000000000000E+000
  0.247050960000000       0.000000000000000E+000  0.000000000000000E+000
  0.000000000000000E+000  0.000000000000000E+000  0.000000000000000E+000
  0.000000000000000E+000  0.000000000000000E+000  0.000000000000000E+000
  0.000000000000000E+000  0.000000000000000E+000  0.000000000000000E+000
   17.6115912000000       0.139489520000000       1.620000000000000E-006
   15.8513960400000       0.176028080000000       0.000000000000000E+000
   16.3399010400000       0.146705560000000       0.000000000000000E+000
   18.5128010400000       0.122031920000000       0.000000000000000E+000
   16.8193500000000       8.642553999999998E-002  0.000000000000000E+000
   9.84346080000000       2.149920000000000E-003  0.000000000000000E+000
  0.865663440000000       0.000000000000000E+000  0.000000000000000E+000
  0.000000000000000E+000  0.000000000000000E+000  0.000000000000000E+000
  0.000000000000000E+000  0.000000000000000E+000  0.000000000000000E+000
  0.000000000000000E+000  0.000000000000000E+000  0.000000000000000E+000
  0.246513480000000       1.334000000000000E-005  0.000000000000000E+000
  0.410247120000000       5.176800000000000E-004  0.000000000000000E+000
  0.356156880000000       4.278400000000000E-004  0.000000000000000E+000
  0.883732920000000       1.528400000000000E-003  0.000000000000000E+000
   4.56028452000000       2.828246000000000E-002  0.000000000000000E+000
   17.7975966000000       0.209933420000000       8.540000000000001E-006
   3.21365112000000       0.000000000000000E+000  0.000000000000000E+000
  0.000000000000000E+000  0.000000000000000E+000  0.000000000000000E+000
  0.000000000000000E+000  0.000000000000000E+000  0.000000000000000E+000
  0.000000000000000E+000  0.000000000000000E+000  0.000000000000000E+000
   11.3760489600000       5.467160000000000E-003  0.000000000000000E+000
   10.5800587200000       6.861880000000000E-003  2.200000000000000E-007
   11.6820093600000       0.000000000000000E+000  0.000000000000000E+000
   9.27461508000000       0.000000000000000E+000  0.000000000000000E+000
   5.81570712000000       0.000000000000000E+000  0.000000000000000E+000
   1.40822412000000       0.000000000000000E+000  0.000000000000000E+000
  0.504257880000000       0.000000000000000E+000  0.000000000000000E+000
  1.648584000000000E-002  0.000000000000000E+000  0.000000000000000E+000
  0.000000000000000E+000  0.000000000000000E+000  0.000000000000000E+000
  0.000000000000000E+000  0.000000000000000E+000  0.000000000000000E+000
   21.2545059600000       8.511640000000001E-003  0.000000000000000E+000
   20.1889474800000       1.810178000000000E-002  0.000000000000000E+000
   20.8683468000000       3.624320000000000E-003  0.000000000000000E+000
   21.7476105600000       1.033286000000000E-002  0.000000000000000E+000
   16.1566372800000       3.138652000000000E-002  0.000000000000000E+000
   7.60186068000000       2.423920000000000E-003  0.000000000000000E+000
  0.371413680000000       0.000000000000000E+000  0.000000000000000E+000
  0.000000000000000E+000  0.000000000000000E+000  0.000000000000000E+000
  0.000000000000000E+000  0.000000000000000E+000  0.000000000000000E+000
  1.547364000000000E-002  0.000000000000000E+000  0.000000000000000E+000
   9.29755104000000       3.476572000000000E-002  0.000000000000000E+000
   8.16815004000000       2.926917999999999E-002  0.000000000000000E+000
   9.71154840000000       2.401096000000000E-002  0.000000000000000E+000
   14.2476225600000       5.035061999999999E-002  0.000000000000000E+000
   22.9962745200000       5.611932000000000E-002  0.000000000000000E+000
   15.9555734400000       1.489518000000000E-002  0.000000000000000E+000
   1.98995088000000       0.000000000000000E+000  0.000000000000000E+000
  3.581472000000000E-002  0.000000000000000E+000  0.000000000000000E+000
  0.000000000000000E+000  0.000000000000000E+000  0.000000000000000E+000
  1.849896000000000E-002  0.000000000000000E+000  0.000000000000000E+000
   16.0653704400000       8.152019999999999E-003  0.000000000000000E+000
   17.8219604400000       1.461056000000000E-002  0.000000000000000E+000
   16.3516567200000       7.128779999999999E-003  0.000000000000000E+000
   20.3256109200000       5.989660000000000E-003  0.000000000000000E+000
   21.4430118000000       7.595879999999999E-003  0.000000000000000E+000
   18.0368970000000       4.000000000000000E-008  0.000000000000000E+000
   2.33439660000000       0.000000000000000E+000  0.000000000000000E+000
  0.000000000000000E+000  0.000000000000000E+000  0.000000000000000E+000
  0.000000000000000E+000  0.000000000000000E+000  0.000000000000000E+000
  0.000000000000000E+000  0.000000000000000E+000  0.000000000000000E+000
