   160940494.48115700        4.0250000000000001E-007
  -126560563.08209170       -3.1624999999999999E-007
   38940078.086629093        9.7500000000000006E-008
  -9060111.8474646136       -2.2499999999999983E-008
  -197059473.68139809       -4.9249999999999994E-007
   7940717.6501973271        1.9999999999999994E-008
  -13059576.065719835       -3.2500000000000006E-008
  -69058731.541097209       -1.7249999999999999E-007
  -124059188.69054580       -3.1000000000000000E-007
   69941408.285767719        1.7499999999999999E-007
   211941510.77993786        5.3000000000000001E-007
   83440986.699791968        2.0874999999999996E-007
   154940292.07481173        3.8750000000000000E-007
   199940330.66258749        4.9999999999999998E-007
  -91059190.063757122       -2.2749999999999999E-007
  -160559435.10363704       -4.0125000000000002E-007
   185440966.08850819        4.6375000000000001E-007
  -163558593.06920570       -4.0875000000000000E-007
  -170059258.70235279       -4.2500000000000006E-007
   103441323.64617449        2.5875000000000006E-007
   119441087.52369818        2.9875000000000000E-007
   21941254.193606991        5.4999999999999983E-008
  -15058703.899079699       -3.7499999999999998E-008
   200441983.68366456        5.0124999999999997E-007
   97941702.588684350        2.4499999999999993E-007
   58440886.305342823        1.4625000000000000E-007
   30941784.729833513        7.7499999999999999E-008
  -95559034.580476642       -2.3874999999999999E-007
   153941000.46984166        3.8500000000000002E-007
   128441143.66521390        3.2124999999999999E-007
  -56059044.733459048       -1.4000000000000004E-007
   158941782.66480035        3.9750000000000001E-007
  -163558757.35981005       -4.0875000000000000E-007
  -78558267.203676924       -1.9625000000000000E-007
   105941435.43621254        2.6500000000000000E-007
  -295058162.22042668       -7.3750000000000003E-007
   253442695.06161240        6.3375000000000007E-007
   114942732.75177327        2.8750000000000000E-007
  -41557598.113888785       -1.0375000000000001E-007
  -76557840.039440423       -1.9125000000000000E-007
  -135558538.66355595       -3.3874999999999999E-007
   16442114.993459493        4.1249999999999976E-008
   265942184.42260164        6.6499999999999999E-007
   671942166.90177548        1.6800000000000000E-006
  -217556598.36613673       -5.4374999999999998E-007
   70942831.149263799        1.7749999999999999E-007
   179942324.31934240        4.5000000000000003E-007
  -69557586.256584093       -1.7375000000000000E-007
   116441912.78881416        2.9125000000000002E-007
   171942204.53053221        4.3000000000000001E-007
   41441569.319702983        1.0375000000000000E-007
  -15559064.966977872       -3.8749999999999993E-008
  -227059346.45027161       -5.6750000000000007E-007
  -135558858.55813003       -3.3874999999999999E-007
  -65058663.167637900       -1.6249999999999998E-007
  -397058793.78266680       -9.9250000000000003E-007
   7941059.4367035329        1.9999999999999994E-008
  -14059316.656835807       -3.4999999999999983E-008
   698441330.88045573        1.7462500000000000E-006
  -22058539.673357248       -5.5000000000000056E-008
   188441253.85164380        4.7125000000000004E-007
  -394557884.02166092       -9.8625000000000009E-007
   624441598.98216331        1.5612499999999999E-006
   218440744.12618449        5.4625000000000006E-007
  -8057906.5217770934       -2.0000000000000073E-008
   363942200.65687972        9.0999999999999997E-007
   274442621.11998773        6.8624999999999999E-007
   593941976.57289863        1.4850000000000002E-006
  -379557362.88476300       -9.4875000000000002E-007
   145943053.01008990        3.6500000000000000E-007
   195942554.80786604        4.8999999999999997E-007
   135442920.96920627        3.3874999999999999E-007
   917943220.73851240        2.2950000000000000E-006
   238442778.06917191        5.9625000000000001E-007
  -290057454.36677265       -7.2500000000000005E-007
   540443378.29350245        1.3512500000000000E-006
   126443303.17167792        3.1625000000000004E-007
   120442994.85055666        3.0124999999999997E-007
  -276057462.72474301       -6.8999999999999996E-007
   306442334.47079432        7.6624999999999997E-007
   206941683.03823537        5.1750000000000002E-007
  -198058406.38721532       -4.9499999999999992E-007
   307441028.04923654        7.6875000000000005E-007
   289941866.23912227        7.2500000000000005E-007
  -27557379.994874164       -6.8749999999999951E-008
   204442737.48503503        5.1124999999999998E-007
   429942746.64036304        1.0749999999999999E-006
  -4557764.2237737831       -1.1249999999999988E-008
   74442577.002881050        1.8625000000000002E-007
   159443158.34804597        3.9874999999999999E-007
  -64556249.446209446       -1.6125000000000002E-007
   474443370.56235230        1.1862499999999999E-006
  -130055678.29108573       -3.2500000000000001E-007
   22444125.489852391        5.6250000000000017E-008
   141943358.43320689        3.5500000000000004E-007
   45443985.699473210        1.1375000000000000E-007
   159444808.52741718        3.9874999999999989E-007
   51444217.457797512        1.2874999999999998E-007
  -26555836.116338309       -6.6250000000000014E-008
   214944032.60362402        5.3749999999999994E-007
   45443987.662148044        1.1375000000000000E-007
   310444302.03701371        7.7625000000000009E-007
   299944621.01648849        7.5000000000000002E-007
   15944176.990195543        4.0000000000000014E-008
  -128555914.06619652       -3.2124999999999999E-007
   24944711.691058740        6.2499999999999984E-008
   351443521.67766917        8.7874999999999995E-007
   609443972.68524551        1.5237500000000000E-006
   302443652.29900932        7.5624999999999996E-007
   473442710.05665237        1.1837500000000001E-006
   427940941.96912563        1.0700000000000001E-006
  -17059258.798665449       -4.2500000000000017E-008
   186440852.78822777        4.6624999999999993E-007
   385440157.17746162        9.6375000000000009E-007
   831940776.51822495        2.0800000000000000E-006
   15940129.281621754        4.0000000000000001E-008
   430440272.35230738        1.0762499999999999E-006
   368940345.22947699        9.2249999999999996E-007
   419440107.41284633        1.0487499999999999E-006
   420440701.38971472        1.0512500000000001E-006
   142940586.79493940        3.5749999999999997E-007
   329940595.26651907        8.2499999999999994E-007
   79941990.370223895        1.9999999999999999E-007
   244441909.35170180        6.1124999999999997E-007
   12441255.057389468        3.1250000000000018E-008
   207440329.24671060        5.1875000000000001E-007
  -40558281.683185950       -1.0125000000000001E-007
   335940696.38032657        8.4000000000000000E-007
   254940115.04892716        6.3750000000000004E-007
   237938831.00574270        5.9500000000000002E-007
   164439138.33112809        4.1124999999999993E-007
  -127061448.00957380       -3.1750000000000003E-007
   245939000.26970071        6.1500000000000004E-007
   287438478.19033653        7.1874999999999989E-007
   79438037.430855751        1.9875000000000000E-007
   93938458.619990781        2.3500000000000005E-007
  -168061553.74728641       -4.1999999999999995E-007
  -83061245.128483728       -2.0749999999999997E-007
   299439362.12112164        7.4875000000000003E-007
  -88560388.176969945       -2.2125000000000000E-007
   352439856.41338384        8.8125000000000003E-007
   697440882.94567561        1.7437500000000000E-006
   548440967.48932505        1.3712500000000002E-006
   378440963.07137156        9.4625000000000005E-007
   365440744.45096302        9.1375000000000004E-007
   332441095.66987443        8.3124999999999988E-007
   359440162.76218975        8.9875000000000008E-007
  -283059511.33568299       -7.0750000000000011E-007
   520440547.32614493        1.3012500000000000E-006
   177941060.21172324        4.4500000000000008E-007
   1049442720.5412889        2.6237500000000001E-006
   1664441890.5967476        4.1612499999999993E-006
   416943791.63912314        1.0425000000000000E-006
   147943141.52076823        3.6999999999999995E-007
   218443208.62293309        5.4624999999999996E-007
   259443748.73164380        6.4875000000000004E-007
   163944697.42842495        4.0999999999999999E-007
  -35054583.229954876       -8.7499999999999956E-008
   896444788.44084001        2.2412499999999999E-006
   68445702.260566548        1.7125000000000000E-007
   300444879.35707426        7.5125000000000001E-007
   430944259.55812114        1.0775000000000001E-006
   932443180.17910838        2.3312499999999999E-006
   1289942908.6254778        3.2250000000000005E-006
   890442648.83507109        2.2262500000000001E-006
   1400942049.4616981        3.5025000000000003E-006
   819943442.98821282        2.0499999999999999E-006
   1476444324.4940903        3.6912499999999996E-006
   77945111.215549976        1.9500000000000004E-007
   254445107.59684592        6.3625000000000005E-007
   782444705.23735118        1.9562500000000001E-006
   334944114.71194869        8.3750000000000003E-007
   583445658.78148353        1.4587499999999998E-006
   1326445055.6832004        3.3162500000000002E-006
   958945060.07768893        2.3974999999999999E-006
   712943965.68431616        1.7825000000000001E-006
   1077943940.4213669        2.6949999999999996E-006
   1084944293.2367220        2.7124999999999999E-006
   804444435.54578292        2.0112500000000000E-006
  -538555693.65536070       -1.3462500000000000E-006
   996945240.87827003        2.4924999999999999E-006
   880945868.52988815        2.2025000000000001E-006
   753944389.89653182        1.8850000000000002E-006
   3094444056.2277455        7.7362500000000007E-006
   2138443614.0218513        5.3462499999999998E-006
   2368441901.9355154        5.9212500000000003E-006
   3649443525.5363798        9.1237500000000005E-006
   5571441689.1787224        1.3928749999999999E-005
   15298939698.921173        3.8247500000000003E-005
   11061438709.757782        2.7653749999999999E-005
   107128434868.61212        2.6782124999999999E-004
   343431431218.66113        8.5857874999999996E-004
   314759424354.52588        7.8689875000000000E-004
   199309916240.95767        4.9827500000000006E-004
   218054416620.71399        5.4513624999999997E-004
   881550911618.35474        2.2038774999999997E-003
   932244912730.01282        2.3306124999999999E-003
   1047164911545.9399        2.6179124999999998E-003
   1085509410931.7296        2.7137737499999997E-003
   1064361411770.5604        2.6609037500000001E-003
   1110932411790.1155        2.7773312499999999E-003
   1264449912111.0576        3.1611250000000003E-003
   1334680912519.0137        3.3367025000000002E-003
   1326158412534.0742        3.3153962500000003E-003
   1483237413189.0569        3.7080937500000000E-003
   1553336912118.5786        3.8833424999999999E-003
   1664929412223.6018        4.1623237500000004E-003
   1718000413252.8936        4.2950012500000004E-003
   1865176413979.6001        4.6629412500000002E-003
   1866402413872.1592        4.6660062500000002E-003
   1971112412841.2161        4.9277812499999999E-003
   2002885411878.9873        5.0072137500000004E-003
   2095236412535.2644        5.2380912499999993E-003
   2178897413233.9985        5.4472437499999997E-003
   2386280413449.7920        5.9657012500000002E-003
   2537622411478.3418        6.3440562499999997E-003
   2542565912191.1538        6.3564150000000007E-003
   2529875411975.2578        6.3246887499999998E-003
   2757888913097.3906        6.8947225000000004E-003
   2869706411009.1279        7.1742662500000002E-003
   3011846912472.7544        7.5296174999999995E-003
   3168747411796.2476        7.9218687499999999E-003
   3246364412178.3037        8.1159112499999998E-003
   3326014413097.2212        8.3150362499999995E-003
   3444856912591.4097        8.6121425000000012E-003
   3535427411722.8184        8.8385687499999994E-003
   3638375912050.6211        9.0959400000000003E-003
   3684202911413.0889        9.2105074999999995E-003
   3730679911829.5107        9.3267000000000003E-003
   3801246412965.6919        9.5031162500000006E-003
   3773676912302.6372        9.4341924999999990E-003
   3809333414828.1460        9.5233337500000015E-003
   3840905913255.7344        9.6022650000000005E-003
   3831778411784.8350        9.5794462500000000E-003
   3813600412574.7520        9.5340012500000001E-003
   3915833412617.3379        9.7895837500000006E-003
   3912535911303.6333        9.7813399999999995E-003
   3798801412730.3330        9.4970037500000000E-003
   3831577911373.7129        9.5789450000000002E-003
   3853763413611.6289        9.6344087500000002E-003
   3886772412801.1699        9.7169312500000014E-003
   3971514912500.3877        9.9287875000000012E-003
   3948933411014.4258        9.8723337500000001E-003
   3791728412671.6748        9.4793212500000005E-003
   3977729911273.7661        9.9443250000000004E-003
   3840522911200.2871        9.6013074999999996E-003
   3969337412425.0205        9.9233437500000007E-003
   3863261912814.2754        9.6581549999999999E-003
   3861666411903.8931        9.6541662500000004E-003
   3819182912038.1938        9.5479574999999990E-003
   3780613412132.0029        9.4515337500000011E-003
   3824587414495.7690        9.5614687499999997E-003
   3942074411747.1426        9.8551862500000000E-003
   3819206412682.1689        9.5480162500000011E-003
   3838660911765.9141        9.5966525000000004E-003
   3904582412226.3125        9.7614562499999998E-003
   3868123911838.7866        9.6703099999999997E-003
   3789722411982.8906        9.4743062499999999E-003
   3655063412794.6821        9.1376587499999995E-003
   3758791413224.8350        9.3969787499999999E-003
   3681217413330.0098        9.2030437500000006E-003
   3876009412323.7007        9.6900237500000003E-003
   3861496912753.8438        9.6537424999999996E-003
   3851209910279.0303        9.6280250000000001E-003
   3809161911357.7622        9.5229049999999999E-003
   3812352911059.2534        9.5308825000000007E-003
   3897792910729.9883        9.7444825000000002E-003
   3925887912999.3335        9.8147199999999990E-003
   3894554911201.5396        9.7363875000000006E-003
   3958524910307.5449        9.8963125000000006E-003
   3917961411379.1079        9.7949037500000002E-003
   3933099411537.6201        9.8327487500000001E-003
   3920038913245.9004        9.8000975000000004E-003
   3874201911043.4141        9.6855050000000005E-003
   3868666411780.6328        9.6716662500000005E-003
   3938956411454.4585        9.8473912500000003E-003
   3842499412504.3232        9.6062487499999991E-003
   3999737410274.4990        9.9993437500000004E-003
   3908251912253.1377        9.7706300000000006E-003
   3911219411617.8843        9.7780487500000006E-003
   3846216913255.8521        9.6155425000000010E-003
   3933241912390.2573        9.8331050000000000E-003
   3905387413484.5762        9.7634687500000004E-003
   3837639911645.1650        9.5940999999999995E-003
   3905171410542.9380        9.7629287500000002E-003
   4032771411046.1982        1.0081928750000000E-002
   3987706411885.3467        9.9692662500000008E-003
   3974951410405.5381        9.9373787499999998E-003
   3980775411957.6035        9.9519387500000001E-003
   3984868411100.9351        9.9621712500000004E-003
   3983197911353.9023        9.9579950000000007E-003
   3925186912278.4766        9.8129674999999986E-003
   3954489412052.0215        9.8862237499999991E-003
   3965473912084.1865        9.9136850000000002E-003
   3960001913169.5483        9.9000049999999999E-003
   4050793410939.1934        1.0126983750000000E-002
   3960750910229.0513        9.9018775000000014E-003
   3926850910603.8574        9.8171275000000016E-003
   3846667911406.7612        9.6166700000000008E-003
   3842942411457.8633        9.6073562499999991E-003
   3915627910437.5923        9.7890700000000004E-003
   3910728910754.9712        9.7768225000000007E-003
   3957821411518.5454        9.8945537500000000E-003
   3957295411736.0098        9.8932387500000000E-003
   3939381410836.7856        9.8484537499999997E-003
   3936459910967.5967        9.8411499999999999E-003
   3867232411310.4307        9.6680812500000001E-003
   3749947411943.1919        9.3748687500000011E-003
   3866141910115.7139        9.6653550000000005E-003
   3822155911014.7607        9.5553900000000004E-003
   3932752911275.9268        9.8318824999999999E-003
   3885421911177.8833        9.7135550000000005E-003
   3914689910309.8628        9.7867249999999996E-003
   3970912412722.5283        9.9272812499999995E-003
   3904088411899.4351        9.7602212499999993E-003
   3937498910820.6719        9.8437474999999997E-003
   4010424912279.0996        1.0026062499999999E-002
   3978498412485.3066        9.9462462499999987E-003
   4005224911951.4829        1.0013062500000001E-002
   3961100411661.0933        9.9027512499999994E-003
   4039780410907.7236        1.0099451250000000E-002
   3971559911206.4043        9.9289000000000009E-003
   3974911911801.2793        9.9372799999999997E-003
   3898618410144.9058        9.7465462500000016E-003
   3887355912500.5942        9.7183900000000004E-003
   3759879912981.6738        9.3997000000000004E-003
   3928373913396.7949        9.8209349999999994E-003
   3867683913381.7866        9.6692099999999993E-003
   3713722411787.8232        9.2843062499999990E-003
   3787842413625.9409        9.4696062500000001E-003
   3719159412002.7705        9.2978987499999985E-003
   3737938912090.7354        9.3448474999999996E-003
   3804179411684.9395        9.5104487500000008E-003
   3806060912094.3452        9.5151525000000004E-003
   3771488911883.4688        9.4287225000000002E-003
   3793660412146.7944        9.4841512499999996E-003
   3903001911662.2275        9.7575049999999997E-003
   3962052409726.4561        9.9051312500000009E-003
   3983598913215.6685        9.9589975000000004E-003
   3943969410504.2422        9.8599237499999992E-003
   3999118412848.7344        9.9977962499999996E-003
   3972421911859.3447        9.9310549999999994E-003
   3905807411924.4058        9.7645187499999994E-003
   3868800410973.9062        9.6720012499999994E-003
   3902463912027.1499        9.7561599999999998E-003
   3935151911327.1777        9.8378800000000002E-003
   3941481912730.4805        9.8537050000000008E-003
   3927783411153.3057        9.8194587499999993E-003
   3899856411050.3408        9.7496412499999997E-003
   3901950910398.3081        9.7548774999999983E-003
   3791210912241.8931        9.4780274999999997E-003
   3889035411685.1885        9.7225887500000004E-003
   3964874911959.6777        9.9121875000000009E-003
   3798487910948.3438        9.4962199999999997E-003
   3882418910988.7842        9.7060475000000004E-003
   3889381411831.8682        9.7234537499999996E-003
   3888650411792.6445        9.7216262500000004E-003
   4005457412490.8540        1.0013643750000000E-002
   3960861412671.8765        9.9021537500000017E-003
   3915236411222.3359        9.7880912500000004E-003
   3859479409984.0659        9.6486987500000003E-003
   3906527412295.8916        9.7663187500000009E-003
   3952042413420.0742        9.8801062499999995E-003
   3983826911653.1025        9.9595674999999988E-003
   3844643410935.1719        9.6116087500000003E-003
   3786457912656.1636        9.4661450000000005E-003
   3799712911566.8071        9.4992825000000010E-003
   3882247412246.6299        9.7056187499999988E-003
   3967026410786.8667        9.9175662499999991E-003
   3924758911997.3047        9.8118974999999997E-003
   3985349911263.8994        9.9633750000000000E-003
   3875812911319.8052        9.6895325000000004E-003
   3880902412736.2075        9.7022562499999992E-003
   3944375412502.7549        9.8609387499999993E-003
   3979796411325.5093        9.9494912500000011E-003
   3954892912117.9082        9.8872325000000007E-003
   3920288911011.5479        9.8007224999999993E-003
   4002104910682.4448        1.0005262500000001E-002
   4053214411451.7266        1.0133036250000000E-002
   4065130411990.9355        1.0162826250000000E-002
   3984854410746.8325        9.9621362499999998E-003
   3858882911747.2622        9.6472075000000011E-003
   4024388912005.6719        1.0060972499999999E-002
   4058273911423.8530        1.0145685000000000E-002
   3988592911872.5283        9.9714825000000000E-003
   3932931410717.1304        9.8323287500000009E-003
   4036494912771.1812        1.0091237499999999E-002
   4032802910316.3125        1.0082007499999998E-002
   3937219911471.3311        9.8430499999999990E-003
   3960316411386.3301        9.9007912500000007E-003
   3896892413288.6895        9.7422312499999986E-003
   3975721413169.3711        9.9393037499999996E-003
   4033661411093.2251        1.0084153750000000E-002
   4044254410742.2314        1.0110636250000001E-002
   4060749912434.1611        1.0151874999999999E-002
   4012347911451.6436        1.0030870000000001E-002
   3963352411521.0010        9.9083812500000007E-003
   4045218410001.2383        1.0113046250000000E-002
   3937925910253.6870        9.8448149999999998E-003
   3933197412685.6396        9.8329937500000013E-003
   3911179913556.7666        9.7779500000000005E-003
   3894108910877.5420        9.7352724999999994E-003
   3916950410856.5132        9.7923762500000001E-003
   3970543412746.1841        9.9263587499999993E-003
   3943542913104.7593        9.8588575000000001E-003
   4005533411723.4507        1.0013833750000001E-002
   4061432911194.0688        1.0153582500000001E-002
   4025460912443.8516        1.0063652499999999E-002
   3972732911558.5757        9.9318325000000013E-003
   4009386910403.1538        1.0023467499999999E-002
   3829701411541.7603        9.5742537500000009E-003
   3836298412509.4775        9.5907462500000006E-003
   3842735912605.1382        9.6068400000000002E-003
   3914570411816.6514        9.7864262500000007E-003
   3921819910932.2744        9.8045500000000004E-003
   3876968910628.4517        9.6924225000000006E-003
   3876252910940.0376        9.6906324999999991E-003
   4006411909822.9277        1.0016029999999999E-002
   4056710409946.1538        1.0141776250000000E-002
   3978376910604.1377        9.9459424999999990E-003
   3878075913078.1265        9.6951900000000011E-003
   3879077410788.2002        9.6976937499999999E-003
   3964818409705.9648        9.9120462499999989E-003
   3964925411722.7622        9.9123137500000003E-003
   3897102911851.0459        9.7427575000000009E-003
   3950959410641.2759        9.8773987500000004E-003
   3878205910171.4443        9.6955150000000000E-003
   3958830910194.5874        9.8970775000000004E-003
   3855363911130.7207        9.6384100000000000E-003
   3865174410870.5176        9.6629362499999986E-003
   3872202409841.3286        9.6805062500000018E-003
   3902314910756.7803        9.7557874999999999E-003
   3869030911273.7695        9.6725775000000014E-003
   3934063910418.2710        9.8351599999999990E-003
   3874019910654.1812        9.6850500000000006E-003
   3970826911732.2495        9.9270675000000010E-003
   3861752910651.6504        9.6543825000000010E-003
   3915763410444.4355        9.7894087500000008E-003
   4016983411326.1196        1.0042458750000000E-002
   3914374410693.6484        9.7859362500000019E-003
   3941658913094.0957        9.8541475000000003E-003
   3910064411117.6401        9.7751612500000008E-003
   3955224910981.0610        9.8880624999999993E-003
   4046985410863.5151        1.0117463750000000E-002
   3972429409011.7734        9.9310737499999982E-003
   3957154909824.5674        9.8928874999999993E-003
   3938564410742.7251        9.8464112500000010E-003
   3956987408950.2759        9.8924687499999994E-003
   3913218913599.8062        9.7830475000000010E-003
   3859310910396.2173        9.6482775000000000E-003
   3965115410327.4854        9.9127887499999984E-003
   4032578411227.3467        1.0081446250000001E-002
   3925369911106.8955        9.8134250000000006E-003
   3967322912424.2759        9.9183074999999992E-003
   3958952910477.3389        9.8973824999999994E-003
   3801967411297.7212        9.5049187500000007E-003
   3992353411148.5181        9.9808837499999990E-003
   3864262410743.0278        9.6606562500000000E-003
   3911056911176.5132        9.7776424999999993E-003
   4000318411975.6533        1.0000796250000001E-002
   3952136910890.3452        9.8803425000000000E-003
   3982522411155.5034        9.9563062499999997E-003
   3943631910871.1924        9.8590800000000010E-003
   4019640910226.5801        1.0049102500000000E-002
   3942080411901.6523        9.8552012500000008E-003
   3981578910783.4492        9.9539474999999992E-003
   3911332411821.8813        9.7783312500000011E-003
   3878635912512.8379        9.6965899999999997E-003
   3938549410256.2686        9.8463737499999981E-003
   3848768412520.3853        9.6219212500000002E-003
   3936378911608.1709        9.8409475000000007E-003
   3848879912009.7461        9.6222000000000009E-003
   3944556910617.0474        9.8613924999999998E-003
   3915646410987.1235        9.7891162500000004E-003
   3862107911615.5156        9.6552700000000005E-003
   3853193410380.3022        9.6329837500000008E-003
   3715984910858.4155        9.2899624999999986E-003
   3743271411287.3984        9.3581787499999996E-003
   3624445410952.3984        9.0611137499999987E-003
   3633322410656.0796        9.0833062500000009E-003
   3731583911943.9194        9.3289599999999990E-003
   3756642412416.8188        9.3916062500000001E-003
   3833934910779.3555        9.5848375000000003E-003
   3906795410768.3418        9.7669887500000004E-003
   3782994911645.2788        9.4574875000000003E-003
   3847839911078.1475        9.6195999999999990E-003
   3721808411582.8999        9.3045212500000012E-003
   3683212410925.5986        9.2080312500000001E-003
   3704465410174.4092        9.2611637499999989E-003
   3770720912185.4185        9.4268024999999995E-003
   3690851411716.9482        9.2271287500000007E-003
   3717982411971.6416        9.2949562499999999E-003
   3660757912620.8218        9.1518950000000002E-003
   3706010411254.4531        9.2650262499999990E-003
   3751480911738.9512        9.3787024999999989E-003
   3693050412380.2407        9.2326262500000006E-003
   3743050412417.6099        9.3576262500000007E-003
   3765472411800.4146        9.4136812500000000E-003
   3926624912473.5000        9.8165625000000006E-003
   3939359411951.9639        9.8483987500000009E-003
   3921606411225.8564        9.8040162500000021E-003
   3863639411570.3086        9.6590987500000010E-003
   3804903912156.0527        9.5122599999999998E-003
   3843200911935.0327        9.6080025000000006E-003
   3785835912462.4468        9.4645900000000002E-003
   3812084909048.7207        9.5302124999999994E-003
   3830624909979.3140        9.5765625000000000E-003
   3868437410143.2295        9.6710937500000000E-003
   3863716410470.4087        9.6592912500000003E-003
   3941866910810.8960        9.8546675000000007E-003
   3906743910176.4121        9.7668599999999987E-003
   3842090911572.2139        9.6052275000000006E-003
   3979814910222.0000        9.9495374999999994E-003
   3885011911091.4526        9.7125300000000005E-003
   3953571908667.5996        9.8839300000000008E-003
   3871212410285.0796        9.6780312500000000E-003
   3905526910887.7021        9.7638175000000008E-003
   3951598910577.7671        9.8789975000000002E-003
   3901354410213.6060        9.7533862499999992E-003
   3668397910426.6001        9.1709950000000012E-003
   3940955411948.6196        9.8523887499999997E-003
   3993235410564.2578        9.9830887499999989E-003
   3921494409321.4380        9.8037362500000003E-003
   3910971409100.1895        9.7774287499999991E-003
   3950905408801.5649        9.8772637500000003E-003
   3952480410045.5356        9.8812012500000008E-003
   4047195409887.1411        1.0117988750000001E-002
   3986931410621.4033        9.9673287500000006E-003
   3989655910313.2007        9.9741399999999994E-003
   3989474909576.9141        9.9736874999999999E-003
   4031122910681.6289        1.0077807499999999E-002
   3979014910819.2637        9.9475374999999991E-003
   3963680910446.7725        9.9092025000000004E-003
   3965343911811.5845        9.9133599999999995E-003
   3924250911482.9595        9.8106275000000003E-003
   3962860410664.4443        9.9071512499999993E-003
   4008792909722.1172        1.0021982500000000E-002
   3939524910706.6182        9.8488124999999999E-003
   4021277409997.1758        1.0053193750000000E-002
   3945191910982.7021        9.8629799999999986E-003
   3987700912353.6084        9.9692524999999994E-003
   3841478410133.2661        9.6036962500000000E-003
   3888340409659.9106        9.7208512500000007E-003
   4010517911328.9336        1.0026294999999999E-002
   3952600409601.9243        9.8815012499999990E-003
   3845896911335.8398        9.6147425000000005E-003
   3856457411815.0557        9.6411437500000009E-003
   4009799909929.7910        1.0024500000000000E-002
   4052921908560.7070        1.0132305000000001E-002
   3936138910438.2529        9.8403474999999990E-003
   3962260910452.2817        9.9056525000000006E-003
   3965922409731.8545        9.9148062499999998E-003
   3945511909581.8130        9.8637800000000008E-003
   4021179909115.3369        1.0052950000000000E-002
   4041831909280.8740        1.0104580000000000E-002
   4008541410509.2842        1.0021353750000000E-002
   3970648911533.1328        9.9266224999999993E-003
   3949577410261.6006        9.8739437500000009E-003
   3974080909461.2490        9.9352025000000004E-003
   3797165410137.1968        9.4929137500000000E-003
   3923980909653.3228        9.8099525000000000E-003
   3853919909339.4609        9.6348000000000007E-003
   3746088409418.3018        9.3652212499999998E-003
   3852424411411.0518        9.6310612499999997E-003
   3968162910155.3955        9.9204075000000006E-003
   3986750909680.7280        9.9668775000000005E-003
   3941426910117.0420        9.8535675000000003E-003
   3963524910973.9053        9.9088124999999992E-003
   3853298909242.7847        9.6332475000000008E-003
   3821252909456.7549        9.5531325000000004E-003
   3815302409821.4072        9.5382562500000000E-003
   3982002910416.4805        9.9550074999999998E-003
   4012095408903.0576        1.0030238750000000E-002
   3972700911290.4541        9.9317525000000000E-003
   3943230909081.8818        9.8580774999999995E-003
   3867978909644.8213        9.6699475000000014E-003
   3845265911410.1890        9.6131649999999999E-003
   3930246411318.6724        9.8256162500000004E-003
   3939348409652.4341        9.8483712499999997E-003
   3762101911409.3438        9.4052549999999995E-003
   3650238409583.7852        9.1255962499999996E-003
   3752659410268.9165        9.3816487500000007E-003
   3647845910751.0132        9.1196150000000011E-003
   3837350410071.7334        9.5933762500000005E-003
   3853491910877.7207        9.6337300000000001E-003
   3889748910545.0020        9.7243725000000000E-003
   3825827911218.7505        9.5645699999999997E-003
   3928960908542.3232        9.8224025000000006E-003
   3898692910005.8008        9.7467324999999990E-003
   3886071911414.9043        9.7151800000000003E-003
   3945744910387.3247        9.8643624999999995E-003
   3960796409924.1221        9.9019912500000005E-003
   3985567910377.7471        9.9639199999999994E-003
   3886553410491.9766        9.7163837499999999E-003
   3930200410373.3408        9.8255012500000002E-003
   3880504412022.5645        9.7012612499999991E-003
   3849923910213.1099        9.6248100000000010E-003
   3948230911040.6377        9.8705774999999999E-003
   3879570408678.5859        9.6989262499999999E-003
   3863256910473.2607        9.6581425000000012E-003
   3775054410230.7051        9.4376362500000009E-003
   3825132910723.9062        9.5628325000000000E-003
   3964159409094.5527        9.9103987500000004E-003
   3841858410797.8120        9.6046462499999995E-003
   3962266909637.6812        9.9056674999999997E-003
   3997175909428.8530        9.9929399999999988E-003
   3943082912158.5190        9.8577075000000000E-003
   3896219910850.6533        9.7405499999999989E-003
   3893040411109.4395        9.7326012500000003E-003
   3849531910852.4429        9.6238299999999999E-003
   3921484911508.6050        9.8037125000000006E-003
   3957516910446.9590        9.8937924999999999E-003
   4030205410951.5781        1.0075513749999999E-002
   3963111410749.6064        9.9077787500000004E-003
   3944711410639.9473        9.8617787499999995E-003
   3785215910403.5498        9.4630399999999990E-003
   3924288911428.0835        9.8107225000000006E-003
   3956412411610.3359        9.8910312499999996E-003
   3939920910271.5908        9.8498025000000010E-003
   3921858911700.9287        9.8046474999999994E-003
   4054423411144.0630        1.0136058749999999E-002
   4070992410975.9277        1.0177481250000000E-002
   4023761909248.8481        1.0059404999999999E-002
   4049527910790.6748        1.0123820000000000E-002
   3967856911477.8525        9.9196424999999991E-003
   3948028912911.8105        9.8700725000000003E-003
   3977434911149.8989        9.9435875000000000E-003
   3995897410129.8335        9.9897437500000002E-003
   4042918409416.0122        1.0107296250000000E-002
   4023928910526.1455        1.0059822500000001E-002
   3956219409747.3467        9.8905487500000003E-003
   3966393910935.7095        9.9159850000000004E-003
   3961423408787.6289        9.9035587499999994E-003
   3905953410071.8960        9.7648837500000016E-003
   3872888410039.4922        9.6822212499999994E-003
   3868614409962.9053        9.6715362499999995E-003
   3954350910059.4092        9.8858774999999992E-003
   3930793410450.4541        9.8269837500000005E-003
   3952715910170.5981        9.8817900000000014E-003
   3882946410372.4019        9.7073662500000001E-003
   3946600910417.0615        9.8665024999999990E-003
   3980182909915.4795        9.9504574999999991E-003
   3961758910513.2466        9.9043975000000020E-003
   3994542410849.5596        9.9863562499999999E-003
   3942848410160.2930        9.8571212499999998E-003
   4024998910088.0112        1.0062497500000000E-002
   3957583910092.4614        9.8939599999999985E-003
   3929586909801.0410        9.8239674999999992E-003
   3904319410379.0073        9.7607987499999990E-003
   3915078409636.2227        9.7876962500000001E-003
   3948287910195.3906        9.8707199999999995E-003
   3916932908180.5444        9.7923325000000006E-003
   3892244409743.9834        9.7306112500000000E-003
   3918912908710.6055        9.7972825000000006E-003
   3765311411277.7505        9.4132787500000002E-003
   3899701407976.1455        9.7492537499999990E-003
   3866249908422.6914        9.6656250000000006E-003
   3884464408257.6118        9.7111612500000010E-003
   3865032909278.4595        9.6625824999999992E-003
   3993142909794.9248        9.9828575000000010E-003
   3984240909812.6182        9.9606024999999987E-003
   4000505409558.7368        1.0001263749999999E-002
   4006589410278.5273        1.0016473749999999E-002
   3861461909373.0322        9.6536550000000006E-003
   3901194910463.0557        9.7529875000000009E-003
   3997841408920.2485        9.9946037499999991E-003
   4059905908976.7520        1.0149765000000002E-002
   3966557910137.0742        9.9163949999999997E-003
   3985764909906.3940        9.9644125000000004E-003
   3949495411681.0488        9.8737387499999996E-003
   3942350910668.8931        9.8558775000000005E-003
   3926788409397.6001        9.8169712500000006E-003
   3972223911209.7559        9.9305599999999997E-003
   3972798408828.5278        9.9319962500000001E-003
   4028051908637.0703        1.0070130000000000E-002
   3858571909517.7051        9.6464299999999992E-003
   3931296409727.6250        9.8282412499999996E-003
   3951079909445.1392        9.8776999999999997E-003
   3936958409590.2197        9.8423962499999997E-003
   3948805409246.6182        9.8720137499999985E-003
   4003763410712.6494        1.0009408750000000E-002
   3995702410243.9380        9.9892562500000000E-003
   3889505908356.4424        9.7237649999999988E-003
   3905620909484.1528        9.7640525000000002E-003
   3807340909087.6133        9.5183525000000005E-003
   3863288410880.6787        9.6582212500000014E-003
   3848841909812.3311        9.6221049999999989E-003
   3874457907007.6484        9.6861450000000002E-003
   3817075409382.4336        9.5426887500000002E-003
   3921854910723.7251        9.8046374999999995E-003
   3887334409174.8364        9.7183362500000009E-003
   3870123409038.7480        9.6753087500000001E-003
   3796418910555.8613        9.4910475000000005E-003
   3895923410281.6304        9.7398087500000004E-003
   3866414409113.1411        9.6660362499999992E-003
   3760770409622.0527        9.4019262499999996E-003
   3903879908619.3984        9.7596999999999996E-003
   3998345408694.7446        9.9958637500000003E-003
   3905409910272.1367        9.7635250000000003E-003
   3781129409592.4961        9.4528237500000004E-003
   3848690910748.8306        9.6217274999999998E-003
   3900591909827.6724        9.7514799999999999E-003
   3838087412628.9287        9.5952187499999987E-003
   3882373910740.8794        9.7059350000000006E-003
   3963791908629.4976        9.9094800000000000E-003
   3863218410768.1099        9.6580462499999999E-003
   3883607410458.8945        9.7090187499999994E-003
   3821392909799.4956        9.5534825000000000E-003
   3947209409257.1519        9.8680237499999997E-003
   3896208911040.6719        9.7405224999999995E-003
   3936408408529.0449        9.8410212500000000E-003
   3934960410128.4590        9.8374012500000007E-003
   4035070409030.8535        1.0087676250000000E-002
   3953008408256.3232        9.8825212500000016E-003
   4005078908917.4170        1.0012697500000001E-002
   4051664410300.8433        1.0129161250000001E-002
   4053904409191.3516        1.0134761249999999E-002
   3991833409131.3203        9.9795837499999998E-003
   4028183410265.0347        1.0070458750000000E-002
   3944898410554.6543        9.8622462499999997E-003
   3880983410846.0918        9.7024587500000002E-003
   4025469910266.5396        1.0063675000000001E-002
   3974277411014.2456        9.9356937500000003E-003
   4035229910564.1494        1.0088075000000000E-002
   4025939910641.4150        1.0064850000000000E-002
   3917924910046.1279        9.7948124999999997E-003
   3961506410437.1182        9.9037662499999995E-003
   3926913910167.2725        9.8172850000000002E-003
   3950250408060.2490        9.8756262500000001E-003
   3857640911175.8975        9.6441024999999996E-003
   3854530912271.7661        9.6363274999999998E-003
   3908385410074.8633        9.7709637500000002E-003
   3964256409891.0410        9.9106412499999994E-003
   3910170910693.8628        9.7754274999999995E-003
   3824177410483.6113        9.5604437499999997E-003
   3720676410837.9463        9.3016912500000007E-003
   3699246911179.9746        9.2481174999999999E-003
   3741233910260.0029        9.3530850000000006E-003
   3795907909028.9727        9.4897699999999998E-003
   3841572909770.2070        9.6039325000000005E-003
   3795273412113.8140        9.4881837500000003E-003
   3757776909719.9561        9.3944424999999991E-003
   3951492410319.8491        9.8787312499999981E-003
   3937668910421.5186        9.8441724999999997E-003
   4063382908351.2246        1.0158457500000001E-002
   3895817408057.5781        9.7395437499999994E-003
   3975279409605.0190        9.9381987500000001E-003
   3998477910019.4990        9.9961950000000011E-003
   3973003908075.4819        9.9325100000000003E-003
   3920572909394.9028        9.8014325000000020E-003
   3942377410268.6235        9.8559437499999986E-003
   3836365411537.8921        9.5909137499999991E-003
   3919755911751.0923        9.7993899999999998E-003
   3905284410318.1694        9.7632112500000007E-003
   3954515910811.3604        9.8862900000000007E-003
   3931050908482.0229        9.8276275000000000E-003
   3878211910302.4390        9.6955300000000008E-003
   3907736410026.3008        9.7693412500000007E-003
   3854549907960.7188        9.6363749999999991E-003
   3905985910411.7310        9.7649650000000005E-003
   3961472910781.0801        9.9036825000000002E-003
   3881849910993.2563        9.7046250000000014E-003
   3840537409788.4150        9.6013437499999996E-003
   3938935909295.8335        9.8473399999999996E-003
   3973280411793.3418        9.9332012499999990E-003
   3957005911234.1357        9.8925149999999993E-003
   3927582910421.2124        9.8189574999999994E-003
   3991739410651.9541        9.9793487500000003E-003
   3952018410812.8525        9.8800462499999998E-003
   3824363911707.4565        9.5609100000000006E-003
   3940762910380.6489        9.8519074999999998E-003
   3953022410482.7397        9.8825562500000005E-003
   3975801910915.1567        9.9395049999999995E-003
   3925748409907.6211        9.8143712499999987E-003
   3944888909825.8750        9.8622225000000001E-003
   3909942410387.9873        9.7748562500000000E-003
   3959580411182.8862        9.8989512499999995E-003
   3869543908696.0972        9.6738599999999994E-003
   3900407410933.9663        9.7510187499999998E-003
   3986226411229.4531        9.9655662500000002E-003
   3964748410592.6113        9.9118712499999991E-003
   4005072410369.9678        1.0012681249999999E-002
   3921254908802.4883        9.8031374999999997E-003
   3932449409262.0156        9.8311237500000002E-003
   3964343410404.8057        9.9108587500000012E-003
   4040968909611.4990        1.0102422500000000E-002
   3957103911641.3994        9.8927600000000004E-003
   3962535410292.6396        9.9063387500000002E-003
   3949765409368.4766        9.8744137500000016E-003
   3920754910246.5205        9.8018875000000019E-003
   3860751409553.5703        9.6518787499999988E-003
   3967369911185.8374        9.9184249999999998E-003
   3947442911744.7695        9.8686074999999995E-003
   3990653909541.7871        9.9766349999999993E-003
   3904631411834.1138        9.7615787499999995E-003
   3859256909785.4575        9.6481425000000016E-003
   3952395410462.3652        9.8809887499999999E-003
   4005731911246.1343        1.0014330000000000E-002
   4029586410784.4590        1.0073966250000000E-002
   4020954908085.6035        1.0052387499999999E-002
   4005601911897.6797        1.0014004999999999E-002
   3881995912134.0400        9.7049900000000001E-003
   3885500911394.7896        9.7137525000000006E-003
   3922048412335.3174        9.8051212499999998E-003
   3828571910510.5186        9.5714300000000006E-003
   3897859911862.7246        9.7446500000000005E-003
   3982971412134.3096        9.9574287500000004E-003
   3957510911419.9814        9.8937774999999992E-003
   3957323909382.7290        9.8933100000000006E-003
   4005717909388.3071        1.0014294999999999E-002
   3959760410343.7109        9.8994012499999985E-003
   3922264410622.2632        9.8056612500000001E-003
   3966417408783.0898        9.9160437499999990E-003
   3924206909885.7095        9.8105175000000010E-003
   4029754410688.0698        1.0074386249999999E-002
   3878565910002.6934        9.6964149999999999E-003
   3795006910285.2021        9.4875174999999989E-003
   3705711910069.2852        9.2642799999999997E-003
   3754738410047.6221        9.3868462500000006E-003
   3889422909175.6836        9.7235575000000005E-003
   3868796910515.3193        9.6719925000000005E-003
   3850460911900.2041        9.6261525000000004E-003
   3983987409526.8462        9.9599687499999992E-003
