   50.000000000000000     
   50.000000000000000     
   49.871155689453495     
   49.888729673577622     
   49.748650148669448     
   49.600458913112483     
   49.695447094058778     
   49.683872112132114     
   49.603644378146036     
   49.413525926800006     
   49.431394653193259     
   49.684155684618837     
   49.769636620504251     
   49.682154153018736     
   49.669981301272536     
   49.662777898651022     
   49.589289058168283     
   49.351446120130170     
   49.521373528443057     
   49.254470514125636     
   49.331597984285494     
   49.358744698840319     
   49.289729623180726     
   49.260996220473807     
   49.308947927010955     
   49.374593322191060     
   49.396655914789534     
   49.462228721210792     
   49.495450255824679     
   49.471444845584571     
   49.433915463903098     
   49.333448167396526     
   49.306217528670715     
   49.230787223323183     
   49.186684640056171     
   49.077828022922162     
   48.779871861324843     
   48.844579967278307     
   48.825045303335450     
   48.862016424788230     
   49.080322559597278     
   48.707235354901663     
   48.664210173863253     
   48.878318237035366     
   48.290815604580494     
   48.486883380952939     
   48.598681675941947     
   49.056707306469548     
   48.991604211508090     
   49.018504285138953     
   49.308909824049749     
   49.336301070884481     
   49.497825511313614     
   49.284251233437743     
   49.282499504442050     
   49.292982162486574     
   49.261014327829827     
   49.351900817407376     
   49.184507423691905     
   48.993948038661173     
   48.862177583393084     
   48.718665374242875     
   48.826520991128106     
   49.058227754333338     
   48.514723646944233     
   48.597416543790054     
   48.487954143823806     
   48.566971286676640     
   48.255987679550294     
   48.265127424765502     
   48.277645319789215     
   48.195373799165971     
   48.313986630553281     
   48.302799949505932     
   48.242703922591431     
   48.358234139362381     
   48.519485902447727     
   48.513262992031720     
   48.857179170086667     
   48.798766321099457     
   49.003346162616346     
   49.039623574436312     
   49.165338800759585     
   48.979176190943228     
   48.683481618571058     
   48.562020666227312     
   48.480387072757509     
   48.694287566437715     
   48.633587982277824     
   48.501768048816587     
   48.392766366079371     
   48.351107713504575     
   48.015597788146117     
   48.138627028909127     
   48.180214831155723     
   48.139787980246233     
   47.947772792109525     
   48.046536652225846     
   47.989119600816657     
   47.871716689487556     
   47.941300200892996     
   47.919901010714078     
   47.858684420809055     
   48.030630838658467     
   48.019229809435970     
   47.887499544842782     
   48.115013352579936     
   48.116496198063381     
   48.224714262434148     
   48.515536668134480     
   49.055830336136708     
   49.250223872981024     
   49.287609016148245     
   49.438852323806437     
   49.183420927653437     
   49.355678401733613     
   49.573268121114992     
   49.360544828526578     
   49.252403985272636     
   49.047152839086813     
   49.088755823380588     
   49.080931487312569     
   48.759920016788186     
   48.667993313277833     
   48.548288164664768     
   48.900240875106668     
   48.868478051390511     
   48.994513570800272     
   49.235679000853224     
   49.666188912471696     
   49.757245618746431     
   49.958059795670742     
   49.969424460296047     
   50.000000000000000     
   50.000000000000000     
   49.918177130636074     
   50.000000000000000     
   50.000000000000000     
   49.679063807486301     
   49.731298854321572     
   49.406897320714087     
   49.206186382386271     
   49.043709251981788     
   48.865456026585122     
   48.870978466154746     
   48.730642950514401     
   48.832303228999109     
   48.860535175535396     
   48.626975940443430     
   48.324810516826169     
   47.917094591551702     
   48.031116141146903     
   47.913073204708702     
   47.932344717667256     
   47.848218945178630     
   47.681515113975614     
   47.514489957680524     
   46.935387873370281     
   47.081007593991451     
   46.887020745443671     
   47.151409169793538     
   47.064009804685973     
   47.859929955908932     
   47.826750546127457     
   47.819797027712070     
   47.949724557941551     
   47.600304290034387     
   47.107589130759457     
   47.078453488217107     
   47.180489713297803     
   47.051627717124923     
   47.270267554771060     
   46.970097489160850     
   46.967399820218795     
   47.088018556338071     
   46.982646472542001     
   47.047165816394461     
   47.233696831807599     
   47.013388309426517     
   46.795856821891817     
   46.041925777570611     
   46.028310712391892     
   46.457557552583147     
   46.266832152597779     
   46.446556524044048     
   46.675698475169895     
   46.141290952285111     
   46.450789501806867     
   45.826458608620257     
   45.721200308916117     
   46.146900076505496     
   44.140359585478919     
   43.136113275984918     
   50.000000000000000     
   50.000000000000000     
   47.226303126489967     
   45.981615080347154     
   46.013114572855024     
   45.945913667205431     
   46.037157977470862     
   46.108760069106843     
   46.164509117237166     
   45.942513046564848     
   45.827043152504395     
   45.681916839743899     
   45.747744436632736     
   45.749454549993494     
   45.731420661439479     
   45.498873816764331     
   45.432978895382440     
   45.467044829274776     
   45.377966995305059     
   45.347157208560965     
   45.610014917547808     
   45.659658461048899     
   45.680926874104316     
   45.480891553567147     
   45.571601571197981     
   45.678708313548640     
   45.605717942634904     
   45.626525766305107     
   45.596712035180992     
   45.525911247016900     
   45.573256427082192     
   45.515094143179134     
   45.643297118203648     
   45.585259661225749     
   45.644459271566312     
   45.631933867062273     
   45.525819640761341     
   45.426183205946849     
   45.299565277493741     
   45.205488396173934     
   45.218412763399691     
   45.055175596892369     
   45.315135572109817     
   45.291154724340124     
   45.247320129393046     
   45.215018465256883     
   45.244698566894606     
   45.213883302920244     
   45.146140352848001     
   45.131576040889627     
   45.175698064478965     
   45.192828262226207     
   45.184098897568262     
   45.191618964346993     
   44.912784485231342     
   45.005950729191561     
   44.690326881930062     
   44.562351615490954     
   44.551463549318456     
   44.324711432606591     
   44.249801023266748     
   44.183705028901628     
   44.425379301456360     
   44.371292971777166     
   44.295818521176365     
   44.582030414883626     
   44.508718825740296     
   44.376255672569343     
   44.659765558937586     
   44.641407918939592     
   44.885960947998377     
   44.800457145969801     
   44.863756456122310     
   44.823628053824223     
   44.899063500420418     
   44.956037264210153     
   45.196954547905023     
   45.342568573427968     
   45.030387686176667     
   45.273068123278797     
   45.595268872662253     
   45.640104013191987     
   45.554396516440789     
   45.342354107178615     
   45.662530212036941     
   45.210983063365482     
   45.012675320146670     
   44.970737915802651     
   45.351897803763876     
   45.363751723050555     
   45.445284551519514     
   45.596502748658885     
   45.429064238339329     
   45.251339350866317     
   45.484104675581420     
   45.425149439534287     
   44.938915665478319     
   45.424694097297959     
   45.739337177929158     
   46.280226373716268     
   46.386035011207682     
   46.379441605966747     
   46.759308328944350     
   47.022003502282985     
   47.083718596615505     
   47.373963114793213     
   47.578025237973797     
   47.322366640111113     
   47.358706478921498     
   47.145179835952398     
   46.941554307887614     
   46.738233752166018     
   46.626834181854399     
   47.226299285888672     
   47.243742250501626     
   47.282022608007551     
   47.335741492177270     
   47.334492061626690     
   47.374737756650653     
   47.389400752674888     
   47.426609721533815     
   47.431907484277112     
   47.429456662557854     
   47.453823194803086     
   47.453878547031394     
   47.536738276820259     
   47.566441886967290     
   47.598280291404912     
   47.627924255794198     
   47.643062252190305     
   47.666928773815833     
   47.661988883903334     
   47.692248044513725     
   47.688992898395995     
   47.729253963591681     
   47.737570171810702     
   47.757526137048288     
   47.785211451911401     
   47.808435457721643     
   47.815009437418439     
   47.813080421868023     
   47.795510465083865     
   47.768876531905335     
   47.774134813682338     
   47.788098655226392     
   47.794714241712477     
   47.820441785713953     
   47.835541133285766     
   47.820622743226153     
   47.844790653343310     
   47.888180826322092     
   47.913586273570409     
   47.960362573634207     
   47.988197412062512     
   48.016391090854256     
   48.001817423164006     
   48.036071492654479     
   48.040834349034846     
   48.115052904330476     
   48.116555554772027     
   48.125620646347244     
   48.126649287025081     
   48.136409957317397     
   48.168807622448327     
   48.169912166114685     
   48.150974399282823     
   48.182511211576404     
   48.175719663142090     
   48.172084842905434     
   48.179058112400078     
   48.188408662489586     
   48.180583880745417     
   48.204075884571701     
   48.223232391655898     
   48.210141509510869     
   48.284483137652636     
   48.269395718127498     
   48.301782367402588     
   48.281186772133040     
   48.283846109305379     
   48.246604734524318     
   48.261280972740877     
   48.296419080723894     
   48.306102843898202     
   48.333071218505182     
   48.358156441670893     
   48.332013803839899     
   48.340627529406738     
   48.329776579705701     
   48.341065738697338     
   48.377657681116006     
   48.405684292307242     
   48.414608847257405     
   48.454352275151720     
   48.448810649822072     
   48.426447587653804     
   48.484385921380806     
   48.515042099123804     
   48.541988647923318     
   48.573808408245583     
   48.498603041700790     
   48.497106791504805     
   48.486524656052630     
   48.459684595703330     
   48.446623228372466     
   48.418418439908649     
   48.416539435907382     
   48.415735302996424     
   48.440161975156862     
   48.444150578093449     
   48.478540321606040     
   48.529087413377930     
   48.528585763913156     
   48.537120178911685     
   48.571784905180067     
   48.542315565990783     
   48.527126918633172     
   48.510922835680695     
   48.498568410647188     
   48.505346544647395     
   48.503803158406654     
   48.477010394224060     
   48.520707721585183     
   48.476456034583549     
   48.496939602699328     
   48.493714688750565     
   48.487523744339676     
   48.505793639825143     
   48.522758764793657     
   48.529683530774982     
   48.535822547533115     
   48.550958893697654     
   48.512851668080295     
   48.521753342253952     
   48.479376562282759     
   48.480470777034284     
   48.517553594630868     
   48.567773004986208     
   48.572288768498829     
   48.615638936007514     
   48.619441592721195     
   48.608444345982491     
   48.611570028300470     
   48.604316176030444     
   48.550963568328868     
   48.547174300318460     
   48.499629938975943     
   48.520271322361630     
   48.515159265818681     
   48.488288085564072     
   48.518374312383628     
   48.538712737839816     
   48.553997539878168     
   48.501828214491667     
   48.533425905920666     
   48.509130852057709     
   48.500051476817013     
   48.482628381932628     
   48.487159571613901     
   48.491812006389893     
   48.482829604381322     
   48.492813923704901     
   48.488936804267077     
   48.520173909484612     
   48.550721344055916     
   48.554547861154042     
   48.584753588841075     
   48.624263690002884     
   48.610439691639627     
   48.615419094318156     
   48.583107809668682     
   48.562973683068705     
   48.602510867614235     
   48.628122664441854     
   48.591910177112460     
   48.572422425854128     
   48.576582211049804     
   48.639144616055106     
   48.662942295106539     
   48.674001379434451     
   48.605368358976889     
   48.622060778923888     
   48.638149088942804     
   48.617653340852286     
   48.570383071940398     
   48.565692100427043     
   48.568249338063517     
   48.576044189791965     
   48.565602860203001     
   48.604233200381387     
   48.577587845091436     
   48.548479594008946     
   48.550280880034585     
   48.547238137385982     
   48.486464578410015     
   48.515292290273173     
   48.509203831515570     
   48.526345910717133     
   48.558106655385195     
   48.525318892005515     
   48.575458475036008     
   48.612976585328340     
   48.644603118773155     
   48.584139174844609     
   48.576712960535438     
   48.565111034781296     
   48.555154422067048     
   48.548890873573491     
   48.549753954138538     
   48.554769131556547     
   48.590203686975329     
   48.595660407817434     
   48.627608472691705     
   48.608547226169755     
   48.627740027971278     
   48.646698197107717     
   48.673487858206883     
   48.664278879327675     
   48.705918754354109     
   48.692911769108747     
   48.669029847311563     
   48.642839394482699     
   48.666701265944518     
   48.693306540042400     
   48.690928297161435     
   48.752088371894779     
   48.798915039123777     
   48.792642744635813     
   48.783719583808015     
   48.816843406317290     
   48.832554719779708     
   48.849341572539792     
   48.847521017758723     
   48.860421153578535     
   48.840249773935462     
   48.871356491309619     
   48.912875811038525     
   48.874530170392951     
   48.906367403178258     
   48.947908555774099     
   48.915180640933464     
   48.907513327255430     
   48.893015989433380     
   48.866181419188479     
   48.868214609841317     
   48.878051633597202     
   48.867131221288538     
   48.871609948487851     
   48.901912249569747     
   48.927509551848736     
   48.918222290931908     
   48.936965398776032     
   48.890167051169044     
   48.891503549122532     
   48.873440798645113     
   48.817890895899559     
   48.809147719620128     
   48.806980319129437     
   48.804755681704194     
   48.821371454007092     
   48.844092242801814     
   48.852929001708631     
   48.841091743989793     
   48.811383513778793     
   48.798632985257257     
   48.809116174041009     
   48.850202349093372     
   48.860747515855984     
   48.895653866190870     
   48.888410369915903     
   48.898759045958883     
   48.865275455287190     
   48.875980940066079     
   48.838255294372793     
   48.825112146096451     
   48.824155790834148     
   48.862340585282531     
   48.874112393524996     
   48.860735696487822     
   48.904582034282818     
   48.923109776736155     
   48.954311498757612     
   48.954206441804423     
   48.914537868130715     
   48.901314563551118     
   48.901650569771775     
   48.903542089769225     
   48.901161674484612     
   48.914828314967437     
   48.907479826404149     
   48.934137841672502     
   48.889363501353003     
   48.950084817141331     
   48.940467673324363     
   48.908967283216313     
   48.905004611082603     
   48.849450442675511     
   48.823278253971964     
   48.818748300641893     
   48.833019805276969     
   48.872898653806601     
   48.874056913250556     
   48.920913864656626     
   48.946026013034682     
   48.942966658066368     
   48.912278897591627     
   48.926704734773807     
   48.942995756038954     
   48.940900213105742     
   48.951194530955419     
   48.939039945365934     
   48.913353462078497     
   48.920957546575380     
   48.936693951554787     
   48.900276558989319     
   48.928689435345028     
   48.906647237663861     
   48.968498046026383     
   48.939560679960415     
   48.932038807282765     
   48.977011540656356     
   48.969650409439303     
   48.998278760849864     
   48.995135877038571     
   49.002931483813413     
   48.983825078280155     
   49.041422644330424     
   49.065493983931113     
   49.096851349058461     
   49.073410113419747     
   49.058586602816611     
   49.068718043939754     
   49.064005799503690     
   49.091158169666421     
   49.108277832406280     
   49.110528475865365     
   49.152692184971094     
   49.144992061295888     
   49.137335440825439     
   49.136738748382541     
   49.135306999283074     
   49.162095850661721     
   49.202865103650957     
   49.183979503086320     
   49.209501127977447     
   49.199191127709618     
   49.207306037426974     
   49.190821349292108     
   49.199193324569819     
   49.207387704758538     
   49.200949782100793     
   49.159178088835134     
   49.161124087202076     
   49.119319963696476     
   49.137685202468433     
   49.124220176599643     
   49.123057680698729     
   49.162630128731635     
   49.175153226758802     
   49.170389734389168     
   49.168442995478621     
   49.151822199981396     
   49.124966694194200     
   49.156728478737072     
   49.154419561709737     
   49.194275308873678     
   49.249227259116608     
   49.258047525370131     
   49.210393691007745     
   49.228614411782530     
   49.285891108050556     
   49.305031070121160     
   49.267401597991245     
   49.273802371830541     
   49.323753871690101     
   49.326429948116228     
   49.318785527120788     
   49.308637631480622     
   49.340261566337389     
   49.368351779146252     
   49.404451205636676     
   49.414772973879025     
   49.352740090360982     
   49.345686921937151     
   49.380283946123733     
   49.419768111970861     
   49.414450291779517     
   49.396128583627991     
   49.336342652630051     
   49.335924603588893     
   49.340880752401482     
   49.314862273481175     
   49.293123573444539     
   49.316393919315175     
   49.297838583784937     
   49.358114235461038     
   49.377418637452870     
   49.412843697452580     
   49.411003451289446     
   49.358126873934985     
   49.358129583644555     
   49.358414352402193     
   49.327284613940961     
   49.311820909059321     
   49.295237484044243     
   49.284841905801713     
   49.327526749434256     
   49.294758282652509     
   49.257025204853534     
   49.267620956766891     
   49.268030882739602     
   49.263303388653718     
   49.253210404569522     
   49.223194625600790     
   49.255741443602012     
   49.263561021378180     
   49.235623566588245     
   49.251996064914209     
   49.245414046236618     
   49.247195101372753     
   49.290320413261277     
   49.308671690143917     
   49.298345888846555     
   49.294877550343202     
   49.295271075698913     
   49.254439933167980     
   49.206167383899235     
   49.198652071700685     
   49.163995073561843     
   49.139917892080582     
   49.084071955470172     
   49.124870916198688     
   49.125405957492063     
   49.080108903543383     
   49.090876070326004     
   49.112979707217789     
   49.155471560372341     
   49.150756425500411     
   49.135090062833541     
   49.150972166578775     
   49.180716704529083     
   49.193203219013341     
   49.212991302047477     
   49.219715406983781     
   49.242870380324462     
   49.243352486407083     
   49.253386735311310     
   49.251285117084102     
   49.214308153156587     
   49.250909977403062     
   49.281613116267309     
   49.353568965492308     
   49.355944246608672     
   49.346229636418869     
   49.302170739819040     
   49.325122349042708     
   49.372153271333879     
   49.368639979369668     
   49.359137957670328     
   49.390958786213197     
   49.408539269737396     
   49.418096004084283     
   49.427755127005582     
   49.421594093781160     
   49.412484495554367     
   49.415446818256903     
   49.376506168397995     
   49.365126590389714     
   49.405175677472592     
   49.386337200361346     
   49.342766628732598     
   49.341778587886374     
   49.343596362197957     
   49.383072147430966     
   49.368355114911886     
   49.380215794050642     
   49.405346128254429     
   49.333502620017306     
   49.333625133528109     
   49.298984106223450     
   49.296424792516845     
   49.308065694696388     
   49.291333522825575     
   49.284597872364401     
   49.287539473641324     
   49.275566781594257     
   49.268291917357608     
   49.263920354092448     
   49.272230797815844     
   49.288673289545713     
   49.260485987819010     
   49.229119808281972     
   49.259747274220004     
   49.243716016341978     
   49.248051212044338     
   49.239806593469964     
   49.257113348920122     
   49.251402046986108     
   49.269948403733657     
   49.264729397475399     
   49.313442013645144     
   49.292054430995130     
   49.308193651447546     
   49.306707195048141     
   49.321421404561178     
   49.336630329037760     
   49.331474553198142     
   49.321028138679786     
   49.309848331858362     
   49.345415808910339     
   49.352469779730143     
   49.348956116948713     
   49.333644854082223     
   49.333211897048685     
   49.317950542476176     
   49.337979700189393     
   49.380226501992333     
   49.353745762039871     
   49.405715816769138     
   49.436273190640499     
   49.412715741355505     
   49.384153264487082     
   49.389856178010405     
   49.440263661965950     
   49.472615408505760     
   49.459964955991545     
   49.443021725961060     
   49.413792704372185     
   49.388558941044344     
   49.393941059505146     
   49.364372322972933     
   49.346737168836299     
   49.357060877388484     
   49.392083745431457     
   49.345723979201367     
   49.326709778046606     
   49.371476946941449     
   49.334466469520919     
   49.350000497724572     
   49.334054017409706     
   49.354265886948006     
   49.392884100103565     
   49.391507259739690     
   49.383971686620526     
   49.364678685898781     
   49.396499532691443     
   49.380792963026387     
   49.357273573832913     
   49.377122279639366     
   49.369271934230518     
   49.390574060898466     
   49.359198103567223     
   49.350061549006107     
   49.354232921433557     
   49.333410898470270     
   49.325941006175761     
   49.359232697425035     
   49.401699347965128     
   49.448431917590277     
   49.425632754422374     
   49.394352161600551     
   49.408070929638797     
   49.434756533275667     
   49.400001594093638     
   49.434486463675626     
   49.443882973975370     
   49.496749650435802     
   49.445810364842451     
   49.472417872966467     
   49.446552243500179     
   49.459602357885082     
   49.453928757257252     
   49.459446958337679     
   49.438235590906046     
   49.432778654189200     
   49.423728841589231     
   49.473708100882206     
   49.467247714253631     
   49.424691856773215     
   49.432186046071635     
   49.414259875326344     
   49.381160175372514     
   49.385194418259616     
   49.388602076077930     
   49.385488917235413     
   49.418577556866083     
   49.398511034166098     
   49.414427917712565     
   49.380998101364661     
   49.373182645114710     
   49.408384384956300     
   49.425833555282111     
   49.417394682704312     
   49.419986459913375     
   49.418448203846303     
   49.384629616132109     
   49.369342858569553     
   49.382091089793768     
   49.365402507245271     
   49.375056776441369     
   49.390185218582850     
   49.385379584134199     
   49.348572994180174     
   49.349655865912794     
   49.304466026792618     
   49.286711595056993     
   49.291243545968086     
   49.311237123824363     
   49.337526368801392     
   49.320193718364749     
   49.326452311641411     
   49.332200049954231     
   49.354243348357052     
   49.304454919228021     
   49.239855976353013     
   49.221489990550637     
   49.160994591429684     
   49.202329559484177     
   49.197811535642082     
   49.205383707374210     
   49.215526357876811     
   49.197558258662518     
   49.173559869123892     
   49.178186026017627     
   49.207231718913896     
   49.219129380959451     
   49.258135366704906     
   49.261426889905621     
   49.281909584665613     
   49.301830067322065     
   49.339412981540711     
   49.327197151239488     
   49.292912414937007     
   49.325352549661218     
   49.309887723206039     
   49.332036579560061     
   49.308926790263655     
   49.294053337658639     
   49.304200963805400     
   49.268242728628252     
