   2.6500000000000000E-003
   7.5500000000000003E-003
   3.5000000000000000E-004
   5.0500000000000007E-003
   3.2000000000000002E-003
   3.0000000000000003E-004
   3.9000000000000003E-003
   1.5000000000000000E-003
   4.6500000000000005E-003
   1.5000000000000001E-004
   2.4000000000000002E-003
   1.0050000000000000E-002
   2.3500000000000001E-003
   3.8500000000000001E-003
   0.0000000000000000     
   2.0900000000000002E-002
   4.5000000000000005E-003
   4.7499999999999999E-003
   4.1000000000000003E-003
   3.0500000000000002E-003
   1.1000000000000001E-003
   7.1500000000000001E-003
   3.4000000000000002E-003
   2.7500000000000003E-003
   4.9500000000000004E-003
   2.4000000000000002E-003
   5.6500000000000005E-003
   1.5000000000000000E-003
   6.8500000000000002E-003
   4.0499999999999998E-003
   6.2000000000000006E-003
   1.0700000000000001E-002
   3.0500000000000002E-003
   1.3500000000000001E-003
   3.2000000000000002E-003
   3.5000000000000001E-003
   8.8999999999999999E-003
   2.3000000000000000E-003
   2.9000000000000002E-003
   2.1000000000000003E-003
   4.0000000000000002E-004
   6.9999999999999999E-004
   3.8000000000000000E-003
   6.6500000000000005E-003
   5.8000000000000005E-003
   4.2000000000000006E-003
   9.5000000000000000E-004
   7.7000000000000002E-003
   8.7500000000000008E-003
   1.1200000000000000E-002
   4.0499999999999998E-003
   1.3500000000000000E-002
   3.8000000000000000E-003
   1.1650000000000001E-002
   5.2500000000000003E-003
   2.7500000000000003E-003
   4.8000000000000004E-003
   3.6000000000000003E-003
   1.9000000000000000E-003
   2.2000000000000001E-003
   2.9000000000000002E-003
   5.4000000000000003E-003
   1.5000000000000000E-003
   1.0100000000000001E-002
   4.0000000000000002E-004
   5.7499999999999999E-003
   3.6000000000000003E-003
   2.8000000000000000E-003
   2.1000000000000003E-003
   1.8000000000000002E-003
   4.5000000000000004E-004
   6.0000000000000006E-004
   4.3500000000000006E-003
   4.5000000000000005E-003
   1.9000000000000000E-003
   5.1500000000000001E-003
   5.8999999999999999E-003
   1.6500000000000000E-003
   3.9000000000000003E-003
   1.4000000000000000E-003
   5.0500000000000007E-003
   3.2500000000000003E-003
   2.4499999999999999E-003
   2.9000000000000002E-003
   5.1000000000000004E-003
   3.8000000000000000E-003
   7.1500000000000001E-003
   5.4500000000000000E-003
   1.6000000000000001E-003
   5.0000000000000001E-004
   9.7000000000000003E-003
   8.7500000000000008E-003
   1.2350000000000000E-002
   3.2000000000000002E-003
   1.6800000000000002E-002
   1.3300000000000001E-002
   2.7500000000000003E-003
   6.0000000000000006E-004
   2.9000000000000002E-003
   3.0500000000000002E-003
   1.8500000000000001E-003
   2.7000000000000001E-003
   5.2000000000000006E-003
   2.7000000000000001E-003
   2.8500000000000001E-003
   6.4000000000000003E-003
   1.7000000000000001E-003
   6.5000000000000008E-004
   1.8000000000000002E-003
   4.1500000000000000E-003
   4.1000000000000003E-003
   2.6000000000000003E-003
   3.7000000000000002E-003
   1.2000000000000001E-003
   5.0500000000000007E-003
   4.7499999999999999E-003
   1.9000000000000000E-003
   2.8500000000000001E-003
   3.3500000000000001E-003
   5.3000000000000000E-003
   9.6000000000000009E-003
   3.5000000000000001E-003
   4.2000000000000006E-003
   2.3000000000000000E-003
   3.9500000000000004E-003
   3.3500000000000001E-003
   4.4500000000000000E-003
   3.0000000000000001E-003
   4.7499999999999999E-003
   3.7000000000000002E-003
   4.3000000000000000E-003
   3.1000000000000003E-003
   4.3500000000000006E-003
   2.6500000000000000E-003
   9.5000000000000000E-004
   4.5000000000000005E-003
   3.9500000000000004E-003
   1.2000000000000001E-003
   1.9500000000000001E-003
   2.8000000000000000E-003
   3.6000000000000003E-003
   5.8999999999999999E-003
   5.0000000000000001E-004
   5.1500000000000001E-003
   4.3000000000000000E-003
   3.2000000000000002E-003
   4.5000000000000005E-003
   4.2000000000000006E-003
   3.7000000000000002E-003
   7.9500000000000005E-003
   4.2000000000000006E-003
   4.9500000000000004E-003
   1.1000000000000001E-003
   6.1000000000000004E-003
   2.1500000000000000E-003
   7.8000000000000005E-003
   4.5000000000000005E-003
   1.4000000000000000E-003
   3.5500000000000002E-003
   1.4000000000000000E-003
   3.0000000000000001E-003
   4.2000000000000006E-003
   7.9000000000000008E-003
   1.1500000000000000E-003
   6.0000000000000001E-003
   7.6500000000000005E-003
   9.7000000000000003E-003
   2.7000000000000001E-003
   4.4000000000000003E-003
   3.6500000000000000E-003
   2.7500000000000003E-003
   4.3000000000000000E-003
   0.0000000000000000     
   2.5000000000000001E-004
   1.2550000000000000E-002
   4.3500000000000006E-003
   3.8000000000000000E-003
   2.4000000000000002E-003
   3.2500000000000003E-003
   2.2000000000000001E-003
   1.5000000000000000E-003
   5.3500000000000006E-003
   2.9000000000000002E-003
   7.8000000000000005E-003
   2.5500000000000002E-003
   1.6000000000000001E-003
   5.8000000000000005E-003
   3.4000000000000002E-003
   3.6500000000000000E-003
   1.6500000000000000E-003
   2.0500000000000002E-003
   2.9499999999999999E-003
   3.5000000000000000E-004
   2.5000000000000001E-003
   1.8500000000000001E-003
   5.4000000000000003E-003
   3.4500000000000004E-003
   4.0000000000000002E-004
   3.6000000000000003E-003
   4.1500000000000000E-003
   9.0000000000000011E-003
   1.0000000000000000E-003
   2.9000000000000002E-003
   9.4000000000000004E-003
   6.5000000000000006E-003
   1.2000000000000001E-003
   1.5450000000000000E-002
   3.0000000000000001E-003
   8.2000000000000007E-003
   3.1000000000000003E-003
   2.0500000000000002E-003
   1.4250000000000001E-002
   5.3000000000000000E-003
   5.2500000000000003E-003
   4.8000000000000004E-003
   7.2500000000000004E-003
   8.0000000000000004E-004
   1.6900000000000002E-002
   1.2000000000000001E-003
   4.0499999999999998E-003
   1.7000000000000001E-003
   2.4000000000000002E-003
   3.7500000000000003E-003
   6.0000000000000001E-003
   7.9500000000000005E-003
   8.0000000000000004E-004
   8.7500000000000008E-003
   9.4000000000000004E-003
   5.5000000000000005E-003
   7.5500000000000003E-003
   6.2000000000000006E-003
   4.7499999999999999E-003
   2.9000000000000002E-003
   2.8000000000000000E-003
   3.4500000000000004E-003
   5.7000000000000002E-003
   1.6500000000000000E-003
   3.4000000000000002E-003
   5.1500000000000001E-003
   3.4000000000000002E-003
   4.0000000000000001E-003
   4.5000000000000004E-004
   8.0499999999999999E-003
   2.9000000000000002E-003
   6.8000000000000005E-003
   3.4000000000000002E-003
   5.7499999999999999E-003
   1.2000000000000001E-003
   4.7000000000000002E-003
   6.1500000000000001E-003
   6.8500000000000002E-003
   2.9000000000000002E-003
   3.4500000000000004E-003
   8.4500000000000009E-003
   1.3000000000000002E-003
   1.4400000000000001E-002
   8.0000000000000004E-004
   4.2000000000000006E-003
   2.7500000000000003E-003
   4.1000000000000003E-003
   1.1350000000000001E-002
   2.8000000000000000E-003
   9.9500000000000005E-003
   1.2900000000000000E-002
   5.4500000000000000E-003
   2.6000000000000003E-003
   2.7000000000000001E-003
   3.3000000000000000E-003
   6.2000000000000006E-003
   2.1000000000000003E-003
   1.6500000000000000E-003
   1.0000000000000000E-004
   2.3000000000000000E-003
   7.3500000000000006E-003
   7.6500000000000005E-003
   7.2000000000000007E-003
   3.0500000000000002E-003
   6.8500000000000002E-003
   2.5500000000000002E-003
   1.2500000000000001E-002
   5.0000000000000002E-005
   9.0500000000000008E-003
   1.3000000000000002E-003
   1.2000000000000001E-003
   3.5500000000000002E-003
   2.4000000000000002E-003
   1.2500000000000000E-003
   2.9000000000000002E-003
   1.9500000000000001E-003
   3.0500000000000002E-003
   1.2000000000000001E-003
   6.0000000000000006E-004
   2.1000000000000003E-003
   1.3000000000000001E-002
   0.0000000000000000     
   2.8500000000000001E-003
   1.2500000000000000E-003
   2.9000000000000002E-003
   4.5000000000000005E-003
   3.5000000000000001E-003
   3.3000000000000000E-003
   3.2500000000000003E-003
   3.5500000000000002E-003
   3.7000000000000002E-003
   2.4499999999999999E-003
   6.9500000000000004E-003
   3.4500000000000004E-003
   3.9000000000000003E-003
   5.9500000000000004E-003
   6.5000000000000006E-003
   9.7999999999999997E-003
   2.9000000000000002E-003
   3.1500000000000000E-003
   3.3000000000000000E-003
   8.5500000000000003E-003
   2.1500000000000000E-003
   6.9999999999999999E-004
   3.5000000000000001E-003
   1.2500000000000000E-003
   4.9500000000000004E-003
   4.7000000000000002E-003
   6.9500000000000004E-003
   5.8000000000000005E-003
   1.4500000000000001E-003
   3.9500000000000004E-003
   2.1500000000000000E-003
   5.2000000000000006E-003
   2.3000000000000000E-003
   2.8000000000000000E-003
   4.7499999999999999E-003
   4.7499999999999999E-003
   4.8000000000000004E-003
   5.0500000000000007E-003
   3.0500000000000002E-003
   3.8000000000000000E-003
   2.8000000000000000E-003
   2.1000000000000003E-003
   6.5000000000000006E-003
   1.5000000000000000E-003
   2.1000000000000003E-003
   6.0500000000000007E-003
   5.4000000000000003E-003
   1.0900000000000000E-002
   2.4000000000000002E-003
   3.5000000000000001E-003
   1.7500000000000000E-003
   7.9000000000000008E-003
   3.7000000000000002E-003
   7.5000000000000006E-003
   3.3000000000000000E-003
   1.7000000000000001E-003
   1.4500000000000001E-003
   1.0500000000000002E-003
   2.8500000000000001E-003
   3.8000000000000000E-003
   1.9500000000000001E-003
   3.4500000000000004E-003
   4.4000000000000003E-003
   3.5000000000000000E-004
   5.5999999999999999E-003
   6.4000000000000003E-003
   2.0750000000000001E-002
   3.1500000000000000E-003
   1.2850000000000000E-002
   1.1200000000000000E-002
   5.1500000000000001E-003
   7.1500000000000001E-003
   9.1999999999999998E-003
   2.6500000000000000E-003
   2.4300000000000002E-002
   5.9500000000000004E-003
   2.5500000000000002E-003
   5.5000000000000005E-003
   4.4500000000000000E-003
   3.7000000000000002E-003
   4.9500000000000004E-003
   1.4050000000000000E-002
   6.4000000000000003E-003
   1.0000000000000000E-003
   7.6500000000000005E-003
   6.3000000000000000E-003
   4.1500000000000000E-003
   4.5500000000000002E-003
   1.5500000000000002E-003
   4.6500000000000005E-003
   4.6500000000000005E-003
   1.4500000000000001E-003
   1.2500000000000000E-003
   5.3000000000000000E-003
   3.7500000000000003E-003
   1.0850000000000000E-002
   1.4000000000000000E-003
   2.4000000000000002E-003
   6.1500000000000001E-003
   1.2000000000000001E-003
   9.4500000000000001E-003
   6.0000000000000001E-003
   3.4000000000000002E-003
   7.9000000000000008E-003
   8.2000000000000007E-003
   5.1000000000000004E-003
   2.4499999999999999E-003
   5.5000000000000005E-003
   4.5500000000000002E-003
   6.9500000000000004E-003
   1.2300000000000000E-002
   8.4000000000000012E-003
   9.1999999999999998E-003
   1.3650000000000001E-002
   2.4000000000000002E-003
   4.2000000000000006E-003
   4.5000000000000005E-003
   3.0000000000000001E-003
   6.9000000000000008E-003
   3.4500000000000004E-003
   1.9000000000000000E-003
   4.3500000000000006E-003
   6.1000000000000004E-003
   3.3000000000000000E-003
   2.3500000000000001E-003
   8.5500000000000003E-003
   3.8500000000000001E-003
   2.0500000000000002E-003
   1.3500000000000001E-003
   5.9500000000000004E-003
   2.0000000000000001E-004
   2.0000000000000000E-003
   5.1500000000000001E-003
   4.0000000000000001E-003
   1.6500000000000000E-003
   5.5000000000000003E-004
   4.8500000000000001E-003
   6.7000000000000002E-003
   1.6000000000000001E-003
   1.0000000000000000E-003
   4.0499999999999998E-003
   4.6500000000000005E-003
   4.9500000000000004E-003
   3.0500000000000002E-003
   1.8000000000000002E-003
   5.0000000000000001E-003
   8.7500000000000008E-003
   3.2500000000000003E-003
   5.2500000000000003E-003
   1.9000000000000000E-003
   3.0000000000000003E-004
   3.5500000000000002E-003
   7.6000000000000000E-003
   4.6500000000000005E-003
   2.3500000000000001E-003
   4.4000000000000003E-003
   7.5000000000000006E-003
   2.2500000000000003E-003
   3.5500000000000002E-003
   1.0000000000000000E-003
   8.0999999999999996E-003
   1.0550000000000000E-002
   2.0500000000000002E-003
   6.4000000000000003E-003
   1.4500000000000001E-002
   0.0000000000000000     
   6.3500000000000006E-003
   4.4500000000000000E-003
   4.3000000000000000E-003
   1.9000000000000000E-003
   2.3000000000000000E-003
   2.2500000000000003E-003
   2.2800000000000001E-002
   6.9500000000000004E-003
   5.8999999999999999E-003
   4.5999999999999999E-003
   6.0500000000000007E-003
   1.6500000000000000E-003
   3.1000000000000003E-003
   9.0000000000000008E-004
   4.4500000000000000E-003
   1.8500000000000001E-003
   8.5000000000000006E-004
   5.8999999999999999E-003
   4.4000000000000003E-003
   6.5000000000000008E-004
   1.1000000000000001E-003
   1.0000000000000000E-004
   9.0000000000000008E-004
   2.5000000000000001E-004
   9.5500000000000012E-003
   7.2000000000000007E-003
   3.1500000000000000E-003
   8.0499999999999999E-003
   2.9499999999999999E-003
   1.0300000000000000E-002
   2.9499999999999999E-003
   4.6500000000000005E-003
   6.3500000000000006E-003
   1.0300000000000000E-002
   2.6000000000000003E-003
   6.0000000000000006E-004
   7.2500000000000004E-003
   2.8000000000000000E-003
   6.1500000000000001E-003
   2.3500000000000001E-003
   3.7500000000000003E-003
   1.5000000000000001E-004
   8.1500000000000010E-003
   5.7000000000000002E-003
   2.9499999999999999E-003
   4.3500000000000006E-003
   3.8000000000000000E-003
   1.6000000000000001E-003
   8.3000000000000001E-003
   2.7000000000000001E-003
   5.6500000000000005E-003
   9.9000000000000008E-003
   3.9000000000000003E-003
   8.7000000000000011E-003
   2.1500000000000000E-003
   1.8950000000000002E-002
   5.8000000000000005E-003
   6.6500000000000005E-003
   2.4499999999999999E-003
   2.2000000000000001E-003
   1.0100000000000001E-002
   1.6000000000000001E-003
   4.3000000000000000E-003
   1.0000000000000000E-002
   6.9999999999999999E-004
   1.7500000000000000E-003
   1.5000000000000000E-003
   1.5000000000000000E-003
   2.0000000000000001E-004
   4.1000000000000003E-003
   1.4000000000000000E-003
   8.8500000000000002E-003
   1.4600000000000000E-002
   6.9000000000000008E-003
   4.5500000000000002E-003
   8.0499999999999999E-003
   2.4499999999999999E-003
   4.7499999999999999E-003
   1.4000000000000000E-003
   2.6500000000000000E-003
   5.1000000000000004E-003
   3.6500000000000000E-003
   3.0500000000000002E-003
   6.7499999999999999E-003
   2.1000000000000003E-003
   2.3500000000000001E-003
   6.0000000000000001E-003
   9.3500000000000007E-003
   7.2000000000000007E-003
   8.5000000000000006E-004
   4.0000000000000002E-004
   6.1000000000000004E-003
   8.4500000000000009E-003
   7.0500000000000007E-003
   3.1500000000000000E-003
   2.0500000000000002E-003
   6.5500000000000003E-003
   1.0700000000000001E-002
   1.8000000000000002E-003
   2.8000000000000000E-003
   1.1500000000000000E-003
   2.5000000000000001E-003
   1.7500000000000000E-003
   2.8000000000000000E-003
   4.2500000000000003E-003
   2.2500000000000003E-003
   7.5500000000000003E-003
   7.8000000000000005E-003
   5.8500000000000002E-003
   0.0000000000000000     
   6.0000000000000006E-004
   1.7000000000000001E-003
   4.1000000000000003E-003
   3.4000000000000002E-003
   3.5500000000000002E-003
   7.5000000000000002E-004
   3.5000000000000001E-003
   5.0000000000000002E-005
   8.5000000000000006E-004
   2.1650000000000003E-002
   4.0499999999999998E-003
   5.3500000000000006E-003
   4.2500000000000003E-003
   9.4999999999999998E-003
   4.7499999999999999E-003
   1.8500000000000001E-003
   9.5000000000000000E-004
   2.0000000000000000E-003
   5.7499999999999999E-003
   4.3000000000000000E-003
   1.1000000000000001E-003
   2.1000000000000003E-003
   6.8000000000000005E-003
   3.0000000000000003E-004
   7.5500000000000003E-003
   3.2000000000000002E-003
   4.5000000000000005E-003
   4.8999999999999998E-003
   3.9500000000000004E-003
   1.7500000000000000E-003
   9.9000000000000008E-003
   9.6500000000000006E-003
   7.6000000000000000E-003
   1.0000000000000000E-003
   1.0000000000000000E-004
   2.9000000000000002E-003
   1.2400000000000001E-002
   6.1500000000000001E-003
   2.5000000000000001E-003
   2.5500000000000002E-003
   8.4500000000000009E-003
   3.5500000000000002E-003
   6.6500000000000005E-003
   2.4000000000000002E-003
   3.3000000000000000E-003
   3.9500000000000004E-003
   6.3500000000000006E-003
   5.2000000000000006E-003
   8.0999999999999996E-003
   1.6000000000000001E-003
   1.2000000000000001E-003
   3.3500000000000001E-003
   3.4000000000000002E-003
   1.5200000000000000E-002
   3.6000000000000003E-003
   5.2000000000000006E-003
   8.5000000000000006E-003
   4.3500000000000006E-003
   4.7000000000000002E-003
   9.5000000000000000E-004
   7.9500000000000005E-003
   1.3500000000000001E-003
   1.6500000000000000E-003
   9.9000000000000008E-003
   4.8999999999999998E-003
   4.4000000000000003E-003
   5.6500000000000005E-003
   2.5000000000000001E-003
   9.8500000000000011E-003
   4.2500000000000003E-003
   5.5999999999999999E-003
   5.7000000000000002E-003
   2.1500000000000000E-003
   2.3500000000000001E-003
   2.0500000000000002E-003
   4.9500000000000004E-003
   1.1150000000000000E-002
   5.9500000000000004E-003
   1.2500000000000000E-003
   5.9500000000000004E-003
   4.6500000000000005E-003
   1.5000000000000000E-003
   4.1500000000000000E-003
   7.6000000000000000E-003
   6.0500000000000007E-003
   5.0000000000000001E-003
   5.3000000000000000E-003
   7.8500000000000011E-003
   1.3350000000000001E-002
   2.2000000000000001E-003
   2.2000000000000001E-003
   6.4500000000000000E-003
   4.1000000000000003E-003
   1.5800000000000002E-002
   2.8500000000000001E-003
   3.4000000000000002E-003
   5.4500000000000000E-003
   2.4000000000000002E-003
   7.3500000000000006E-003
   3.9500000000000004E-003
   1.5000000000000001E-004
   2.0500000000000002E-003
   7.4000000000000003E-003
   5.2000000000000006E-003
   6.5500000000000003E-003
   7.3500000000000006E-003
   4.4500000000000000E-003
   2.4000000000000002E-003
   1.0000000000000000E-003
   6.0000000000000006E-004
   5.5500000000000002E-003
   3.6000000000000003E-003
   2.5000000000000001E-003
   9.2500000000000013E-003
   2.7000000000000001E-003
   5.0500000000000007E-003
   4.2000000000000006E-003
   6.4500000000000000E-003
   4.8500000000000001E-003
   9.5000000000000000E-004
   4.4500000000000000E-003
   1.8500000000000001E-003
   3.5500000000000002E-003
   2.9499999999999999E-003
   1.2550000000000000E-002
   5.8000000000000005E-003
   0.0000000000000000     
   9.6000000000000009E-003
   2.8000000000000000E-003
   2.1500000000000000E-003
   8.0000000000000002E-003
   3.9500000000000004E-003
   3.6500000000000000E-003
   2.2500000000000003E-003
   2.9000000000000002E-003
   3.6000000000000003E-003
   8.4000000000000012E-003
   1.9000000000000000E-003
   3.4500000000000004E-003
   1.1450000000000000E-002
   5.6500000000000005E-003
   2.7500000000000003E-003
   1.9500000000000001E-003
   2.1000000000000003E-003
   1.2500000000000000E-003
   1.0000000000000000E-003
   3.2500000000000003E-003
   4.3500000000000006E-003
   2.9499999999999999E-003
   2.9000000000000002E-003
   5.1500000000000001E-003
   5.7000000000000002E-003
   2.4499999999999999E-003
   8.3499999999999998E-003
   4.0000000000000001E-003
   4.1500000000000000E-003
   8.7500000000000008E-003
   3.8000000000000000E-003
   3.8000000000000000E-003
   2.4000000000000002E-003
   3.4000000000000002E-003
   6.2500000000000003E-003
   2.6000000000000003E-003
   1.9250000000000000E-002
   8.3499999999999998E-003
   2.1500000000000000E-003
   8.5000000000000006E-004
   9.1500000000000001E-003
   3.7500000000000003E-003
   2.2500000000000003E-003
   6.2500000000000003E-003
   3.4500000000000004E-003
   6.9000000000000008E-003
   5.4500000000000000E-003
   1.0500000000000002E-003
   1.8500000000000001E-003
   2.1000000000000003E-003
   4.2000000000000006E-003
   5.5999999999999999E-003
   1.6500000000000000E-003
   1.9500000000000001E-003
   1.5500000000000002E-003
   3.5500000000000002E-003
   1.7500000000000000E-003
   7.5000000000000002E-004
   9.2500000000000013E-003
   1.4050000000000000E-002
   1.3600000000000001E-002
   5.5999999999999999E-003
   7.3000000000000001E-003
   4.8000000000000004E-003
   5.5999999999999999E-003
   1.7000000000000001E-003
   4.6500000000000005E-003
   7.2000000000000007E-003
   4.0499999999999998E-003
   9.4500000000000001E-003
   4.1000000000000003E-003
   3.4000000000000002E-003
   4.2500000000000003E-003
   3.2500000000000003E-003
   1.0000000000000000E-003
   1.7500000000000000E-003
   4.7000000000000002E-003
   3.5000000000000000E-004
   4.1500000000000000E-003
   2.2000000000000001E-003
   3.1500000000000000E-003
   4.8999999999999998E-003
   1.4500000000000001E-003
   3.1000000000000003E-003
   2.1500000000000000E-003
   2.9499999999999999E-003
   8.0000000000000004E-004
   8.1500000000000010E-003
   5.9500000000000004E-003
   4.5000000000000004E-004
   4.0000000000000002E-004
   4.8500000000000001E-003
   3.0000000000000001E-003
   4.0499999999999998E-003
   1.6000000000000001E-003
   6.0000000000000001E-003
   1.1000000000000001E-003
   4.7000000000000002E-003
   6.5500000000000003E-003
   5.3500000000000006E-003
   1.1100000000000000E-002
   9.4999999999999998E-003
   2.8000000000000000E-003
   3.8000000000000000E-003
   5.0500000000000007E-003
   1.6000000000000001E-003
   5.8000000000000005E-003
   2.3500000000000001E-003
   6.3000000000000000E-003
   1.4500000000000001E-003
   5.0000000000000001E-004
   5.5500000000000002E-003
   9.7000000000000003E-003
   6.2500000000000003E-003
   3.0500000000000002E-003
   2.7000000000000001E-003
   5.8999999999999999E-003
   1.1250000000000001E-002
   4.0499999999999998E-003
   3.7000000000000002E-003
   2.0500000000000002E-003
   2.7000000000000001E-003
   3.1500000000000000E-003
   2.3500000000000001E-003
   2.6500000000000000E-003
   2.6000000000000003E-003
   4.7000000000000002E-003
   4.2000000000000006E-003
   3.3500000000000001E-003
   5.0000000000000002E-005
   6.2000000000000006E-003
   5.0000000000000001E-003
   2.7000000000000001E-003
   2.5000000000000001E-003
   3.5500000000000002E-003
   3.4500000000000004E-003
   5.1000000000000004E-003
   5.1000000000000004E-003
   5.8999999999999999E-003
   7.5000000000000006E-003
   2.6000000000000003E-003
   8.6499999999999997E-003
   1.2500000000000000E-003
   6.9500000000000004E-003
   4.4000000000000003E-003
   3.5500000000000002E-003
   4.1000000000000003E-003
   2.9000000000000002E-003
   1.6500000000000000E-003
   1.7500000000000000E-003
   5.2000000000000006E-003
   8.8000000000000005E-003
   2.0500000000000002E-003
   5.4000000000000003E-003
   8.9499999999999996E-003
   1.2000000000000001E-003
   2.0500000000000002E-003
   8.0000000000000004E-004
   1.2000000000000001E-003
   2.1500000000000000E-003
   2.1800000000000000E-002
   8.3499999999999998E-003
   1.2200000000000001E-002
   1.7500000000000000E-003
   3.2500000000000003E-003
   1.6500000000000001E-002
   1.0700000000000001E-002
   1.1650000000000001E-002
   6.9999999999999999E-004
   3.4000000000000002E-003
   2.8500000000000001E-003
   6.5000000000000008E-004
   6.2500000000000003E-003
   4.2000000000000006E-003
   6.2000000000000006E-003
   3.1500000000000000E-003
   1.4000000000000000E-003
   2.3500000000000001E-003
   1.0500000000000002E-003
   2.3000000000000000E-003
   6.5500000000000003E-003
   5.4000000000000003E-003
   1.7049999999999999E-002
   1.4000000000000000E-003
   6.0000000000000006E-004
   9.1000000000000004E-003
   3.1500000000000000E-003
   3.0500000000000002E-003
   1.1850000000000001E-002
   4.6500000000000005E-003
   9.0000000000000008E-004
   2.5500000000000002E-003
   4.0499999999999998E-003
   1.3800000000000002E-002
   7.1000000000000004E-003
   2.0000000000000000E-003
   2.9499999999999999E-003
   6.1000000000000004E-003
   5.2000000000000006E-003
   6.9999999999999999E-004
   9.4500000000000001E-003
   1.5500000000000002E-003
   3.9500000000000004E-003
   1.1500000000000000E-003
   5.3000000000000000E-003
   9.0000000000000011E-003
   1.9500000000000001E-003
   4.3500000000000006E-003
   9.1999999999999998E-003
   1.0400000000000001E-002
   1.6500000000000000E-003
   1.5000000000000000E-003
   9.6500000000000006E-003
   4.1000000000000003E-003
   4.4500000000000000E-003
   2.0500000000000002E-003
   6.1000000000000004E-003
   4.1500000000000000E-003
   1.5850000000000000E-002
   1.2000000000000001E-003
   8.6499999999999997E-003
   1.9000000000000000E-003
   1.0000000000000000E-003
   7.0000000000000001E-003
   7.1000000000000004E-003
   2.5500000000000002E-003
   2.8000000000000000E-003
   2.1500000000000000E-003
   3.1500000000000000E-003
   1.0500000000000002E-003
   4.5500000000000002E-003
   1.0000000000000000E-004
   2.2500000000000003E-003
   1.0000000000000000E-003
   0.0000000000000000     
   4.3500000000000006E-003
   3.0000000000000001E-003
   4.7499999999999999E-003
   9.5000000000000000E-004
   3.8000000000000000E-003
   5.2500000000000003E-003
   3.8500000000000001E-003
   6.3000000000000000E-003
   6.6000000000000000E-003
   3.4000000000000002E-003
   1.0500000000000002E-003
   7.5500000000000003E-003
   4.1500000000000000E-003
   1.0350000000000000E-002
   7.2500000000000004E-003
   3.4000000000000002E-003
   2.5000000000000001E-004
   7.5000000000000006E-003
   3.4500000000000004E-003
   3.0000000000000001E-003
   1.3500000000000001E-003
   1.5000000000000001E-004
   5.0500000000000007E-003
   4.1000000000000003E-003
   1.6500000000000000E-003
   1.8500000000000001E-003
   1.2000000000000001E-003
   6.2500000000000003E-003
   2.1000000000000003E-003
   2.0000000000000001E-004
   3.9000000000000003E-003
   2.2000000000000001E-003
   1.2950000000000001E-002
   1.5750000000000000E-002
   4.4500000000000000E-003
   4.0000000000000001E-003
   3.4500000000000004E-003
   1.0450000000000001E-002
   4.5000000000000004E-004
   6.6500000000000005E-003
   3.6000000000000003E-003
   2.5500000000000002E-003
   1.7500000000000000E-003
   2.5000000000000001E-003
   2.1000000000000003E-003
   4.7499999999999999E-003
   6.5000000000000008E-004
   2.6500000000000000E-003
   1.8000000000000002E-003
   1.1500000000000000E-003
   1.8500000000000001E-003
   2.9499999999999999E-003
   7.1500000000000001E-003
   3.9000000000000003E-003
   8.6499999999999997E-003
   1.0500000000000001E-002
   3.6000000000000003E-003
   1.3000000000000002E-003
   6.4500000000000000E-003
   1.2400000000000001E-002
   5.1000000000000004E-003
   1.2200000000000001E-002
   5.0000000000000001E-003
   2.8500000000000001E-003
   6.2500000000000003E-003
   4.4000000000000003E-003
   8.7000000000000011E-003
   3.3000000000000000E-003
   3.2500000000000003E-003
   7.5000000000000006E-003
   1.1750000000000000E-002
   9.3000000000000010E-003
   1.0400000000000001E-002
   8.0000000000000004E-004
   1.0500000000000002E-003
   1.2300000000000000E-002
   1.4450000000000001E-002
   2.2500000000000003E-003
   3.4500000000000004E-003
   5.4000000000000003E-003
   5.3000000000000000E-003
   4.1000000000000003E-003
   1.3500000000000001E-003
   5.1000000000000004E-003
   5.6500000000000005E-003
   7.3500000000000006E-003
   3.4500000000000004E-003
   7.6500000000000005E-003
   1.3050000000000001E-002
   1.0000000000000000E-004
   2.3000000000000000E-003
   9.5000000000000000E-004
   1.0700000000000001E-002
   1.3500000000000001E-003
   1.5500000000000002E-003
   4.8500000000000001E-003
   1.1600000000000001E-002
   6.2000000000000006E-003
   7.8500000000000011E-003
   2.0500000000000002E-003
   5.3500000000000006E-003
   2.4499999999999999E-003
   2.8000000000000000E-003
   7.5500000000000003E-003
   1.5500000000000002E-003
   3.7000000000000002E-003
   1.8000000000000002E-003
   2.5500000000000002E-003
   1.8600000000000002E-002
   5.2000000000000006E-003
   4.0499999999999998E-003
   5.7499999999999999E-003
   1.8000000000000002E-003
   4.8000000000000004E-003
   1.8500000000000001E-003
   3.3500000000000001E-003
   4.2000000000000006E-003
   5.6500000000000005E-003
   3.0000000000000001E-003
   3.1500000000000000E-003
   1.6000000000000001E-003
   4.2000000000000006E-003
   5.8000000000000005E-003
   2.9499999999999999E-003
   7.6000000000000000E-003
   1.1950000000000001E-002
   5.3000000000000000E-003
   4.0499999999999998E-003
   1.0000000000000000E-002
   4.7499999999999999E-003
   6.8000000000000005E-003
   1.4000000000000000E-003
   5.8500000000000002E-003
   5.4000000000000003E-003
   2.4499999999999999E-003
   4.0499999999999998E-003
   2.9000000000000002E-003
   5.0000000000000002E-005
   3.4500000000000004E-003
   1.0050000000000000E-002
   7.9500000000000005E-003
   3.3000000000000000E-003
   3.0000000000000001E-003
   3.3500000000000001E-003
   1.1650000000000001E-002
   2.3000000000000000E-003
   1.2000000000000001E-003
   4.2000000000000006E-003
   1.9000000000000000E-003
   1.4000000000000000E-003
   2.8000000000000000E-003
   1.9500000000000001E-003
   1.3000000000000002E-003
   3.7000000000000002E-003
   4.4500000000000000E-003
   1.8500000000000001E-003
   5.5000000000000003E-004
   1.8500000000000001E-003
   6.3500000000000006E-003
   4.8000000000000004E-003
   2.5000000000000001E-004
   8.0499999999999999E-003
   4.8000000000000004E-003
   4.3000000000000000E-003
   9.0000000000000008E-004
   3.2500000000000003E-003
   1.6000000000000001E-003
   8.8000000000000005E-003
   2.1500000000000000E-003
   2.9499999999999999E-003
   1.1500000000000000E-002
   1.8500000000000001E-003
   2.7500000000000003E-003
   1.0000000000000000E-004
   3.9500000000000004E-003
   7.4000000000000003E-003
   5.2500000000000003E-003
   3.1000000000000003E-003
   2.1000000000000003E-003
   1.4000000000000000E-002
   2.6000000000000003E-003
   4.3500000000000006E-003
   3.0500000000000002E-003
   8.0000000000000004E-004
   2.6500000000000000E-003
   6.6500000000000005E-003
   3.9000000000000003E-003
   4.4500000000000000E-003
   1.2000000000000001E-003
   2.8000000000000000E-003
   1.5000000000000000E-003
   3.4000000000000002E-003
   3.2000000000000002E-003
   3.5500000000000002E-003
   3.7000000000000002E-003
   4.6500000000000005E-003
   9.1500000000000001E-003
   5.5500000000000002E-003
   5.0000000000000001E-003
   6.2000000000000006E-003
   1.0950000000000000E-002
   1.9500000000000001E-003
   3.0500000000000002E-003
   6.5000000000000006E-003
   2.9000000000000002E-003
   2.4000000000000002E-003
   2.9499999999999999E-003
   3.2500000000000003E-003
   2.1000000000000003E-003
   9.5500000000000012E-003
   1.3500000000000001E-003
   1.6500000000000000E-003
   2.8000000000000000E-003
   1.2500000000000000E-003
   5.0000000000000001E-004
   4.5999999999999999E-003
   7.5000000000000006E-003
   6.5000000000000008E-004
   3.7000000000000002E-003
   2.1000000000000003E-003
   2.3500000000000001E-003
   9.9000000000000008E-003
   5.7499999999999999E-003
   1.0550000000000000E-002
   9.4999999999999998E-003
   8.0000000000000004E-004
   6.4500000000000000E-003
   1.1500000000000000E-003
   7.5000000000000002E-004
   0.0000000000000000     
   5.5999999999999999E-003
   2.6000000000000003E-003
   1.5650000000000001E-002
   1.6000000000000001E-003
   5.0000000000000001E-004
   1.2000000000000001E-003
   7.5000000000000002E-004
   3.5500000000000002E-003
   2.5500000000000002E-003
   1.8000000000000002E-003
   1.0000000000000000E-004
   9.0000000000000011E-003
   6.3500000000000006E-003
   6.5500000000000003E-003
   4.0000000000000002E-004
   9.0000000000000011E-003
   1.0100000000000001E-002
   6.0500000000000007E-003
   2.9000000000000002E-003
   8.4000000000000012E-003
   8.0000000000000004E-004
   1.0600000000000000E-002
   1.5000000000000000E-003
   7.5000000000000006E-003
   2.0500000000000002E-003
   4.7000000000000002E-003
   4.2500000000000003E-003
   3.6500000000000000E-003
   6.4000000000000003E-003
   2.5000000000000001E-003
   1.6500000000000000E-003
   1.1250000000000001E-002
   9.9500000000000005E-003
   1.3500000000000001E-003
   2.3500000000000001E-003
   3.2500000000000003E-003
   2.3500000000000001E-003
   4.1500000000000000E-003
   1.2000000000000000E-002
   3.2500000000000003E-003
   5.4500000000000000E-003
   1.7750000000000002E-002
   4.4500000000000000E-003
   2.9000000000000002E-003
   6.9999999999999999E-004
   5.2500000000000003E-003
   1.0000000000000000E-002
   8.3000000000000001E-003
   2.4000000000000002E-003
   4.8999999999999998E-003
   3.0500000000000002E-003
   1.4000000000000000E-003
   8.1500000000000010E-003
   5.7000000000000002E-003
   9.6500000000000006E-003
   3.0000000000000001E-003
   6.8500000000000002E-003
   6.6000000000000000E-003
   3.5500000000000002E-003
   9.5500000000000012E-003
   2.5000000000000001E-003
   3.5500000000000002E-003
   3.4000000000000002E-003
   7.4000000000000003E-003
   3.7000000000000002E-003
   1.3900000000000001E-002
   8.0000000000000002E-003
   3.9500000000000004E-003
   6.5000000000000006E-003
   1.6000000000000001E-003
   6.4000000000000003E-003
   3.0000000000000001E-003
   4.7000000000000002E-003
   3.9500000000000004E-003
   9.4000000000000004E-003
   5.5999999999999999E-003
   1.3200000000000000E-002
   3.5500000000000002E-003
   6.9999999999999999E-004
   3.4000000000000002E-003
   3.7500000000000003E-003
   1.8000000000000002E-003
   2.5000000000000001E-004
   4.4000000000000003E-003
   5.2000000000000006E-003
   2.2500000000000003E-002
   1.4400000000000001E-002
   4.4500000000000000E-003
   9.5000000000000000E-004
   3.1000000000000003E-003
   6.3000000000000000E-003
   7.2000000000000007E-003
   3.0000000000000001E-003
   4.2000000000000006E-003
   5.0500000000000007E-003
   4.0000000000000001E-003
   8.6000000000000000E-003
   5.5500000000000002E-003
   3.8000000000000000E-003
   6.5500000000000003E-003
   3.4000000000000002E-003
   5.8000000000000005E-003
   8.8999999999999999E-003
   1.7000000000000001E-003
   3.1000000000000003E-003
   2.9499999999999999E-003
   7.2500000000000004E-003
   4.0499999999999998E-003
   8.5000000000000006E-004
   3.6500000000000000E-003
   4.5000000000000005E-003
   2.0000000000000000E-003
   3.8000000000000000E-003
   3.1000000000000003E-003
   3.9000000000000003E-003
   1.0500000000000002E-003
   3.1000000000000003E-003
   8.7500000000000008E-003
   6.9500000000000004E-003
   8.3000000000000001E-003
   6.9999999999999999E-004
   9.1000000000000004E-003
   4.8500000000000001E-003
   3.8500000000000001E-003
   6.5000000000000008E-004
   3.8000000000000000E-003
   1.9000000000000000E-003
   1.7500000000000000E-003
   1.6000000000000001E-003
   6.0500000000000007E-003
   9.5000000000000000E-004
   1.8500000000000001E-003
   3.2000000000000002E-003
   4.8500000000000001E-003
   6.2000000000000006E-003
   5.0000000000000001E-003
   1.5000000000000000E-003
   4.9500000000000004E-003
   2.8000000000000000E-003
   4.9500000000000004E-003
   5.2000000000000006E-003
   6.0000000000000001E-003
   4.5000000000000005E-003
   1.4450000000000001E-002
   1.1950000000000001E-002
   4.0000000000000001E-003
   3.1500000000000000E-003
   5.3500000000000006E-003
   6.9999999999999999E-004
   1.7000000000000001E-003
   3.4500000000000004E-003
   2.9499999999999999E-003
   2.3000000000000000E-003
   1.8050000000000000E-002
   3.8000000000000000E-003
   2.9000000000000002E-003
   4.6500000000000005E-003
   3.3500000000000001E-003
   8.7000000000000011E-003
   8.4500000000000009E-003
   6.9000000000000008E-003
   1.2850000000000000E-002
   2.3400000000000001E-002
   2.5000000000000001E-004
   4.0000000000000001E-003
   5.1500000000000001E-003
   2.2500000000000003E-003
   1.6500000000000000E-003
   0.0000000000000000     
   3.0000000000000003E-004
   8.6499999999999997E-003
   3.4500000000000004E-003
   2.4499999999999999E-003
   4.6500000000000005E-003
   6.0000000000000006E-004
   2.2050000000000000E-002
   3.7500000000000003E-003
   3.8500000000000001E-003
   1.3500000000000001E-003
   4.0499999999999998E-003
   1.7500000000000000E-003
   2.4000000000000002E-003
   8.2500000000000004E-003
   3.8500000000000001E-003
   3.7000000000000002E-003
   6.6500000000000005E-003
   3.6000000000000003E-003
   1.5850000000000000E-002
   1.7000000000000001E-003
   1.2500000000000000E-003
   2.9499999999999999E-003
   6.9999999999999999E-004
   3.5000000000000001E-003
   4.4000000000000003E-003
   5.2000000000000006E-003
   3.5000000000000001E-003
   4.0499999999999998E-003
   8.2500000000000004E-003
   1.9500000000000001E-003
   1.7000000000000001E-003
   4.3000000000000000E-003
   4.0000000000000002E-004
   1.2000000000000001E-003
   6.3500000000000006E-003
   4.7499999999999999E-003
   2.3000000000000000E-003
   1.7000000000000001E-003
   3.2000000000000002E-003
   7.5000000000000002E-004
   2.6500000000000000E-003
   2.5000000000000001E-003
   6.9999999999999999E-004
   8.7000000000000011E-003
   3.3000000000000000E-003
   9.4500000000000001E-003
   9.5000000000000000E-004
   9.8500000000000011E-003
   7.4000000000000003E-003
   6.9500000000000004E-003
   1.1150000000000000E-002
   5.8000000000000005E-003
   4.1500000000000000E-003
   8.8000000000000005E-003
   3.6500000000000000E-003
   3.5500000000000002E-003
   5.0000000000000001E-003
   7.0500000000000007E-003
   5.5000000000000003E-004
   1.2250000000000000E-002
   3.5000000000000001E-003
   9.8500000000000011E-003
   4.1000000000000003E-003
   1.0600000000000000E-002
   3.5000000000000001E-003
   5.8999999999999999E-003
   7.2000000000000007E-003
   8.6000000000000000E-003
   1.0700000000000001E-002
   5.8000000000000005E-003
   1.2500000000000000E-003
   1.5650000000000001E-002
   2.6000000000000003E-003
   3.2000000000000002E-003
   1.5600000000000001E-002
   5.9500000000000004E-003
   6.8000000000000005E-003
   1.1400000000000000E-002
   2.6000000000000003E-003
   5.0000000000000001E-003
   3.0000000000000001E-003
   7.0000000000000001E-003
   7.3000000000000001E-003
   6.9500000000000004E-003
   6.8000000000000005E-003
   2.5500000000000002E-003
   7.2000000000000007E-003
   3.6500000000000000E-003
   2.4499999999999999E-003
   2.6000000000000003E-003
   3.6000000000000003E-003
   5.1000000000000004E-003
   1.3000000000000002E-003
   8.9499999999999996E-003
   6.3500000000000006E-003
   3.9500000000000004E-003
   2.9499999999999999E-003
   6.4500000000000000E-003
   1.6000000000000001E-003
   6.4000000000000003E-003
   2.8500000000000001E-003
   3.8000000000000000E-003
   1.5700000000000002E-002
   1.4500000000000001E-003
   7.3000000000000001E-003
   7.3000000000000001E-003
   4.2500000000000003E-003
   7.4500000000000000E-003
   7.0000000000000001E-003
   5.0000000000000001E-003
   1.8000000000000002E-003
   2.5500000000000002E-003
   4.2000000000000006E-003
   5.1500000000000001E-003
   9.0500000000000008E-003
   8.7000000000000011E-003
   5.5500000000000002E-003
   2.9000000000000002E-003
   3.5000000000000001E-003
   2.0500000000000002E-003
   1.5150000000000000E-002
   3.4500000000000004E-003
   1.1500000000000000E-003
   4.8000000000000004E-003
   2.7000000000000001E-003
   1.2500000000000000E-003
   1.7700000000000000E-002
   4.2000000000000006E-003
   4.5500000000000002E-003
   3.5000000000000001E-003
   3.3000000000000000E-003
   5.0000000000000001E-003
   4.8500000000000001E-003
   4.6500000000000005E-003
   7.2000000000000007E-003
   6.0000000000000006E-004
   1.0000000000000000E-003
   1.3500000000000001E-003
   3.5000000000000001E-003
   3.7000000000000002E-003
   3.4000000000000002E-003
   5.8000000000000005E-003
   1.9500000000000001E-003
   3.9500000000000004E-003
   1.8500000000000001E-003
   2.1000000000000003E-003
   3.7500000000000003E-003
   8.5000000000000006E-004
   3.0500000000000002E-003
   1.1500000000000000E-003
   7.8000000000000005E-003
   5.3000000000000000E-003
   2.2000000000000001E-003
   2.9499999999999999E-003
   3.0000000000000001E-003
   4.9500000000000004E-003
   3.0500000000000002E-003
   3.8500000000000001E-003
   3.4500000000000004E-003
   5.0000000000000001E-004
   0.0000000000000000     
   4.0000000000000001E-003
   7.1000000000000004E-003
   2.4499999999999999E-003
   2.7500000000000003E-003
   3.5000000000000001E-003
   4.4000000000000003E-003
   1.3000000000000002E-003
   2.7000000000000001E-003
   1.9000000000000000E-003
   9.0000000000000008E-004
   3.5500000000000002E-003
   5.8000000000000005E-003
   2.0000000000000000E-003
   1.2500000000000000E-003
   6.6500000000000005E-003
   2.1000000000000003E-003
   2.8000000000000000E-003
   5.1500000000000001E-003
   4.4500000000000000E-003
   6.1500000000000001E-003
   8.0000000000000002E-003
   1.6350000000000000E-002
   1.7500000000000000E-003
   1.6000000000000001E-003
   3.5500000000000002E-003
   3.4000000000000002E-003
   9.9000000000000008E-003
   1.9500000000000001E-003
   1.8500000000000001E-003
   1.3500000000000001E-003
   1.7000000000000001E-003
   3.3000000000000000E-003
   1.4000000000000000E-003
   6.6500000000000005E-003
   1.8000000000000002E-003
   2.5000000000000001E-003
   1.1850000000000001E-002
   4.8000000000000004E-003
   6.3000000000000000E-003
   3.8500000000000001E-003
   1.1500000000000000E-003
   3.0000000000000001E-003
   4.8999999999999998E-003
   5.8500000000000002E-003
   4.8000000000000004E-003
   2.8500000000000001E-003
   2.4499999999999999E-003
   4.8999999999999998E-003
   7.5000000000000006E-003
   8.4500000000000009E-003
   7.6500000000000005E-003
   9.3000000000000010E-003
   3.4000000000000002E-003
   7.3500000000000006E-003
   2.9000000000000002E-003
   6.4500000000000000E-003
   4.0499999999999998E-003
   3.8500000000000001E-003
   5.8999999999999999E-003
   3.8000000000000000E-003
   9.6000000000000009E-003
   1.4000000000000000E-003
   1.4000000000000000E-003
   8.0999999999999996E-003
   1.2500000000000000E-003
   8.5000000000000006E-003
   6.2000000000000006E-003
   7.2000000000000007E-003
   6.6000000000000000E-003
   3.8000000000000000E-003
   2.0200000000000003E-002
   7.9500000000000005E-003
   3.5000000000000001E-003
   3.1000000000000003E-003
   7.3000000000000001E-003
   2.2000000000000001E-003
   1.1000000000000001E-003
   9.5000000000000000E-004
   3.2500000000000003E-003
   2.6500000000000000E-003
   4.1000000000000003E-003
   2.4000000000000002E-003
   5.7499999999999999E-003
   1.5000000000000001E-004
   7.3000000000000001E-003
   4.5000000000000004E-004
   5.0500000000000007E-003
   1.2700000000000001E-002
   1.1150000000000000E-002
   5.5000000000000005E-003
   6.5000000000000006E-003
   3.5000000000000000E-004
   6.0000000000000006E-004
   2.4000000000000000E-002
   6.0000000000000001E-003
   6.0000000000000001E-003
   1.1350000000000001E-002
   6.8000000000000005E-003
   1.4900000000000000E-002
   1.5200000000000000E-002
   6.4000000000000003E-003
   4.5999999999999999E-003
   7.5000000000000002E-004
   1.4500000000000001E-003
   4.2000000000000006E-003
   4.9500000000000004E-003
   1.2200000000000001E-002
   1.4500000000000001E-003
   1.6500000000000000E-003
   8.0999999999999996E-003
   3.1000000000000003E-003
   4.7000000000000002E-003
   1.9000000000000000E-003
   7.5500000000000003E-003
   9.3000000000000010E-003
   6.1000000000000004E-003
   1.0050000000000000E-002
   6.1000000000000004E-003
   2.2500000000000003E-003
   8.7000000000000011E-003
   8.5500000000000003E-003
   2.8500000000000001E-003
   1.5500000000000002E-003
   1.7500000000000000E-003
   7.5500000000000003E-003
   7.5500000000000003E-003
   2.6000000000000003E-003
   8.0000000000000004E-004
   4.8999999999999998E-003
   1.0100000000000001E-002
   5.2500000000000003E-003
   2.8000000000000000E-003
   4.5000000000000005E-003
   1.2000000000000001E-003
   5.8000000000000005E-003
   1.6500000000000000E-003
   5.9500000000000004E-003
   4.1500000000000000E-003
   6.4500000000000000E-003
   9.1999999999999998E-003
   6.6500000000000005E-003
   5.2000000000000006E-003
   6.4000000000000003E-003
   4.8500000000000001E-003
   3.5500000000000002E-003
   4.5500000000000002E-003
   1.7000000000000001E-003
   1.2000000000000001E-003
   2.0000000000000000E-003
   1.0000000000000000E-003
   8.4000000000000012E-003
   1.8000000000000002E-003
   3.6500000000000000E-003
   1.5000000000000001E-004
   3.0000000000000003E-004
   4.4000000000000003E-003
   6.2500000000000003E-003
   1.4000000000000000E-003
   4.5000000000000005E-003
   2.2500000000000003E-003
   7.0000000000000001E-003
   2.4499999999999999E-003
   1.1950000000000001E-002
   2.3500000000000001E-003
   1.9000000000000000E-003
   5.7000000000000002E-003
   2.0000000000000000E-003
   4.5500000000000002E-003
   3.5500000000000002E-003
   1.1000000000000001E-003
   1.2350000000000000E-002
   2.9000000000000002E-003
   2.1000000000000003E-003
   1.3700000000000000E-002
   3.4500000000000004E-003
   5.8000000000000005E-003
   9.1999999999999998E-003
   2.9499999999999999E-003
   2.3000000000000000E-003
   2.5000000000000001E-004
   3.9000000000000003E-003
   3.5500000000000002E-003
   6.5000000000000006E-003
   1.2150000000000001E-002
   5.8000000000000005E-003
   7.4500000000000000E-003
   0.0000000000000000     
   5.5000000000000003E-004
   2.0000000000000001E-004
   5.0000000000000001E-004
   3.4000000000000002E-003
   7.9000000000000008E-003
   8.0999999999999996E-003
   1.9000000000000000E-003
   3.2500000000000003E-003
   2.7500000000000003E-003
   1.5750000000000000E-002
   9.5000000000000000E-004
   5.7000000000000002E-003
   2.5500000000000002E-003
   7.1500000000000001E-003
   1.9000000000000000E-003
   8.4000000000000012E-003
   1.6000000000000001E-003
   6.2000000000000006E-003
   4.4000000000000003E-003
   6.3000000000000000E-003
   1.0000000000000000E-003
   4.3000000000000000E-003
   1.7500000000000000E-003
   3.9000000000000003E-003
   9.1000000000000004E-003
   6.0500000000000007E-003
   5.5500000000000002E-003
   1.3000000000000002E-003
   4.8000000000000004E-003
   2.8000000000000000E-003
   3.2500000000000003E-003
   1.3000000000000002E-003
   6.2500000000000003E-003
   6.5500000000000003E-003
   1.7700000000000000E-002
   6.8000000000000005E-003
   2.7500000000000003E-003
   2.6500000000000000E-003
   1.8000000000000002E-003
   3.5500000000000002E-003
   2.0500000000000002E-003
   1.2000000000000001E-003
   2.3000000000000000E-003
   2.2500000000000003E-003
   6.7499999999999999E-003
   2.2000000000000001E-003
   1.9500000000000001E-003
   3.1500000000000000E-003
   6.3000000000000000E-003
   3.0000000000000003E-004
   8.8999999999999999E-003
   8.2000000000000007E-003
   1.8250000000000002E-002
   1.3500000000000001E-003
   2.0050000000000002E-002
   4.1500000000000000E-003
   5.0000000000000001E-003
   3.2000000000000002E-003
   4.8000000000000004E-003
   3.0000000000000001E-003
   4.0499999999999998E-003
   1.0000000000000000E-004
   5.0000000000000002E-005
   7.2000000000000007E-003
   4.4000000000000003E-003
   6.5000000000000008E-004
   1.0100000000000001E-002
   3.0000000000000001E-003
   4.1000000000000003E-003
   5.4000000000000003E-003
   2.4000000000000002E-003
   5.0000000000000001E-004
   3.0000000000000003E-004
   5.4000000000000003E-003
   7.0000000000000001E-003
   3.4500000000000004E-003
   2.5000000000000001E-004
   1.0600000000000000E-002
   4.4500000000000000E-003
   6.9000000000000008E-003
   1.2000000000000001E-003
   3.1000000000000003E-003
   8.2500000000000004E-003
   6.1500000000000001E-003
   2.1000000000000003E-003
   5.0000000000000002E-005
   9.0000000000000011E-003
   6.4500000000000000E-003
   1.6300000000000002E-002
   1.9800000000000002E-002
   2.0500000000000002E-003
   2.6000000000000003E-003
   1.1250000000000001E-002
   1.4500000000000001E-003
   2.1500000000000000E-003
   3.3000000000000000E-003
   5.3000000000000000E-003
   2.0500000000000002E-003
   2.2500000000000003E-003
   1.9500000000000001E-003
   2.0500000000000002E-003
   1.9000000000000000E-003
   2.6500000000000000E-003
   3.8000000000000000E-003
   8.0999999999999996E-003
   2.3000000000000000E-003
   5.0000000000000002E-005
   6.2500000000000003E-003
   2.5500000000000002E-003
   1.8500000000000001E-003
   4.7499999999999999E-003
   4.0000000000000001E-003
   7.5000000000000002E-004
   3.4000000000000002E-003
   6.0000000000000001E-003
   2.3000000000000000E-003
   5.3500000000000006E-003
   3.2000000000000002E-003
   7.4000000000000003E-003
   3.8000000000000000E-003
   3.1500000000000000E-003
   2.0500000000000002E-003
   2.1500000000000000E-003
   3.6000000000000003E-003
   1.0000000000000000E-003
   4.0000000000000002E-004
   2.7500000000000003E-003
   8.3499999999999998E-003
   5.8000000000000005E-003
   8.3499999999999998E-003
   3.8500000000000001E-003
   2.9499999999999999E-003
   5.5999999999999999E-003
   5.5000000000000005E-003
   8.6499999999999997E-003
   8.7000000000000011E-003
   6.1000000000000004E-003
   4.5500000000000002E-003
   1.0600000000000000E-002
   9.1500000000000001E-003
   3.5500000000000002E-003
   4.1000000000000003E-003
   1.8000000000000002E-003
   5.5000000000000003E-004
   1.2550000000000000E-002
   6.1000000000000004E-003
   5.8500000000000002E-003
   1.5350000000000001E-002
   5.6500000000000005E-003
   6.2000000000000006E-003
   4.6500000000000005E-003
   9.7000000000000003E-003
   3.0000000000000003E-004
   5.2000000000000006E-003
   9.5500000000000012E-003
   6.9500000000000004E-003
   1.1350000000000001E-002
   5.0000000000000001E-003
   9.1500000000000001E-003
   7.5000000000000006E-003
   2.3500000000000001E-003
   3.3500000000000001E-003
   3.9000000000000003E-003
   4.8500000000000001E-003
   1.1450000000000000E-002
   2.5000000000000001E-004
   5.6500000000000005E-003
   6.3500000000000006E-003
   7.7000000000000002E-003
   5.7499999999999999E-003
   1.9500000000000001E-003
   3.9000000000000003E-003
   8.0000000000000004E-004
   4.7000000000000002E-003
   4.5000000000000004E-004
   6.4000000000000003E-003
   6.0500000000000007E-003
   3.1000000000000003E-003
   2.4000000000000002E-003
   5.2000000000000006E-003
   3.0000000000000001E-003
   5.6500000000000005E-003
   1.9000000000000000E-003
   7.0500000000000007E-003
   2.7500000000000003E-003
   7.5000000000000002E-004
   2.2000000000000001E-003
   7.1500000000000001E-003
   1.8749999999999999E-002
   2.8000000000000000E-003
   2.0000000000000000E-003
   3.2000000000000002E-003
   3.2000000000000002E-003
   4.2500000000000003E-003
   6.3000000000000000E-003
   4.4000000000000003E-003
   4.5500000000000002E-003
   5.0000000000000001E-003
   7.1000000000000004E-003
   6.9000000000000008E-003
   5.6500000000000005E-003
   6.8500000000000002E-003
   5.4000000000000003E-003
   2.1950000000000001E-002
   1.8500000000000001E-003
   0.0000000000000000     
   6.0000000000000001E-003
   3.3000000000000000E-003
   2.1000000000000003E-003
   1.1550000000000001E-002
   3.5500000000000002E-003
   4.2000000000000006E-003
   4.8000000000000004E-003
   5.7499999999999999E-003
   1.2150000000000001E-002
   9.1000000000000004E-003
   6.2500000000000003E-003
   4.0000000000000002E-004
   1.6000000000000001E-003
   5.1000000000000004E-003
   2.9499999999999999E-003
   9.1999999999999998E-003
   8.8000000000000005E-003
   7.3500000000000006E-003
   8.4500000000000009E-003
   3.6000000000000003E-003
   1.9900000000000001E-002
   1.1350000000000001E-002
   3.1000000000000003E-003
   2.2000000000000001E-003
   1.1150000000000000E-002
   9.5000000000000000E-004
   1.4000000000000000E-002
   8.2000000000000007E-003
   6.6000000000000000E-003
   5.3500000000000006E-003
   2.6500000000000000E-003
   9.7999999999999997E-003
   3.5500000000000002E-003
   7.8500000000000011E-003
   2.7500000000000003E-003
   1.7350000000000001E-002
   4.5999999999999999E-003
   3.8000000000000000E-003
   4.2500000000000003E-003
   1.6500000000000000E-003
   1.2250000000000000E-002
   3.5500000000000002E-003
   2.7500000000000003E-003
   1.1550000000000001E-002
   1.8500000000000001E-003
   2.3000000000000000E-003
   2.7000000000000001E-003
   3.5500000000000002E-003
   5.6500000000000005E-003
   5.0000000000000001E-003
   1.1300000000000001E-002
   4.7499999999999999E-003
   1.1000000000000001E-003
   3.8000000000000000E-003
   6.6500000000000005E-003
   2.5000000000000001E-004
   6.9999999999999999E-004
   1.8500000000000001E-003
   3.2500000000000003E-003
   7.0500000000000007E-003
   1.3000000000000002E-003
   8.5000000000000006E-004
   3.4000000000000002E-003
   1.6750000000000001E-002
   1.1000000000000001E-003
   1.1000000000000001E-003
   5.7000000000000002E-003
   2.8500000000000001E-003
   5.4000000000000003E-003
   1.8500000000000001E-003
   2.8500000000000001E-003
   5.0500000000000007E-003
   1.1000000000000001E-003
   3.3000000000000000E-003
   3.9000000000000003E-003
   1.0800000000000001E-002
   9.5000000000000000E-004
   4.0000000000000002E-004
   5.8000000000000005E-003
   3.6500000000000000E-003
   6.4000000000000003E-003
   1.1000000000000001E-003
   2.3000000000000000E-003
   3.1500000000000000E-003
   3.4000000000000002E-003
   1.1250000000000001E-002
   4.7499999999999999E-003
   7.6500000000000005E-003
   1.0000000000000000E-004
   0.0000000000000000     
   0.0000000000000000     
   0.0000000000000000     
   2.2500000000000003E-003
   2.2000000000000001E-003
   6.2500000000000003E-003
   3.5500000000000002E-003
   6.3000000000000000E-003
   1.9500000000000001E-003
   1.4650000000000002E-002
   2.3500000000000001E-003
   8.0999999999999996E-003
   8.5000000000000006E-004
   5.0000000000000001E-003
   5.7000000000000002E-003
   6.0500000000000007E-003
   5.6500000000000005E-003
   2.2950000000000002E-002
   5.8999999999999999E-003
   7.0000000000000001E-003
   1.0250000000000000E-002
   9.5500000000000012E-003
   8.0000000000000004E-004
   4.3000000000000000E-003
   4.0000000000000001E-003
   2.6000000000000003E-003
   3.4000000000000002E-003
   5.0000000000000002E-005
   9.5000000000000000E-004
   4.8999999999999998E-003
   3.0000000000000003E-004
   6.5000000000000006E-003
   3.9500000000000004E-003
   3.9000000000000003E-003
   1.5000000000000000E-003
   1.8000000000000002E-003
   4.8999999999999998E-003
   4.1500000000000000E-003
   1.3350000000000001E-002
   6.5000000000000006E-003
   1.2300000000000000E-002
   2.3000000000000000E-003
   1.1500000000000000E-003
   2.6500000000000000E-003
   5.2000000000000006E-003
   3.4500000000000004E-003
   2.7500000000000003E-003
   1.2000000000000001E-003
   3.5500000000000002E-003
   3.8000000000000000E-003
   1.1500000000000000E-003
   6.7499999999999999E-003
   4.5000000000000004E-004
   3.1500000000000000E-003
   2.9499999999999999E-003
   2.7000000000000001E-003
   1.0500000000000002E-003
   9.7000000000000003E-003
   3.4000000000000002E-003
   6.2000000000000006E-003
   7.5000000000000006E-003
   1.0550000000000000E-002
   4.7499999999999999E-003
   3.8000000000000000E-003
   2.7500000000000003E-003
   1.2150000000000001E-002
   1.6150000000000001E-002
   1.0050000000000000E-002
   1.8500000000000001E-003
   1.7500000000000000E-003
   0.0000000000000000     
   5.0000000000000002E-005
   5.0000000000000002E-005
   2.0500000000000002E-003
   0.0000000000000000     
   1.5000000000000001E-004
   8.8000000000000005E-003
   1.4750000000000001E-002
   4.0000000000000001E-003
   8.6000000000000000E-003
   4.1500000000000000E-003
   4.0499999999999998E-003
   2.2000000000000001E-003
   8.8999999999999999E-003
   5.0000000000000002E-005
   5.0000000000000001E-004
   5.5000000000000003E-004
   1.0850000000000000E-002
   1.0300000000000000E-002
   3.5500000000000002E-003
   1.7000000000000001E-003
   3.6000000000000003E-003
   2.4000000000000002E-003
   5.7000000000000002E-003
   4.6500000000000005E-003
   2.2000000000000001E-003
   5.8500000000000002E-003
   7.3500000000000006E-003
   3.4000000000000002E-003
   2.2500000000000003E-003
   5.0000000000000001E-004
   1.8000000000000002E-003
   4.5000000000000005E-003
   2.4000000000000002E-003
   1.0300000000000000E-002
   4.1500000000000000E-003
   2.8000000000000000E-003
   3.2000000000000002E-003
   4.0499999999999998E-003
   5.6500000000000005E-003
   6.5000000000000008E-004
   1.8500000000000001E-003
   9.1999999999999998E-003
   2.2500000000000003E-003
   8.0000000000000002E-003
   2.5000000000000001E-003
   6.8500000000000002E-003
   6.0000000000000006E-004
   2.8500000000000001E-003
   7.9500000000000005E-003
   8.3000000000000001E-003
   4.7499999999999999E-003
   2.3500000000000001E-003
   1.8000000000000002E-003
   1.2400000000000001E-002
   5.5000000000000003E-004
   0.0000000000000000     
   1.0000000000000000E-004
   8.0000000000000004E-004
   4.0000000000000001E-003
   3.1500000000000000E-003
   5.8000000000000005E-003
   4.2000000000000006E-003
   6.8500000000000002E-003
   8.0499999999999999E-003
   4.4500000000000000E-003
   1.4500000000000001E-003
   3.5000000000000000E-004
   1.0500000000000002E-003
   1.3350000000000001E-002
   4.6500000000000005E-003
   6.8000000000000005E-003
   9.7999999999999997E-003
   3.9500000000000004E-003
   3.3500000000000001E-003
   1.0000000000000000E-002
   1.5500000000000002E-003
   2.0500000000000002E-003
   7.3500000000000006E-003
   2.4400000000000002E-002
   3.9500000000000004E-003
   4.1500000000000000E-003
   5.1500000000000001E-003
   1.5000000000000001E-004
   4.8500000000000001E-003
   3.4500000000000004E-003
   4.8500000000000001E-003
   2.1500000000000000E-003
   2.3000000000000000E-003
   2.5000000000000001E-003
   4.1500000000000000E-003
   3.5500000000000002E-003
   1.3500000000000001E-003
   3.0000000000000001E-003
   7.5000000000000002E-004
   6.5000000000000008E-004
   4.0000000000000002E-004
   1.3000000000000002E-003
   5.4000000000000003E-003
   8.0000000000000004E-004
   3.2000000000000002E-003
   4.2000000000000006E-003
   4.7000000000000002E-003
   1.0700000000000001E-002
   7.5000000000000002E-004
   3.4500000000000004E-003
   3.1500000000000000E-003
   3.5000000000000001E-003
   2.6000000000000003E-003
   2.0000000000000000E-003
   1.9000000000000000E-003
   6.4000000000000003E-003
   9.3000000000000010E-003
   3.6000000000000003E-003
   6.7499999999999999E-003
   3.6500000000000000E-003
   3.8000000000000000E-003
   3.6000000000000003E-003
   9.0000000000000011E-003
   3.4500000000000004E-003
   4.0499999999999998E-003
   2.4499999999999999E-003
   2.0500000000000002E-003
   9.5000000000000000E-004
   2.4499999999999999E-003
   1.6500000000000000E-003
   9.0000000000000008E-004
   5.5000000000000003E-004
   2.6500000000000000E-003
   5.2000000000000006E-003
   2.4499999999999999E-003
   7.0000000000000001E-003
   1.5500000000000002E-003
   7.6000000000000000E-003
   2.4000000000000002E-003
   2.2000000000000001E-003
   2.5000000000000001E-003
   1.1000000000000001E-003
   1.2000000000000000E-002
   6.8500000000000002E-003
   3.4500000000000004E-003
   8.0000000000000004E-004
   1.6000000000000001E-003
   5.1500000000000001E-003
   7.1500000000000001E-003
   1.6600000000000000E-002
   4.0000000000000001E-003
   4.5000000000000005E-003
   2.5000000000000001E-004
   5.8999999999999999E-003
   3.5000000000000001E-003
   3.1000000000000003E-003
   5.9500000000000004E-003
   4.3500000000000006E-003
   3.5000000000000001E-003
   2.5000000000000001E-003
   1.8250000000000002E-002
   1.4500000000000001E-002
   1.8200000000000001E-002
   4.5999999999999999E-003
   1.1750000000000000E-002
   8.6000000000000000E-003
   2.4499999999999999E-003
   5.8500000000000002E-003
   6.8500000000000002E-003
   5.2000000000000006E-003
   7.0000000000000001E-003
   1.8000000000000002E-003
   2.6500000000000000E-003
   9.0000000000000008E-004
   4.2500000000000003E-003
   8.7000000000000011E-003
   3.8000000000000000E-003
   5.5000000000000003E-004
   1.4650000000000002E-002
   7.0000000000000001E-003
   1.2550000000000000E-002
   1.7450000000000000E-002
   8.2000000000000007E-003
   0.0000000000000000     
   6.0500000000000007E-003
   3.2500000000000003E-003
   6.6500000000000005E-003
   4.5000000000000005E-003
   2.8000000000000000E-003
   8.2000000000000007E-003
   2.0500000000000002E-003
   1.1300000000000001E-002
   2.1500000000000000E-003
   7.8500000000000011E-003
   1.0500000000000002E-003
   1.8500000000000001E-003
   3.0000000000000001E-003
   4.1500000000000000E-003
   2.8500000000000001E-003
   3.3000000000000000E-003
   2.0000000000000000E-003
   3.4000000000000002E-003
   4.6500000000000005E-003
   4.5000000000000005E-003
   1.5300000000000001E-002
   2.4499999999999999E-003
   9.0000000000000011E-003
   7.2500000000000004E-003
   2.0500000000000002E-003
   6.8000000000000005E-003
   3.4000000000000002E-003
   6.5500000000000003E-003
   2.3200000000000002E-002
   1.4000000000000000E-003
   2.8500000000000001E-003
   4.2500000000000003E-003
   6.6000000000000000E-003
   7.3000000000000001E-003
   7.4500000000000000E-003
   3.3000000000000000E-003
   5.8999999999999999E-003
   1.8500000000000001E-003
   2.0000000000000001E-004
   8.3000000000000001E-003
   3.8000000000000000E-003
   2.5000000000000001E-003
   2.5500000000000002E-003
   1.5650000000000001E-002
   1.6500000000000000E-003
   4.5500000000000002E-003
   5.4500000000000000E-003
   3.9500000000000004E-003
   7.5500000000000003E-003
   5.8500000000000002E-003
   6.2500000000000003E-003
   4.5500000000000002E-003
   1.9500000000000001E-003
   9.4999999999999998E-003
   5.8999999999999999E-003
   3.9000000000000003E-003
   4.4000000000000003E-003
   8.0999999999999996E-003
   2.5000000000000001E-003
   0.0000000000000000     
   3.0000000000000001E-003
   3.2500000000000003E-003
   3.8000000000000000E-003
   5.6500000000000005E-003
   1.7000000000000001E-003
   6.1500000000000001E-003
   1.0500000000000002E-003
   3.5000000000000000E-004
   6.9000000000000008E-003
   2.8500000000000001E-003
   8.0499999999999999E-003
   3.9500000000000004E-003
   2.1450000000000000E-002
   7.1000000000000004E-003
   5.2500000000000003E-003
   1.7500000000000000E-003
   3.2000000000000002E-003
   3.6500000000000000E-003
   8.7500000000000008E-003
   3.8000000000000000E-003
   6.3000000000000000E-003
   1.5950000000000002E-002
   1.2500000000000000E-003
   1.4100000000000001E-002
   1.2000000000000001E-003
   1.3500000000000001E-003
   2.3000000000000000E-003
   3.4000000000000002E-003
   2.3000000000000000E-003
   1.2350000000000000E-002
   7.3000000000000001E-003
   1.5000000000000001E-004
   8.8999999999999999E-003
   2.3500000000000001E-003
   9.2500000000000013E-003
   7.9500000000000005E-003
   1.4250000000000001E-002
   3.1000000000000003E-003
   4.5999999999999999E-003
   3.2000000000000002E-003
   6.6000000000000000E-003
   4.8000000000000004E-003
   2.4600000000000000E-002
   4.7499999999999999E-003
   1.1050000000000001E-002
   5.5999999999999999E-003
   3.7000000000000002E-003
   1.8000000000000002E-003
   6.5000000000000008E-004
   7.5500000000000003E-003
   1.1850000000000001E-002
   5.3500000000000006E-003
   4.1500000000000000E-003
   1.1500000000000000E-003
   9.5000000000000000E-004
   2.6500000000000000E-003
   5.4000000000000003E-003
   1.9950000000000002E-002
   2.0500000000000002E-003
   7.7000000000000002E-003
   1.5500000000000002E-003
   1.2000000000000000E-002
   2.9499999999999999E-003
   2.0000000000000000E-003
   5.1500000000000001E-003
   4.6500000000000005E-003
   2.6000000000000003E-003
   5.4500000000000000E-003
   2.5000000000000001E-003
   4.4500000000000000E-003
   2.4000000000000002E-003
   5.4500000000000000E-003
   6.3000000000000000E-003
   4.2000000000000006E-003
   8.1500000000000010E-003
   4.4000000000000003E-003
   2.7500000000000003E-003
   1.6000000000000001E-003
   2.5000000000000001E-004
   1.3000000000000002E-003
   1.4500000000000001E-003
   1.1700000000000000E-002
   2.8000000000000000E-003
   2.9000000000000002E-003
   8.6499999999999997E-003
   8.0999999999999996E-003
   3.0000000000000003E-004
   6.5000000000000008E-004
   8.5000000000000006E-004
   1.7200000000000000E-002
   2.1000000000000003E-003
   1.4500000000000001E-003
   4.7499999999999999E-003
   1.5000000000000000E-003
   4.5000000000000004E-004
   5.8999999999999999E-003
   3.4000000000000002E-003
   5.4500000000000000E-003
   9.6000000000000009E-003
   3.6500000000000000E-003
   5.5999999999999999E-003
   4.4000000000000003E-003
   7.5000000000000002E-004
   4.4500000000000000E-003
   1.6800000000000002E-002
   5.2500000000000003E-003
   1.8000000000000002E-003
   2.2500000000000003E-003
   5.0000000000000001E-004
   3.8000000000000000E-003
   8.8500000000000002E-003
   8.7500000000000008E-003
   1.5000000000000000E-003
   3.5500000000000002E-003
   1.1400000000000000E-002
   4.5999999999999999E-003
   2.6000000000000003E-003
   5.5500000000000002E-003
   2.0000000000000000E-003
   3.7500000000000003E-003
   1.3000000000000001E-002
   1.9000000000000000E-003
   6.3500000000000006E-003
   9.3500000000000007E-003
   6.5000000000000008E-004
   1.0700000000000001E-002
   3.7000000000000002E-003
   8.1500000000000010E-003
   1.7350000000000001E-002
   7.3000000000000001E-003
   5.7499999999999999E-003
   1.4500000000000001E-003
   3.1000000000000003E-003
   3.2500000000000003E-003
   3.5500000000000002E-003
   3.5000000000000001E-003
   4.4000000000000003E-003
   2.6000000000000003E-003
   2.0350000000000000E-002
   2.4499999999999999E-003
   6.1000000000000004E-003
   1.1500000000000000E-003
   5.0000000000000002E-005
   1.0000000000000000E-004
   3.1500000000000000E-003
   3.0000000000000001E-003
   2.4499999999999999E-003
   1.9500000000000001E-003
   5.3500000000000006E-003
   2.9499999999999999E-003
   8.0000000000000004E-004
   5.8500000000000002E-003
   2.6000000000000003E-003
   2.8500000000000001E-003
   1.6000000000000000E-002
   4.5500000000000002E-003
   6.8000000000000005E-003
   6.6000000000000000E-003
   1.5000000000000000E-003
   8.0000000000000004E-004
   6.9999999999999999E-004
   1.1650000000000001E-002
   1.2550000000000000E-002
   6.1000000000000004E-003
   1.1000000000000001E-003
   1.5500000000000002E-003
   5.2500000000000003E-003
   6.2500000000000003E-003
   5.5999999999999999E-003
   2.2000000000000001E-003
   5.3500000000000006E-003
   1.1650000000000001E-002
   2.5000000000000001E-003
   5.7000000000000002E-003
   1.7500000000000000E-003
   5.8999999999999999E-003
   5.2000000000000006E-003
   4.8500000000000001E-003
   3.0500000000000002E-003
   4.4000000000000003E-003
   3.5500000000000002E-003
   0.0000000000000000     
   1.0500000000000001E-002
   7.4500000000000000E-003
   4.0499999999999998E-003
   1.0900000000000000E-002
   6.1500000000000001E-003
   5.3000000000000000E-003
   1.4000000000000000E-003
   3.7000000000000002E-003
   1.4000000000000000E-003
   4.5500000000000002E-003
   7.2500000000000004E-003
   9.4999999999999998E-003
   1.7000000000000001E-003
   0.0000000000000000     
   0.0000000000000000     
   4.5500000000000002E-003
   3.4500000000000004E-003
   8.6000000000000000E-003
   5.4500000000000000E-003
   4.8000000000000004E-003
   3.6000000000000003E-003
   4.2000000000000006E-003
   1.8500000000000001E-003
   4.0000000000000001E-003
   5.9500000000000004E-003
   4.7000000000000002E-003
   4.4000000000000003E-003
   4.3000000000000000E-003
   1.7500000000000000E-003
   1.3000000000000002E-003
   3.4000000000000002E-003
   2.3000000000000000E-003
   4.2000000000000006E-003
   4.0499999999999998E-003
   4.3000000000000000E-003
   3.6500000000000000E-003
   6.5000000000000006E-003
   1.9000000000000000E-003
   3.1000000000000003E-003
   2.0000000000000000E-003
   5.0000000000000001E-003
   5.5000000000000003E-004
   3.6000000000000003E-003
   8.5000000000000006E-003
   3.1500000000000000E-003
   6.8500000000000002E-003
   2.8500000000000001E-003
   1.1000000000000001E-003
   1.3000000000000002E-003
   4.5000000000000004E-004
   7.8500000000000011E-003
   3.0000000000000001E-003
   2.7000000000000001E-003
   1.0100000000000001E-002
   3.5000000000000001E-003
   5.9500000000000004E-003
   6.2500000000000003E-003
   4.1500000000000000E-003
   4.2500000000000003E-003
   4.8500000000000001E-003
   4.0000000000000001E-003
   2.6500000000000000E-003
   3.8500000000000001E-003
   4.1000000000000003E-003
   3.7000000000000002E-003
   3.1000000000000003E-003
   5.9500000000000004E-003
   8.0000000000000002E-003
   6.5000000000000006E-003
   7.9500000000000005E-003
   1.2000000000000001E-003
   2.1000000000000003E-003
   1.9500000000000001E-003
   2.9499999999999999E-003
   2.5500000000000002E-003
   7.0000000000000001E-003
   1.2500000000000000E-003
   2.5000000000000001E-003
   7.8000000000000005E-003
   1.8650000000000000E-002
   8.3000000000000001E-003
   6.1000000000000004E-003
   2.0500000000000002E-003
   1.4500000000000001E-003
   7.2500000000000004E-003
   2.5000000000000001E-003
   1.3000000000000002E-003
   3.9500000000000004E-003
   1.9500000000000001E-003
   6.8000000000000005E-003
   3.0000000000000003E-004
   7.5000000000000002E-004
   9.5000000000000000E-004
   4.5000000000000004E-004
   2.2500000000000003E-003
   1.3600000000000001E-002
   1.2650000000000000E-002
   1.9000000000000000E-003
   4.0000000000000002E-004
   3.5500000000000002E-003
   1.6300000000000002E-002
   2.7000000000000001E-003
   4.7000000000000002E-003
   1.0000000000000000E-003
   4.4500000000000000E-003
   4.7499999999999999E-003
   2.8000000000000000E-003
   2.4499999999999999E-003
   1.4500000000000001E-003
   1.9000000000000000E-003
   7.5500000000000003E-003
   2.9000000000000002E-003
   7.6500000000000005E-003
   8.0000000000000004E-004
   1.8500000000000001E-003
   1.3600000000000001E-002
   1.4000000000000000E-003
   5.0500000000000007E-003
   2.4000000000000002E-003
   3.5000000000000001E-003
   2.8500000000000001E-003
   1.1000000000000001E-003
   3.7000000000000002E-003
   1.0300000000000000E-002
   3.0500000000000002E-003
   3.0000000000000001E-003
   9.5000000000000000E-004
   3.3500000000000001E-003
   1.2300000000000000E-002
   8.2500000000000004E-003
   9.6500000000000006E-003
   9.3500000000000007E-003
   6.3500000000000006E-003
   3.6000000000000003E-003
   5.0500000000000007E-003
   7.5000000000000002E-004
   1.2000000000000001E-003
   5.2500000000000003E-003
   7.8500000000000011E-003
   9.5000000000000000E-004
   4.3500000000000006E-003
   3.7500000000000003E-003
   1.7500000000000000E-003
   6.4000000000000003E-003
   6.0500000000000007E-003
   5.8500000000000002E-003
   3.9000000000000003E-003
   3.2500000000000003E-003
   5.3000000000000000E-003
   6.4000000000000003E-003
   1.5000000000000000E-003
   1.0450000000000001E-002
   5.0000000000000001E-004
   6.4000000000000003E-003
   5.1000000000000004E-003
   5.5000000000000005E-003
   5.1500000000000001E-003
   5.5999999999999999E-003
   1.7000000000000001E-003
   2.0500000000000002E-003
   1.9000000000000000E-003
   3.5500000000000002E-003
   6.1000000000000004E-003
   5.0000000000000001E-004
   8.0999999999999996E-003
   3.3500000000000001E-003
   4.2500000000000003E-003
   1.5500000000000002E-003
   7.4500000000000000E-003
   6.6000000000000000E-003
   6.2500000000000003E-003
   3.4500000000000004E-003
   1.4000000000000000E-003
   6.9500000000000004E-003
   1.6900000000000002E-002
   8.7000000000000011E-003
   7.1000000000000004E-003
   5.5500000000000002E-003
   6.4500000000000000E-003
   3.2500000000000003E-003
   6.0000000000000001E-003
   7.5000000000000002E-004
   7.1500000000000001E-003
   1.2500000000000000E-003
   6.2000000000000006E-003
   5.5000000000000003E-004
   7.2500000000000004E-003
   6.9999999999999999E-004
   6.5000000000000008E-004
   3.9000000000000003E-003
   4.5000000000000005E-003
   2.4000000000000002E-003
   2.6500000000000000E-003
   4.3000000000000000E-003
   9.6500000000000006E-003
   1.8000000000000002E-003
   4.8000000000000004E-003
   3.3500000000000001E-003
   1.0300000000000000E-002
   1.6500000000000000E-003
   3.5500000000000002E-003
   8.7500000000000008E-003
   2.9000000000000002E-003
   4.2000000000000006E-003
   1.1400000000000000E-002
   3.8500000000000001E-003
   1.4500000000000001E-003
   6.6500000000000005E-003
   6.9000000000000008E-003
   2.0000000000000001E-004
   2.1000000000000003E-003
   7.9000000000000008E-003
   5.8000000000000005E-003
   2.0500000000000002E-003
   5.5000000000000003E-004
   3.6500000000000000E-003
   4.7000000000000002E-003
   3.3000000000000000E-003
   8.6499999999999997E-003
   3.3500000000000001E-003
   1.0200000000000001E-002
   3.7000000000000002E-003
   6.5500000000000003E-003
   2.6500000000000000E-003
   5.1000000000000004E-003
   4.2500000000000003E-003
   7.4000000000000003E-003
   1.8500000000000001E-003
   2.2500000000000003E-003
   2.3500000000000001E-003
   2.7500000000000003E-003
   7.1000000000000004E-003
   6.8000000000000005E-003
   4.7499999999999999E-003
   2.9000000000000002E-003
   2.0000000000000000E-003
   6.8500000000000002E-003
   1.3400000000000000E-002
   8.6499999999999997E-003
   4.2500000000000003E-003
   5.6500000000000005E-003
   6.9500000000000004E-003
   3.3000000000000000E-003
   6.2500000000000003E-003
   1.6700000000000000E-002
   3.0000000000000001E-003
   1.0000000000000000E-003
   4.4000000000000003E-003
   6.0000000000000001E-003
   0.0000000000000000     
   2.1000000000000003E-003
   3.3000000000000000E-003
   5.4500000000000000E-003
   4.2000000000000006E-003
   1.9000000000000000E-003
   6.9999999999999999E-004
   1.2500000000000000E-003
   2.3000000000000000E-003
   1.5900000000000001E-002
   3.5500000000000002E-003
   3.0000000000000001E-003
   5.5999999999999999E-003
   5.0500000000000007E-003
   5.2000000000000006E-003
   7.7499999999999999E-003
   2.0500000000000002E-003
   1.3650000000000001E-002
   3.5500000000000002E-003
   3.0500000000000002E-003
   2.1500000000000000E-003
   8.0000000000000004E-004
   5.7499999999999999E-003
   1.9000000000000000E-003
   3.9000000000000003E-003
   2.7000000000000001E-003
   8.3000000000000001E-003
   6.2500000000000003E-003
   4.0000000000000001E-003
   5.8500000000000002E-003
   5.0000000000000001E-003
   7.6000000000000000E-003
   3.0500000000000002E-003
   9.5000000000000000E-004
   6.9500000000000004E-003
   6.9999999999999999E-004
   8.4000000000000012E-003
   5.1500000000000001E-003
   4.5000000000000005E-003
   1.4500000000000001E-003
   3.0500000000000002E-003
   1.7500000000000000E-003
   8.5500000000000003E-003
   6.7499999999999999E-003
   7.7000000000000002E-003
   5.5000000000000005E-003
   1.1200000000000000E-002
   5.1500000000000001E-003
   2.0000000000000000E-003
   4.4000000000000003E-003
   5.7499999999999999E-003
   2.0650000000000002E-002
   6.1000000000000004E-003
   2.3500000000000001E-003
   9.3000000000000010E-003
   1.2550000000000000E-002
   6.4000000000000003E-003
   3.4500000000000004E-003
   1.0650000000000000E-002
   3.2000000000000002E-003
   5.5999999999999999E-003
   6.8000000000000005E-003
   2.5000000000000001E-003
   2.8500000000000001E-003
   5.1500000000000001E-003
   8.6000000000000000E-003
   6.8500000000000002E-003
   3.0000000000000001E-003
   4.9500000000000004E-003
   1.0000000000000000E-004
   2.9499999999999999E-003
   7.0000000000000001E-003
   1.0000000000000000E-004
   1.6500000000000000E-003
   1.0500000000000002E-003
   4.4500000000000000E-003
   2.5500000000000002E-003
   3.4500000000000004E-003
   4.7499999999999999E-003
   4.8999999999999998E-003
   5.8000000000000005E-003
   7.9500000000000005E-003
   1.6500000000000000E-003
   5.5999999999999999E-003
   2.7500000000000003E-003
   1.1700000000000000E-002
   3.0000000000000001E-003
   2.4499999999999999E-003
   4.5000000000000004E-004
   1.1500000000000000E-003
   2.1500000000000000E-003
   4.7000000000000002E-003
   1.6000000000000001E-003
   2.6500000000000000E-003
   6.7499999999999999E-003
   2.1000000000000003E-003
   1.8000000000000002E-003
   6.6000000000000000E-003
   4.4500000000000000E-003
   2.6000000000000003E-003
   5.4000000000000003E-003
   5.8999999999999999E-003
   2.0000000000000001E-004
   5.9500000000000004E-003
   5.5999999999999999E-003
   8.2000000000000007E-003
   3.6000000000000003E-003
   8.5500000000000003E-003
   2.9499999999999999E-003
   3.5500000000000002E-003
   3.0000000000000001E-003
   3.0000000000000001E-003
   2.6000000000000003E-003
   1.2000000000000001E-003
   1.0500000000000002E-003
   2.7500000000000003E-003
   2.1500000000000000E-003
   2.6000000000000003E-003
   1.3600000000000001E-002
   3.1000000000000003E-003
   3.1500000000000000E-003
   4.1500000000000000E-003
   4.1500000000000000E-003
   1.8500000000000001E-003
   1.5000000000000000E-003
   1.5000000000000000E-003
   7.7499999999999999E-003
   5.0000000000000002E-005
   8.0000000000000004E-004
   3.3000000000000000E-003
   1.1050000000000001E-002
   3.4500000000000004E-003
   3.1500000000000000E-003
   4.4000000000000003E-003
   3.8500000000000001E-003
   2.5000000000000001E-003
   2.5000000000000001E-003
   5.6500000000000005E-003
   5.7000000000000002E-003
   3.2000000000000002E-003
   4.1000000000000003E-003
   1.7000000000000001E-003
   2.0000000000000000E-003
   4.6500000000000005E-003
   3.4000000000000002E-003
   9.0000000000000008E-004
   4.3000000000000000E-003
   8.5000000000000006E-004
   5.7000000000000002E-003
   1.9500000000000001E-003
   3.6000000000000003E-003
   6.1500000000000001E-003
   6.6500000000000005E-003
   3.5000000000000001E-003
   2.6500000000000000E-003
   1.0850000000000000E-002
   1.1650000000000001E-002
   5.2500000000000003E-003
   4.7499999999999999E-003
   2.7500000000000003E-003
   1.4000000000000000E-002
   3.1500000000000000E-003
   2.6000000000000003E-003
   7.2500000000000004E-003
   5.3000000000000000E-003
   9.5000000000000000E-004
   2.1500000000000000E-003
   2.5000000000000001E-004
   3.8500000000000001E-003
   3.5000000000000001E-003
   4.1000000000000003E-003
   2.5000000000000001E-003
   1.5500000000000002E-003
   1.6500000000000000E-003
   5.9500000000000004E-003
