   10.0000000000000     
   9.99271911747457     
  0.465158428475809     
   9.91177253663642     
   8.46289942447760     
   10.0000000000000     
  8.895448341640577E-003
   9.77375636191873     
   9.83718871980086     
   10.0000000000000     
   10.0000000000000     
  0.000000000000000E+000
   10.0000000000000     
  0.000000000000000E+000
   10.0000000000000     
  0.120579066731376     
   9.60269466429590     
   10.0000000000000     
   8.67186489298456     
   9.86214432190904     
   9.32054806538405     
