1.000000000000000000e+01
1.000000000000000000e+01
9.862144321909040556e+00
1.000000000000000000e+01
9.320548065384050673e+00
1.000000000000000000e+01
1.000000000000000000e+01
9.911772536636419773e+00
9.992719117474569757e+00
8.462899424477599908e+00
4.651584284758090160e-01
9.837188719800860071e+00
8.895448341640577183e-03
1.000000000000000000e+01
9.773756361918730207e+00
1.000000000000000000e+01
8.671864892984560313e+00
1.205790667313760001e-01
0.000000000000000000e+00
0.000000000000000000e+00
9.602694664295899685e+00
