   10.0000000000000     
   10.0000000000000     
   2.83522156400973     
   2.77835363298435     
   10.0000000000000     
   2.32595200448577     
   10.0000000000000     
   10.0000000000000     
   10.0000000000000     
   10.0000000000000     
   10.0000000000000     
   10.0000000000000     
   10.0000000000000     
   9.99419110411566     
   10.0000000000000     
   2.67322311433555     
   10.0000000000000     
   2.32087436775848     
   10.0000000000000     
   2.48094581780059     
   10.0000000000000     
