   9.70217237400578     
   9.82831184397850     
   1.91604586872910     
   10.0000000000000     
  0.000000000000000E+000
   9.99991696814359     
   9.58735511301547     
   10.0000000000000     
   2.40104667228910     
   10.0000000000000     
   9.62962423934774     
   9.84639754849280     
   2.13370553882749     
   9.82921396042860     
   9.83624272575463     
   10.0000000000000     
  0.286229312885540     
   9.62098654058492     
   5.38034216957611     
   2.09251927188617     
   10.0000000000000     
