   10.0000000000000     
   10.0000000000000     
   10.0000000000000     
   1.51317823839132     
   10.0000000000000     
   1.73629292425624     
   10.0000000000000     
   1.31215112010095     
   10.0000000000000     
   10.0000000000000     
   1.49734071419492     
   1.57256251054024     
   10.0000000000000     
   1.44610458947844     
   10.0000000000000     
   10.0000000000000     
   10.0000000000000     
   10.0000000000000     
   1.44811440094865     
   10.0000000000000     
   10.0000000000000     
