  9.551867495657217E-002
   10.0000000000000     
   10.0000000000000     
   1.01962219308721     
   10.0000000000000     
   10.0000000000000     
  8.133365456884799E-002
   10.0000000000000     
   10.0000000000000     
   9.93027139614399     
  0.152578658407867     
   2.40051690087838     
   10.0000000000000     
   1.77011221664676     
   9.89002951557951     
   10.0000000000000     
   9.70827678802567     
   4.26936416091943     
   9.74991456204383     
   10.0000000000000     
   2.21862497754313     
