   9.93404465912642     
   9.92809166676592     
   10.0000000000000     
   9.86676606051363     
   9.93288217715915     
   9.92857707549657     
   10.0000000000000     
   10.0000000000000     
   9.62931013484654     
   9.99846031120494     
   9.98080450131712     
   1.73820079651053     
   9.95368259912292     
   2.00975584114470     
   1.34869269378351     
   10.0000000000000     
  0.349996285844315     
  0.536357575302546     
   9.92983988897007     
   9.91264223399638     
   1.00211694046838     
