   10.0000000000000     
   10.0000000000000     
   10.0000000000000     
   10.0000000000000     
   10.0000000000000     
   10.0000000000000     
   2.82555663468240     
   9.97712207614081     
   5.87771662560138     
   10.0000000000000     
   10.0000000000000     
   10.0000000000000     
   2.17264232848372     
   9.98660437783409     
   10.0000000000000     
   9.98803704003200     
  0.000000000000000E+000
  0.000000000000000E+000
   10.0000000000000     
   10.0000000000000     
  4.664575373014530E-002
