9.807134518392199851e+00
9.684696248275560748e+00
3.364423123785710068e+00
9.941260698731099410e+00
9.690101750772269540e+00
9.825676701961310044e+00
9.427285799619660622e+00
3.483563841419349938e+00
9.850170556581199222e+00
9.620911480734019250e+00
1.000000000000000000e+01
5.778391510939060005e+00
9.788860477863050136e+00
1.000000000000000000e+01
1.000000000000000000e+01
1.000000000000000000e+01
1.000000000000000000e+01
6.695100559351420344e+00
9.905645063187650257e-01
0.000000000000000000e+00
0.000000000000000000e+00
