   10.0000000000000     
   6.20521997731206     
  0.000000000000000E+000
   5.46441746810681     
  0.000000000000000E+000
   10.0000000000000     
   6.06083914495123     
  0.000000000000000E+000
   6.47057844291342     
   9.97712482325100     
  0.000000000000000E+000
   6.35778635779521     
   10.0000000000000     
   6.75617495502301     
   5.61036318146886     
   7.19273879326446     
  0.000000000000000E+000
   10.0000000000000     
   6.77190501970902     
   5.77931221474610     
  0.000000000000000E+000
