   5.19114562830422     
  0.000000000000000E+000
   6.28499838182838     
  0.113320842367904     
   10.0000000000000     
   7.05009730641569     
  2.591048379997587E-002
   9.32129242211153     
  0.000000000000000E+000
  0.000000000000000E+000
   10.0000000000000     
   3.74725721940774     
   10.0000000000000     
   7.99654593106223     
   8.58236521151202     
   6.47911124043151     
   10.0000000000000     
   2.22153708136056     
  0.000000000000000E+000
   9.73531763331574     
  0.341913667556982     
