   10.0000000000000     
  0.629625789584857     
   9.99698340715901     
  0.201245645037644     
   10.0000000000000     
  0.441044077442248     
   10.0000000000000     
   9.95535193865163     
   10.0000000000000     
  0.000000000000000E+000
   9.73623369217521     
  3.562707981286495E-002
   10.0000000000000     
   5.16513239961389     
   10.0000000000000     
  0.207844327144488     
   5.43792110130468     
   10.0000000000000     
   10.0000000000000     
  0.526789655331441     
   9.90972257101193     
