6.284998381828380332e+00
3.747257219407739814e+00
2.221537081360560162e+00
9.321292422111529419e+00
6.479111240431509877e+00
1.000000000000000000e+01
0.000000000000000000e+00
7.050097306415690213e+00
5.191145628304219883e+00
1.133208423679040039e-01
1.000000000000000000e+01
8.582365211512019698e+00
2.591048379997586831e-02
1.000000000000000000e+01
7.996545931062230217e+00
1.000000000000000000e+01
9.735317633315739627e+00
3.419136675569819928e-01
0.000000000000000000e+00
0.000000000000000000e+00
0.000000000000000000e+00
