   4.20200488672097     
   4.51321706692556     
   10.0000000000000     
  0.299007322921092     
   9.83065158277333     
   10.0000000000000     
  0.841189245353725     
   9.43000475423577     
   9.46069621269981     
   10.0000000000000     
   10.0000000000000     
   3.42978551040758     
  0.000000000000000E+000
   10.0000000000000     
   8.16341244970916     
   9.29238076058144     
  0.248554886887592     
   9.74082047743853     
  0.000000000000000E+000
   9.81315420308091     
  0.721032507860240     
