   10.0000000000000     
   2.81504701441628     
   10.0000000000000     
  0.000000000000000E+000
  5.898649414789704E-002
   10.0000000000000     
   10.0000000000000     
   9.98597789325275     
   10.0000000000000     
   4.31646710936303     
   2.84423444248979     
   9.99262913970587     
   5.13369652995874     
   10.0000000000000     
   10.0000000000000     
   10.0000000000000     
   10.0000000000000     
   10.0000000000000     
   10.0000000000000     
  0.000000000000000E+000
  0.000000000000000E+000
