   10.0000000000000     
   9.63263483878518     
   9.89209982205146     
   9.85203830061356     
   10.0000000000000     
   9.84259107985983     
   9.63581922028682     
  0.291221063371937     
   10.0000000000000     
   9.02656489609065     
  0.000000000000000E+000
   10.0000000000000     
   9.61202176617813     
   10.0000000000000     
   10.0000000000000     
   10.0000000000000     
  0.169883753488043     
   2.55414854799535     
   10.0000000000000     
   10.0000000000000     
  0.873525248522084     
