   2.92289989950534     
   9.62331575871990     
   9.96732398016327     
  0.000000000000000E+000
   9.94372614068269     
   9.81767308026301     
  0.123947675817645     
   9.70743763285457     
   10.0000000000000     
  0.280772565894742     
   9.30342274915194     
   10.0000000000000     
   10.0000000000000     
  0.215571486765612     
  0.351212949351692     
   9.07125568696868     
  0.875311081346993     
   3.05343096759729     
   9.92574963882333     
   8.86284629000088     
   9.79210484280719     
