   9.52635142576858     
   8.66234190102047     
  0.000000000000000E+000
  0.000000000000000E+000
   10.0000000000000     
   4.59673156196401     
  1.325854421841612E-002
  0.000000000000000E+000
  6.321106809137095E-003
   9.88875819904246     
   9.12653799940444     
  0.000000000000000E+000
   9.01166470037633     
  0.230118689532617     
   8.63528607162036     
   10.0000000000000     
   7.93606659634908     
   8.02354790484011     
   10.0000000000000     
   10.0000000000000     
   2.14992248543004     
