   9.97326933978253     
   10.0000000000000     
   1.11918220908180     
   10.0000000000000     
   9.70997284114573     
   10.0000000000000     
   10.0000000000000     
   9.99069657897177     
  0.000000000000000E+000
   10.0000000000000     
   9.83858259909050     
  9.835952908629805E-002
  0.000000000000000E+000
   10.0000000000000     
  5.445720332884165E-002
   10.0000000000000     
   10.0000000000000     
   10.0000000000000     
   9.75500128221789     
   1.53864681689034     
  0.111676904170783     
