   10.0000000000000     
  0.505575269301261     
   10.0000000000000     
   9.98011567146286     
   10.0000000000000     
  0.852524710193912     
   4.50858988742919     
   10.0000000000000     
   10.0000000000000     
  0.000000000000000E+000
  0.218174179722337     
   10.0000000000000     
   10.0000000000000     
  2.796300843768781E-002
   10.0000000000000     
   2.70619373641081     
  0.637971307132856     
   10.0000000000000     
   10.0000000000000     
   10.0000000000000     
   10.0000000000000     
