   9.98396850126606     
   10.0000000000000     
   9.98208345267794     
   9.99364320859434     
  0.000000000000000E+000
   9.44858506665032     
   10.0000000000000     
  6.018534611147389E-002
   10.0000000000000     
   10.0000000000000     
   10.0000000000000     
  0.000000000000000E+000
  0.000000000000000E+000
  2.444904219404785E-003
   10.0000000000000     
   9.97183633959915     
   10.0000000000000     
   10.0000000000000     
   10.0000000000000     
  0.000000000000000E+000
   1.35263277920717     
