   10.0000000000000     
   10.0000000000000     
  0.553978390989059     
   10.0000000000000     
   9.96749193259432     
   10.0000000000000     
   9.99526748291737     
   10.0000000000000     
  0.000000000000000E+000
   9.97438657439988     
   10.0000000000000     
  1.677211500241333E-003
  0.000000000000000E+000
   10.0000000000000     
  0.000000000000000E+000
   10.0000000000000     
   10.0000000000000     
   10.0000000000000     
   9.98382937723162     
   1.78166801848395     
  0.000000000000000E+000
