  0.000000000000000E+000
  0.905046069452837     
   10.0000000000000     
   10.0000000000000     
   10.0000000000000     
   10.0000000000000     
   10.0000000000000     
   10.0000000000000     
  2.220644010180678E-002
   4.88283390438364     
   10.0000000000000     
   10.0000000000000     
   10.0000000000000     
  0.000000000000000E+000
   10.0000000000000     
   10.0000000000000     
   10.0000000000000     
   2.98894637928030     
  0.000000000000000E+000
  0.774070093675084     
   10.0000000000000     
