1.000000000000000000e+01
5.539783909890589886e-01
9.967491932594320758e+00
1.000000000000000000e+01
1.000000000000000000e+01
1.000000000000000000e+01
1.000000000000000000e+01
9.974386574399879635e+00
9.995267482917370216e+00
0.000000000000000000e+00
1.000000000000000000e+01
1.000000000000000000e+01
1.677211500241333015e-03
1.000000000000000000e+01
1.000000000000000000e+01
1.000000000000000000e+01
9.983829377231620228e+00
0.000000000000000000e+00
0.000000000000000000e+00
0.000000000000000000e+00
1.781668018483949956e+00
