   4.21061607227627     
   7.66999061121460     
   9.82016272835677     
   7.93539064324406     
   6.32849632999258     
   7.31769338161714     
  1.903626977427668E-002
   8.85456564628505     
   7.49162263789572     
  0.128610384154661     
   10.0000000000000     
   10.0000000000000     
  0.143953741629998     
   8.32370485142963     
   9.44962185761648     
   7.37657958529635     
   6.48921879645822     
  0.716292658023667     
  0.000000000000000E+000
  3.501053156060920E-002
  0.589437792178598     
