   0.0000000000000000     
   10.000000000000000     
   0.0000000000000000     
   10.000000000000000     
   10.000000000000000     
   10.000000000000000     
   10.000000000000000     
   10.000000000000000     
   10.000000000000000     
   10.000000000000000     
   10.000000000000000     
   10.000000000000000     
   0.0000000000000000     
   10.000000000000000     
   10.000000000000000     
   8.2656852634416089E-003
   10.000000000000000     
  0.40521692896531802     
   9.9688371886201796     
   10.000000000000000     
   10.000000000000000     
   9.9812892730358200     
   9.9562150766995750     
   10.000000000000000     
   10.000000000000000     
   10.000000000000000     
   9.0885420135531447     
   1.8613999421404702E-002
   10.000000000000000     
   9.9689094171778425     
   1.6531370526883218E-002
   10.000000000000000     
  0.81043385793063605     
   9.9376743772403593     
   10.000000000000000     
   10.000000000000000     
   9.9625785460716401     
   9.9124301533991499     
   10.000000000000000     
   10.000000000000000     
   10.000000000000000     
   8.1770840271062895     
   3.7227998842809404E-002
   10.000000000000000     
   9.9378188343556868     
   2.4797055790324821E-002
   10.000000000000000     
   1.2156507868959538     
   9.9065115658605407     
   10.000000000000000     
   10.000000000000000     
   9.9438678191074601     
   9.8686452300987249     
   10.000000000000000     
   10.000000000000000     
   10.000000000000000     
   7.2656260406594342     
   5.5841998264214099E-002
   10.000000000000000     
   9.9067282515335293     
   3.3062741053766435E-002
   10.000000000000000     
   1.6208677158612721     
   9.8753487544807204     
   10.000000000000000     
   10.000000000000000     
   9.9251570921432801     
   9.8248603067982998     
   10.000000000000000     
   10.000000000000000     
   10.000000000000000     
   6.3541680542125789     
   7.4455997685618808E-002
   10.000000000000000     
   9.8756376687113718     
   4.1328426317208039E-002
   10.000000000000000     
   2.0260846448265899     
   9.8441859431009000     
   10.000000000000000     
   10.000000000000000     
   9.9064463651791002     
   9.7810753834978748     
   10.000000000000000     
   10.000000000000000     
   10.000000000000000     
   5.4427100677657236     
   9.3069997107023503E-002
   10.000000000000000     
   9.8445470858892143     
   4.9594111580649643E-002
   10.000000000000000     
   2.4313015737919077     
   9.8130231317210797     
   10.000000000000000     
   10.000000000000000     
   9.8877356382149202     
   9.7372904601974497     
   10.000000000000000     
   10.000000000000000     
   10.000000000000000     
   4.5312520813188684     
  0.11168399652842820     
   10.000000000000000     
   9.8134565030670586     
   5.7859796844091253E-002
   10.000000000000000     
   2.8365185027572255     
   9.7818603203412593     
   10.000000000000000     
   10.000000000000000     
   9.8690249112507402     
   9.6935055368970247     
   10.000000000000000     
   10.000000000000000     
   10.000000000000000     
   3.6197940948720131     
  0.13029799594983291     
   10.000000000000000     
   9.7823659202449011     
   6.6125482107532871E-002
   10.000000000000000     
   3.2417354317225442     
   9.7506975089614407     
   10.000000000000000     
   10.000000000000000     
   9.8503141842865602     
   9.6497206135965996     
   10.000000000000000     
   10.000000000000000     
   10.000000000000000     
   2.7083361084251578     
  0.14891199537123762     
   10.000000000000000     
   9.7512753374227437     
   7.4391167370974468E-002
   10.000000000000000     
   3.6469523606878620     
   9.7195346975816204     
   10.000000000000000     
   10.000000000000000     
   9.8316034573223803     
   9.6059356902961746     
   10.000000000000000     
   10.000000000000000     
   10.000000000000000     
   1.7968781219783025     
  0.16752599479264230     
   10.000000000000000     
   9.7201847546005880     
   8.2656852634416078E-002
   10.000000000000000     
   4.0521692896531798     
   9.6883718862018000     
   10.000000000000000     
   10.000000000000000     
   9.8128927303582003     
   9.5621507669957495     
   10.000000000000000     
   10.000000000000000     
   10.000000000000000     
  0.88542013553144727     
  0.18613999421404701     
   10.000000000000000     
   9.6890941717784305     
   7.4391167370974468E-002
   10.000000000000000     
   4.6469523606878615     
   9.7195346975816204     
   10.000000000000000     
   10.000000000000000     
   9.8316034573223803     
   9.6059356902961746     
   10.000000000000000     
   10.000000000000000     
   10.000000000000000     
  0.79687812197830321     
  0.16752599479264230     
   10.000000000000000     
   9.7201847546005880     
   6.6125482107532857E-002
   10.000000000000000     
   5.2417354317225442     
   9.7506975089614407     
   10.000000000000000     
   10.000000000000000     
   9.8503141842865602     
   9.6497206135965996     
   10.000000000000000     
   10.000000000000000     
   10.000000000000000     
  0.70833610842515848     
  0.14891199537123762     
   10.000000000000000     
   9.7512753374227437     
   5.7859796844091260E-002
   10.000000000000000     
   5.8365185027572259     
   9.7818603203412593     
   10.000000000000000     
   10.000000000000000     
   9.8690249112507402     
   9.6935055368970247     
   10.000000000000000     
   10.000000000000000     
   10.000000000000000     
  0.61979409487201365     
  0.13029799594983291     
   10.000000000000000     
   9.7823659202449011     
   4.9594111580649643E-002
   10.000000000000000     
   6.4313015737919077     
   9.8130231317210797     
   10.000000000000000     
   10.000000000000000     
   9.8877356382149202     
   9.7372904601974497     
   10.000000000000000     
   10.000000000000000     
   10.000000000000000     
  0.53125208131886881     
  0.11168399652842820     
   10.000000000000000     
   9.8134565030670586     
   4.1328426317208039E-002
   10.000000000000000     
   7.0260846448265895     
   9.8441859431009000     
   10.000000000000000     
   10.000000000000000     
   9.9064463651791002     
   9.7810753834978748     
   10.000000000000000     
   10.000000000000000     
   10.000000000000000     
  0.44271006776572402     
   9.3069997107023503E-002
   10.000000000000000     
   9.8445470858892143     
   3.3062741053766435E-002
   10.000000000000000     
   7.6208677158612712     
   9.8753487544807204     
   10.000000000000000     
   10.000000000000000     
   9.9251570921432801     
   9.8248603067982998     
   10.000000000000000     
   10.000000000000000     
   10.000000000000000     
  0.35416805421257924     
   7.4455997685618808E-002
   10.000000000000000     
   9.8756376687113718     
   2.4797055790324825E-002
   10.000000000000000     
   8.2156507868959530     
   9.9065115658605407     
   10.000000000000000     
   10.000000000000000     
   9.9438678191074601     
   9.8686452300987249     
   10.000000000000000     
   10.000000000000000     
   10.000000000000000     
  0.26562604065943440     
   5.5841998264214099E-002
   10.000000000000000     
   9.9067282515335293     
   1.6531370526883207E-002
   10.000000000000000     
   8.8104338579306365     
   9.9376743772403593     
   10.000000000000000     
   10.000000000000000     
   9.9625785460716401     
   9.9124301533991499     
   10.000000000000000     
   10.000000000000000     
   10.000000000000000     
  0.17708402710628957     
   3.7227998842809390E-002
   10.000000000000000     
   9.9378188343556868     
   8.2656852634416106E-003
   10.000000000000000     
   9.4052169289653182     
   9.9688371886201796     
   10.000000000000000     
   10.000000000000000     
   9.9812892730358200     
   9.9562150766995750     
   10.000000000000000     
   10.000000000000000     
   10.000000000000000     
   8.8542013553144838E-002
   1.8613999421404709E-002
   10.000000000000000     
   9.9689094171778425     
   0.0000000000000000     
   10.000000000000000     
   10.000000000000000     
   10.000000000000000     
   10.000000000000000     
   10.000000000000000     
   10.000000000000000     
   10.000000000000000     
   10.000000000000000     
   10.000000000000000     
   10.000000000000000     
   0.0000000000000000     
   0.0000000000000000     
   10.000000000000000     
   10.000000000000000     
  0.42332554163578906     
   10.000000000000000     
   9.9977638865403442     
   9.4799140399780875     
   10.000000000000000     
   10.000000000000000     
   9.4288915150337971     
   10.000000000000000     
   10.000000000000000     
   10.000000000000000     
   10.000000000000000     
  0.11392862060434300     
  0.43443364474705098     
   10.000000000000000     
   10.000000000000000     
  0.84665108327157812     
   10.000000000000000     
   9.9955277730806884     
   8.9598280799561767     
   10.000000000000000     
   10.000000000000000     
   8.8577830300675942     
   10.000000000000000     
   10.000000000000000     
   10.000000000000000     
   10.000000000000000     
  0.22785724120868600     
  0.86886728949410197     
   10.000000000000000     
   10.000000000000000     
   1.2699766249073670     
   10.000000000000000     
   9.9932916596210326     
   8.4397421199342642     
   10.000000000000000     
   10.000000000000000     
   8.2866745451013912     
   10.000000000000000     
   10.000000000000000     
   10.000000000000000     
   10.000000000000000     
  0.34178586181302895     
   1.3033009342411528     
   10.000000000000000     
   10.000000000000000     
   1.6933021665431562     
   10.000000000000000     
   9.9910555461613768     
   7.9196561599123516     
   10.000000000000000     
   10.000000000000000     
   7.7155660601351883     
   10.000000000000000     
   10.000000000000000     
   10.000000000000000     
   10.000000000000000     
  0.45571448241737200     
   1.7377345789882039     
   10.000000000000000     
   10.000000000000000     
   2.1166277081789451     
   10.000000000000000     
   9.9888194327017210     
   7.3995701998904400     
   10.000000000000000     
   10.000000000000000     
   7.1444575751689854     
   10.000000000000000     
   10.000000000000000     
   10.000000000000000     
   10.000000000000000     
  0.56964310302171495     
   2.1721682237352549     
   10.000000000000000     
   10.000000000000000     
   2.5399532498147339     
   10.000000000000000     
   9.9865833192420634     
   6.8794842398685283     
   10.000000000000000     
   10.000000000000000     
   6.5733490902027825     
   10.000000000000000     
   10.000000000000000     
   10.000000000000000     
   10.000000000000000     
  0.68357172362605789     
   2.6066018684823056     
   10.000000000000000     
   10.000000000000000     
   2.9632787914505228     
   10.000000000000000     
   9.9843472057824076     
   6.3593982798466158     
   10.000000000000000     
   10.000000000000000     
   6.0022406052365795     
   10.000000000000000     
   10.000000000000000     
   10.000000000000000     
   10.000000000000000     
  0.79750034423040084     
   3.0410355132293567     
   10.000000000000000     
   10.000000000000000     
   3.3866043330863125     
   10.000000000000000     
   9.9821110923227518     
   5.8393123198247041     
   10.000000000000000     
   10.000000000000000     
   5.4311321202703757     
   10.000000000000000     
   10.000000000000000     
   10.000000000000000     
   10.000000000000000     
  0.91142896483474400     
   3.4754691579764079     
   10.000000000000000     
   10.000000000000000     
   3.8099298747221013     
   10.000000000000000     
   9.9798749788630960     
   5.3192263598027916     
   10.000000000000000     
   10.000000000000000     
   4.8600236353041728     
   10.000000000000000     
   10.000000000000000     
   10.000000000000000     
   10.000000000000000     
   1.0253575854390868     
   3.9099028027234590     
   10.000000000000000     
   10.000000000000000     
   4.2332554163578902     
   10.000000000000000     
   9.9776388654034402     
   4.7991403997808799     
   10.000000000000000     
   10.000000000000000     
   4.2889151503379699     
   10.000000000000000     
   10.000000000000000     
   10.000000000000000     
   10.000000000000000     
   1.1392862060434299     
   4.3443364474705097     
   10.000000000000000     
   10.000000000000000     
   3.8099298747221013     
   10.000000000000000     
   8.9798749788630960     
   5.3192263598027916     
   10.000000000000000     
   10.000000000000000     
   4.8600236353041728     
   10.000000000000000     
   10.000000000000000     
   10.000000000000000     
   10.000000000000000     
   2.0253575854390871     
   3.9099028027234586     
   10.000000000000000     
   10.000000000000000     
   3.3866043330863120     
   10.000000000000000     
   7.9821110923227518     
   5.8393123198247041     
   10.000000000000000     
   10.000000000000000     
   5.4311321202703757     
   10.000000000000000     
   10.000000000000000     
   10.000000000000000     
   10.000000000000000     
   2.9114289648347440     
   3.4754691579764079     
   10.000000000000000     
   10.000000000000000     
   2.9632787914505232     
   10.000000000000000     
   6.9843472057824076     
   6.3593982798466158     
   10.000000000000000     
   10.000000000000000     
   6.0022406052365787     
   10.000000000000000     
   10.000000000000000     
   10.000000000000000     
   10.000000000000000     
   3.7975003442304009     
   3.0410355132293567     
   10.000000000000000     
   10.000000000000000     
   2.5399532498147339     
   10.000000000000000     
   5.9865833192420634     
   6.8794842398685283     
   10.000000000000000     
   10.000000000000000     
   6.5733490902027825     
   10.000000000000000     
   10.000000000000000     
   10.000000000000000     
   10.000000000000000     
   4.6835717236260583     
   2.6066018684823060     
   10.000000000000000     
   10.000000000000000     
   2.1166277081789451     
   10.000000000000000     
   4.9888194327017201     
   7.3995701998904400     
   10.000000000000000     
   10.000000000000000     
   7.1444575751689854     
   10.000000000000000     
   10.000000000000000     
   10.000000000000000     
   10.000000000000000     
   5.5696431030217148     
   2.1721682237352549     
   10.000000000000000     
   10.000000000000000     
   1.6933021665431562     
   10.000000000000000     
   3.9910555461613759     
   7.9196561599123516     
   10.000000000000000     
   10.000000000000000     
   7.7155660601351883     
   10.000000000000000     
   10.000000000000000     
   10.000000000000000     
   10.000000000000000     
   6.4557144824173713     
   1.7377345789882042     
   10.000000000000000     
   10.000000000000000     
   1.2699766249073674     
   10.000000000000000     
   2.9932916596210326     
   8.4397421199342642     
   10.000000000000000     
   10.000000000000000     
   8.2866745451013912     
   10.000000000000000     
   10.000000000000000     
   10.000000000000000     
   10.000000000000000     
   7.3417858618130287     
   1.3033009342411530     
   10.000000000000000     
   10.000000000000000     
  0.84665108327157768     
   10.000000000000000     
   1.9955277730806875     
   8.9598280799561749     
   10.000000000000000     
   10.000000000000000     
   8.8577830300675942     
   10.000000000000000     
   10.000000000000000     
   10.000000000000000     
   10.000000000000000     
   8.2278572412086870     
  0.86886728949410186     
   10.000000000000000     
   10.000000000000000     
  0.42332554163578884     
   10.000000000000000     
  0.99776388654034420     
   9.4799140399780875     
   10.000000000000000     
   10.000000000000000     
   9.4288915150337971     
   10.000000000000000     
   10.000000000000000     
   10.000000000000000     
   10.000000000000000     
   9.1139286206043444     
  0.43443364474705071     
   10.000000000000000     
   10.000000000000000     
   0.0000000000000000     
   10.000000000000000     
   0.0000000000000000     
   10.000000000000000     
   10.000000000000000     
   10.000000000000000     
   10.000000000000000     
   10.000000000000000     
   10.000000000000000     
   10.000000000000000     
   10.000000000000000     
   10.000000000000000     
   0.0000000000000000     
   10.000000000000000     
   10.000000000000000     
   0.0000000000000000     
   10.000000000000000     
   0.0000000000000000     
   10.000000000000000     
   10.000000000000000     
   10.000000000000000     
   10.000000000000000     
   10.000000000000000     
   10.000000000000000     
   10.000000000000000     
   10.000000000000000     
   10.000000000000000     
   0.0000000000000000     
   10.000000000000000     
   10.000000000000000     
   8.2656852634416089E-003
   10.000000000000000     
  0.40521692896531802     
   9.9688371886201796     
   10.000000000000000     
   10.000000000000000     
   9.9812892730358200     
   9.9562150766995750     
   10.000000000000000     
   10.000000000000000     
   10.000000000000000     
   9.0885420135531447     
   1.8613999421404702E-002
   10.000000000000000     
   9.9689094171778425     
   1.6531370526883218E-002
   10.000000000000000     
  0.81043385793063605     
   9.9376743772403593     
   10.000000000000000     
   10.000000000000000     
   9.9625785460716401     
   9.9124301533991499     
   10.000000000000000     
   10.000000000000000     
   10.000000000000000     
   8.1770840271062895     
   3.7227998842809404E-002
   10.000000000000000     
   9.9378188343556868     
   2.4797055790324821E-002
   10.000000000000000     
   1.2156507868959538     
   9.9065115658605407     
   10.000000000000000     
   10.000000000000000     
   9.9438678191074601     
   9.8686452300987249     
   10.000000000000000     
   10.000000000000000     
   10.000000000000000     
   7.2656260406594342     
   5.5841998264214099E-002
   10.000000000000000     
   9.9067282515335293     
   3.3062741053766435E-002
   10.000000000000000     
   1.6208677158612721     
   9.8753487544807204     
   10.000000000000000     
   10.000000000000000     
   9.9251570921432801     
   9.8248603067982998     
   10.000000000000000     
   10.000000000000000     
   10.000000000000000     
   6.3541680542125789     
   7.4455997685618808E-002
   10.000000000000000     
   9.8756376687113718     
   4.1328426317208039E-002
   10.000000000000000     
   2.0260846448265899     
   9.8441859431009000     
   10.000000000000000     
   10.000000000000000     
   9.9064463651791002     
   9.7810753834978748     
   10.000000000000000     
   10.000000000000000     
   10.000000000000000     
   5.4427100677657236     
   9.3069997107023503E-002
   10.000000000000000     
   9.8445470858892143     
   4.9594111580649643E-002
   10.000000000000000     
   2.4313015737919077     
   9.8130231317210797     
   10.000000000000000     
   10.000000000000000     
   9.8877356382149202     
   9.7372904601974497     
   10.000000000000000     
   10.000000000000000     
   10.000000000000000     
   4.5312520813188684     
  0.11168399652842820     
   10.000000000000000     
   9.8134565030670586     
   5.7859796844091253E-002
   10.000000000000000     
   2.8365185027572255     
   9.7818603203412593     
   10.000000000000000     
   10.000000000000000     
   9.8690249112507402     
   9.6935055368970247     
   10.000000000000000     
   10.000000000000000     
   10.000000000000000     
   3.6197940948720131     
  0.13029799594983291     
   10.000000000000000     
   9.7823659202449011     
   6.6125482107532871E-002
   10.000000000000000     
   3.2417354317225442     
   9.7506975089614407     
   10.000000000000000     
   10.000000000000000     
   9.8503141842865602     
   9.6497206135965996     
   10.000000000000000     
   10.000000000000000     
   10.000000000000000     
   2.7083361084251578     
  0.14891199537123762     
   10.000000000000000     
   9.7512753374227437     
   7.4391167370974468E-002
   10.000000000000000     
   3.6469523606878620     
   9.7195346975816204     
   10.000000000000000     
   10.000000000000000     
   9.8316034573223803     
   9.6059356902961746     
   10.000000000000000     
   10.000000000000000     
   10.000000000000000     
   1.7968781219783025     
  0.16752599479264230     
   10.000000000000000     
   9.7201847546005880     
   8.2656852634416078E-002
   10.000000000000000     
   4.0521692896531798     
   9.6883718862018000     
   10.000000000000000     
   10.000000000000000     
   9.8128927303582003     
   9.5621507669957495     
   10.000000000000000     
   10.000000000000000     
   10.000000000000000     
  0.88542013553144727     
  0.18613999421404701     
   10.000000000000000     
   9.6890941717784305     
   7.4391167370974468E-002
   10.000000000000000     
   4.6469523606878615     
   9.7195346975816204     
   10.000000000000000     
   10.000000000000000     
   9.8316034573223803     
   9.6059356902961746     
   10.000000000000000     
   10.000000000000000     
   10.000000000000000     
  0.79687812197830321     
  0.16752599479264230     
   10.000000000000000     
   9.7201847546005880     
   6.6125482107532857E-002
   10.000000000000000     
   5.2417354317225442     
   9.7506975089614407     
   10.000000000000000     
   10.000000000000000     
   9.8503141842865602     
   9.6497206135965996     
   10.000000000000000     
   10.000000000000000     
   10.000000000000000     
  0.70833610842515848     
  0.14891199537123762     
   10.000000000000000     
   9.7512753374227437     
   5.7859796844091260E-002
   10.000000000000000     
   5.8365185027572259     
   9.7818603203412593     
   10.000000000000000     
   10.000000000000000     
   9.8690249112507402     
   9.6935055368970247     
   10.000000000000000     
   10.000000000000000     
   10.000000000000000     
  0.61979409487201365     
  0.13029799594983291     
   10.000000000000000     
   9.7823659202449011     
   4.9594111580649643E-002
   10.000000000000000     
   6.4313015737919077     
   9.8130231317210797     
   10.000000000000000     
   10.000000000000000     
   9.8877356382149202     
   9.7372904601974497     
   10.000000000000000     
   10.000000000000000     
   10.000000000000000     
  0.53125208131886881     
  0.11168399652842820     
   10.000000000000000     
   9.8134565030670586     
   4.1328426317208039E-002
   10.000000000000000     
   7.0260846448265895     
   9.8441859431009000     
   10.000000000000000     
   10.000000000000000     
   9.9064463651791002     
   9.7810753834978748     
   10.000000000000000     
   10.000000000000000     
   10.000000000000000     
  0.44271006776572402     
   9.3069997107023503E-002
   10.000000000000000     
   9.8445470858892143     
   3.3062741053766435E-002
   10.000000000000000     
   7.6208677158612712     
   9.8753487544807204     
   10.000000000000000     
   10.000000000000000     
   9.9251570921432801     
   9.8248603067982998     
   10.000000000000000     
   10.000000000000000     
   10.000000000000000     
  0.35416805421257924     
   7.4455997685618808E-002
   10.000000000000000     
   9.8756376687113718     
   2.4797055790324825E-002
   10.000000000000000     
   8.2156507868959530     
   9.9065115658605407     
   10.000000000000000     
   10.000000000000000     
   9.9438678191074601     
   9.8686452300987249     
   10.000000000000000     
   10.000000000000000     
   10.000000000000000     
  0.26562604065943440     
   5.5841998264214099E-002
   10.000000000000000     
   9.9067282515335293     
   1.6531370526883207E-002
   10.000000000000000     
   8.8104338579306365     
   9.9376743772403593     
   10.000000000000000     
   10.000000000000000     
   9.9625785460716401     
   9.9124301533991499     
   10.000000000000000     
   10.000000000000000     
   10.000000000000000     
  0.17708402710628957     
   3.7227998842809390E-002
   10.000000000000000     
   9.9378188343556868     
   8.2656852634416106E-003
   10.000000000000000     
   9.4052169289653182     
   9.9688371886201796     
   10.000000000000000     
   10.000000000000000     
   9.9812892730358200     
   9.9562150766995750     
   10.000000000000000     
   10.000000000000000     
   10.000000000000000     
   8.8542013553144838E-002
   1.8613999421404709E-002
   10.000000000000000     
   9.9689094171778425     
   0.0000000000000000     
   10.000000000000000     
   10.000000000000000     
   10.000000000000000     
   10.000000000000000     
   10.000000000000000     
   10.000000000000000     
   10.000000000000000     
   10.000000000000000     
   10.000000000000000     
   10.000000000000000     
   0.0000000000000000     
   0.0000000000000000     
   10.000000000000000     
   10.000000000000000     
  0.42332554163578906     
   10.000000000000000     
   9.9977638865403442     
   9.4799140399780875     
   10.000000000000000     
   10.000000000000000     
   9.4288915150337971     
   10.000000000000000     
   10.000000000000000     
   10.000000000000000     
   10.000000000000000     
  0.11392862060434300     
  0.43443364474705098     
   10.000000000000000     
   10.000000000000000     
  0.84665108327157812     
   10.000000000000000     
   9.9955277730806884     
   8.9598280799561767     
   10.000000000000000     
   10.000000000000000     
   8.8577830300675942     
   10.000000000000000     
   10.000000000000000     
   10.000000000000000     
   10.000000000000000     
  0.22785724120868600     
  0.86886728949410197     
   10.000000000000000     
   10.000000000000000     
   1.2699766249073670     
   10.000000000000000     
   9.9932916596210326     
   8.4397421199342642     
   10.000000000000000     
   10.000000000000000     
   8.2866745451013912     
   10.000000000000000     
   10.000000000000000     
   10.000000000000000     
   10.000000000000000     
  0.34178586181302895     
   1.3033009342411528     
   10.000000000000000     
   10.000000000000000     
   1.6933021665431562     
   10.000000000000000     
   9.9910555461613768     
   7.9196561599123516     
   10.000000000000000     
   10.000000000000000     
   7.7155660601351883     
   10.000000000000000     
   10.000000000000000     
   10.000000000000000     
   10.000000000000000     
  0.45571448241737200     
   1.7377345789882039     
   10.000000000000000     
   10.000000000000000     
   2.1166277081789451     
   10.000000000000000     
   9.9888194327017210     
   7.3995701998904400     
   10.000000000000000     
   10.000000000000000     
   7.1444575751689854     
   10.000000000000000     
   10.000000000000000     
   10.000000000000000     
   10.000000000000000     
  0.56964310302171495     
   2.1721682237352549     
   10.000000000000000     
   10.000000000000000     
   2.5399532498147339     
   10.000000000000000     
   9.9865833192420634     
   6.8794842398685283     
   10.000000000000000     
   10.000000000000000     
   6.5733490902027825     
   10.000000000000000     
   10.000000000000000     
   10.000000000000000     
   10.000000000000000     
  0.68357172362605789     
   2.6066018684823056     
   10.000000000000000     
   10.000000000000000     
   2.9632787914505228     
   10.000000000000000     
   9.9843472057824076     
   6.3593982798466158     
   10.000000000000000     
   10.000000000000000     
   6.0022406052365795     
   10.000000000000000     
   10.000000000000000     
   10.000000000000000     
   10.000000000000000     
  0.79750034423040084     
   3.0410355132293567     
   10.000000000000000     
   10.000000000000000     
   3.3866043330863125     
   10.000000000000000     
   9.9821110923227518     
   5.8393123198247041     
   10.000000000000000     
   10.000000000000000     
   5.4311321202703757     
   10.000000000000000     
   10.000000000000000     
   10.000000000000000     
   10.000000000000000     
  0.91142896483474400     
   3.4754691579764079     
   10.000000000000000     
   10.000000000000000     
   3.8099298747221013     
   10.000000000000000     
   9.9798749788630960     
   5.3192263598027916     
   10.000000000000000     
   10.000000000000000     
   4.8600236353041728     
   10.000000000000000     
   10.000000000000000     
   10.000000000000000     
   10.000000000000000     
   1.0253575854390868     
   3.9099028027234590     
   10.000000000000000     
   10.000000000000000     
   4.2332554163578902     
   10.000000000000000     
   9.9776388654034402     
   4.7991403997808799     
   10.000000000000000     
   10.000000000000000     
   4.2889151503379699     
   10.000000000000000     
   10.000000000000000     
   10.000000000000000     
   10.000000000000000     
   1.1392862060434299     
   4.3443364474705097     
   10.000000000000000     
   10.000000000000000     
   3.8099298747221013     
   10.000000000000000     
   8.9798749788630960     
   5.3192263598027916     
   10.000000000000000     
   10.000000000000000     
   4.8600236353041728     
   10.000000000000000     
   10.000000000000000     
   10.000000000000000     
   10.000000000000000     
   2.0253575854390871     
   3.9099028027234586     
   10.000000000000000     
   10.000000000000000     
   3.3866043330863120     
   10.000000000000000     
   7.9821110923227518     
   5.8393123198247041     
   10.000000000000000     
   10.000000000000000     
   5.4311321202703757     
   10.000000000000000     
   10.000000000000000     
   10.000000000000000     
   10.000000000000000     
   2.9114289648347440     
   3.4754691579764079     
   10.000000000000000     
   10.000000000000000     
   2.9632787914505232     
   10.000000000000000     
   6.9843472057824076     
   6.3593982798466158     
   10.000000000000000     
   10.000000000000000     
   6.0022406052365787     
   10.000000000000000     
   10.000000000000000     
   10.000000000000000     
   10.000000000000000     
   3.7975003442304009     
   3.0410355132293567     
   10.000000000000000     
   10.000000000000000     
   2.5399532498147339     
   10.000000000000000     
   5.9865833192420634     
   6.8794842398685283     
   10.000000000000000     
   10.000000000000000     
   6.5733490902027825     
   10.000000000000000     
   10.000000000000000     
   10.000000000000000     
   10.000000000000000     
   4.6835717236260583     
   2.6066018684823060     
   10.000000000000000     
   10.000000000000000     
   2.1166277081789451     
   10.000000000000000     
   4.9888194327017201     
   7.3995701998904400     
   10.000000000000000     
   10.000000000000000     
   7.1444575751689854     
   10.000000000000000     
   10.000000000000000     
   10.000000000000000     
   10.000000000000000     
   5.5696431030217148     
   2.1721682237352549     
   10.000000000000000     
   10.000000000000000     
   1.6933021665431562     
   10.000000000000000     
   3.9910555461613759     
   7.9196561599123516     
   10.000000000000000     
   10.000000000000000     
   7.7155660601351883     
   10.000000000000000     
   10.000000000000000     
   10.000000000000000     
   10.000000000000000     
   6.4557144824173713     
   1.7377345789882042     
   10.000000000000000     
   10.000000000000000     
   1.2699766249073674     
   10.000000000000000     
   2.9932916596210326     
   8.4397421199342642     
   10.000000000000000     
   10.000000000000000     
   8.2866745451013912     
   10.000000000000000     
   10.000000000000000     
   10.000000000000000     
   10.000000000000000     
   7.3417858618130287     
   1.3033009342411530     
   10.000000000000000     
   10.000000000000000     
  0.84665108327157768     
   10.000000000000000     
   1.9955277730806875     
   8.9598280799561749     
   10.000000000000000     
   10.000000000000000     
   8.8577830300675942     
   10.000000000000000     
   10.000000000000000     
   10.000000000000000     
   10.000000000000000     
   8.2278572412086870     
  0.86886728949410186     
   10.000000000000000     
   10.000000000000000     
  0.42332554163578884     
   10.000000000000000     
  0.99776388654034420     
   9.4799140399780875     
   10.000000000000000     
   10.000000000000000     
   9.4288915150337971     
   10.000000000000000     
   10.000000000000000     
   10.000000000000000     
   10.000000000000000     
   9.1139286206043444     
  0.43443364474705071     
   10.000000000000000     
   10.000000000000000     
   0.0000000000000000     
   10.000000000000000     
   0.0000000000000000     
   10.000000000000000     
   10.000000000000000     
   10.000000000000000     
   10.000000000000000     
   10.000000000000000     
   10.000000000000000     
   10.000000000000000     
   10.000000000000000     
   10.000000000000000     
   0.0000000000000000     
   10.000000000000000     
   10.000000000000000     
   0.0000000000000000     
   10.000000000000000     
   0.0000000000000000     
   10.000000000000000     
   10.000000000000000     
   10.000000000000000     
   10.000000000000000     
   10.000000000000000     
   10.000000000000000     
   10.000000000000000     
   10.000000000000000     
   10.000000000000000     
   0.0000000000000000     
   10.000000000000000     
   10.000000000000000     
   8.2656852634416089E-003
   10.000000000000000     
  0.40521692896531802     
   9.9688371886201796     
   10.000000000000000     
   10.000000000000000     
   9.9812892730358200     
   9.9562150766995750     
   10.000000000000000     
   10.000000000000000     
   10.000000000000000     
   9.0885420135531447     
   1.8613999421404702E-002
   10.000000000000000     
   9.9689094171778425     
   1.6531370526883218E-002
   10.000000000000000     
  0.81043385793063605     
   9.9376743772403593     
   10.000000000000000     
   10.000000000000000     
   9.9625785460716401     
   9.9124301533991499     
   10.000000000000000     
   10.000000000000000     
   10.000000000000000     
   8.1770840271062895     
   3.7227998842809404E-002
   10.000000000000000     
   9.9378188343556868     
   2.4797055790324821E-002
   10.000000000000000     
   1.2156507868959538     
   9.9065115658605407     
   10.000000000000000     
   10.000000000000000     
   9.9438678191074601     
   9.8686452300987249     
   10.000000000000000     
   10.000000000000000     
   10.000000000000000     
   7.2656260406594342     
   5.5841998264214099E-002
   10.000000000000000     
   9.9067282515335293     
   3.3062741053766435E-002
   10.000000000000000     
   1.6208677158612721     
   9.8753487544807204     
   10.000000000000000     
   10.000000000000000     
   9.9251570921432801     
   9.8248603067982998     
   10.000000000000000     
   10.000000000000000     
   10.000000000000000     
   6.3541680542125789     
   7.4455997685618808E-002
   10.000000000000000     
   9.8756376687113718     
   4.1328426317208039E-002
   10.000000000000000     
   2.0260846448265899     
   9.8441859431009000     
   10.000000000000000     
   10.000000000000000     
   9.9064463651791002     
   9.7810753834978748     
   10.000000000000000     
   10.000000000000000     
   10.000000000000000     
   5.4427100677657236     
   9.3069997107023503E-002
   10.000000000000000     
   9.8445470858892143     
   4.9594111580649643E-002
   10.000000000000000     
   2.4313015737919077     
   9.8130231317210797     
   10.000000000000000     
   10.000000000000000     
   9.8877356382149202     
   9.7372904601974497     
   10.000000000000000     
   10.000000000000000     
   10.000000000000000     
   4.5312520813188684     
  0.11168399652842820     
   10.000000000000000     
   9.8134565030670586     
   5.7859796844091253E-002
   10.000000000000000     
   2.8365185027572255     
   9.7818603203412593     
   10.000000000000000     
   10.000000000000000     
   9.8690249112507402     
   9.6935055368970247     
   10.000000000000000     
   10.000000000000000     
   10.000000000000000     
   3.6197940948720131     
  0.13029799594983291     
   10.000000000000000     
   9.7823659202449011     
   6.6125482107532871E-002
   10.000000000000000     
   3.2417354317225442     
   9.7506975089614407     
   10.000000000000000     
   10.000000000000000     
   9.8503141842865602     
   9.6497206135965996     
   10.000000000000000     
   10.000000000000000     
   10.000000000000000     
   2.7083361084251578     
  0.14891199537123762     
   10.000000000000000     
   9.7512753374227437     
   7.4391167370974468E-002
   10.000000000000000     
   3.6469523606878620     
   9.7195346975816204     
   10.000000000000000     
   10.000000000000000     
   9.8316034573223803     
   9.6059356902961746     
   10.000000000000000     
   10.000000000000000     
   10.000000000000000     
   1.7968781219783025     
  0.16752599479264230     
   10.000000000000000     
   9.7201847546005880     
   8.2656852634416078E-002
   10.000000000000000     
   4.0521692896531798     
   9.6883718862018000     
   10.000000000000000     
   10.000000000000000     
   9.8128927303582003     
   9.5621507669957495     
   10.000000000000000     
   10.000000000000000     
   10.000000000000000     
  0.88542013553144727     
  0.18613999421404701     
   10.000000000000000     
   9.6890941717784305     
   7.4391167370974468E-002
   10.000000000000000     
   4.6469523606878615     
   9.7195346975816204     
   10.000000000000000     
   10.000000000000000     
   9.8316034573223803     
   9.6059356902961746     
   10.000000000000000     
   10.000000000000000     
   10.000000000000000     
  0.79687812197830321     
  0.16752599479264230     
   10.000000000000000     
   9.7201847546005880     
   6.6125482107532857E-002
   10.000000000000000     
   5.2417354317225442     
   9.7506975089614407     
   10.000000000000000     
   10.000000000000000     
   9.8503141842865602     
   9.6497206135965996     
   10.000000000000000     
   10.000000000000000     
   10.000000000000000     
  0.70833610842515848     
  0.14891199537123762     
   10.000000000000000     
   9.7512753374227437     
   5.7859796844091260E-002
   10.000000000000000     
   5.8365185027572259     
   9.7818603203412593     
   10.000000000000000     
   10.000000000000000     
   9.8690249112507402     
   9.6935055368970247     
   10.000000000000000     
   10.000000000000000     
   10.000000000000000     
  0.61979409487201365     
  0.13029799594983291     
   10.000000000000000     
   9.7823659202449011     
   4.9594111580649643E-002
   10.000000000000000     
   6.4313015737919077     
   9.8130231317210797     
   10.000000000000000     
   10.000000000000000     
   9.8877356382149202     
   9.7372904601974497     
   10.000000000000000     
   10.000000000000000     
   10.000000000000000     
  0.53125208131886881     
  0.11168399652842820     
   10.000000000000000     
   9.8134565030670586     
   4.1328426317208039E-002
   10.000000000000000     
   7.0260846448265895     
   9.8441859431009000     
   10.000000000000000     
   10.000000000000000     
   9.9064463651791002     
   9.7810753834978748     
   10.000000000000000     
   10.000000000000000     
   10.000000000000000     
  0.44271006776572402     
   9.3069997107023503E-002
   10.000000000000000     
   9.8445470858892143     
   3.3062741053766435E-002
   10.000000000000000     
   7.6208677158612712     
   9.8753487544807204     
   10.000000000000000     
   10.000000000000000     
   9.9251570921432801     
   9.8248603067982998     
   10.000000000000000     
   10.000000000000000     
   10.000000000000000     
  0.35416805421257924     
   7.4455997685618808E-002
   10.000000000000000     
   9.8756376687113718     
   2.4797055790324825E-002
   10.000000000000000     
   8.2156507868959530     
   9.9065115658605407     
   10.000000000000000     
   10.000000000000000     
   9.9438678191074601     
   9.8686452300987249     
   10.000000000000000     
   10.000000000000000     
   10.000000000000000     
  0.26562604065943440     
   5.5841998264214099E-002
   10.000000000000000     
   9.9067282515335293     
   1.6531370526883207E-002
   10.000000000000000     
   8.8104338579306365     
   9.9376743772403593     
   10.000000000000000     
   10.000000000000000     
   9.9625785460716401     
   9.9124301533991499     
   10.000000000000000     
   10.000000000000000     
   10.000000000000000     
  0.17708402710628957     
   3.7227998842809390E-002
   10.000000000000000     
   9.9378188343556868     
   8.2656852634416106E-003
   10.000000000000000     
   9.4052169289653182     
   9.9688371886201796     
   10.000000000000000     
   10.000000000000000     
   9.9812892730358200     
   9.9562150766995750     
   10.000000000000000     
   10.000000000000000     
   10.000000000000000     
   8.8542013553144838E-002
   1.8613999421404709E-002
   10.000000000000000     
   9.9689094171778425     
   0.0000000000000000     
   10.000000000000000     
   10.000000000000000     
   10.000000000000000     
   10.000000000000000     
   10.000000000000000     
   10.000000000000000     
   10.000000000000000     
   10.000000000000000     
   10.000000000000000     
   10.000000000000000     
   0.0000000000000000     
   0.0000000000000000     
   10.000000000000000     
   10.000000000000000     
  0.42332554163578906     
   10.000000000000000     
   9.9977638865403442     
   9.4799140399780875     
   10.000000000000000     
   10.000000000000000     
   9.4288915150337971     
   10.000000000000000     
   10.000000000000000     
   10.000000000000000     
   10.000000000000000     
  0.11392862060434300     
  0.43443364474705098     
   10.000000000000000     
   10.000000000000000     
  0.84665108327157812     
   10.000000000000000     
   9.9955277730806884     
   8.9598280799561767     
   10.000000000000000     
   10.000000000000000     
   8.8577830300675942     
   10.000000000000000     
   10.000000000000000     
   10.000000000000000     
   10.000000000000000     
  0.22785724120868600     
  0.86886728949410197     
   10.000000000000000     
   10.000000000000000     
   1.2699766249073670     
   10.000000000000000     
   9.9932916596210326     
   8.4397421199342642     
   10.000000000000000     
   10.000000000000000     
   8.2866745451013912     
   10.000000000000000     
   10.000000000000000     
   10.000000000000000     
   10.000000000000000     
  0.34178586181302895     
   1.3033009342411528     
   10.000000000000000     
   10.000000000000000     
   1.6933021665431562     
   10.000000000000000     
   9.9910555461613768     
   7.9196561599123516     
   10.000000000000000     
   10.000000000000000     
   7.7155660601351883     
   10.000000000000000     
   10.000000000000000     
   10.000000000000000     
   10.000000000000000     
  0.45571448241737200     
   1.7377345789882039     
   10.000000000000000     
   10.000000000000000     
   2.1166277081789451     
   10.000000000000000     
   9.9888194327017210     
   7.3995701998904400     
   10.000000000000000     
   10.000000000000000     
   7.1444575751689854     
   10.000000000000000     
   10.000000000000000     
   10.000000000000000     
   10.000000000000000     
  0.56964310302171495     
   2.1721682237352549     
   10.000000000000000     
   10.000000000000000     
   2.5399532498147339     
   10.000000000000000     
   9.9865833192420634     
   6.8794842398685283     
   10.000000000000000     
   10.000000000000000     
   6.5733490902027825     
   10.000000000000000     
   10.000000000000000     
   10.000000000000000     
   10.000000000000000     
  0.68357172362605789     
   2.6066018684823056     
   10.000000000000000     
   10.000000000000000     
   2.9632787914505228     
   10.000000000000000     
   9.9843472057824076     
   6.3593982798466158     
   10.000000000000000     
   10.000000000000000     
   6.0022406052365795     
   10.000000000000000     
   10.000000000000000     
   10.000000000000000     
   10.000000000000000     
  0.79750034423040084     
   3.0410355132293567     
   10.000000000000000     
   10.000000000000000     
   3.3866043330863125     
   10.000000000000000     
   9.9821110923227518     
   5.8393123198247041     
   10.000000000000000     
   10.000000000000000     
   5.4311321202703757     
   10.000000000000000     
   10.000000000000000     
   10.000000000000000     
   10.000000000000000     
  0.91142896483474400     
   3.4754691579764079     
   10.000000000000000     
   10.000000000000000     
   3.8099298747221013     
   10.000000000000000     
   9.9798749788630960     
   5.3192263598027916     
   10.000000000000000     
   10.000000000000000     
   4.8600236353041728     
   10.000000000000000     
   10.000000000000000     
   10.000000000000000     
   10.000000000000000     
   1.0253575854390868     
   3.9099028027234590     
   10.000000000000000     
   10.000000000000000     
   4.2332554163578902     
   10.000000000000000     
   9.9776388654034402     
   4.7991403997808799     
   10.000000000000000     
   10.000000000000000     
   4.2889151503379699     
   10.000000000000000     
   10.000000000000000     
   10.000000000000000     
   10.000000000000000     
   1.1392862060434299     
   4.3443364474705097     
   10.000000000000000     
   10.000000000000000     
   3.8099298747221013     
   10.000000000000000     
   8.9798749788630960     
   5.3192263598027916     
   10.000000000000000     
   10.000000000000000     
   4.8600236353041728     
   10.000000000000000     
   10.000000000000000     
   10.000000000000000     
   10.000000000000000     
   2.0253575854390871     
   3.9099028027234586     
   10.000000000000000     
   10.000000000000000     
   3.3866043330863120     
   10.000000000000000     
   7.9821110923227518     
   5.8393123198247041     
   10.000000000000000     
   10.000000000000000     
   5.4311321202703757     
   10.000000000000000     
   10.000000000000000     
   10.000000000000000     
   10.000000000000000     
   2.9114289648347440     
   3.4754691579764079     
   10.000000000000000     
   10.000000000000000     
   2.9632787914505232     
   10.000000000000000     
   6.9843472057824076     
   6.3593982798466158     
   10.000000000000000     
   10.000000000000000     
   6.0022406052365787     
   10.000000000000000     
   10.000000000000000     
   10.000000000000000     
   10.000000000000000     
   3.7975003442304009     
   3.0410355132293567     
   10.000000000000000     
   10.000000000000000     
   2.5399532498147339     
   10.000000000000000     
   5.9865833192420634     
   6.8794842398685283     
   10.000000000000000     
   10.000000000000000     
   6.5733490902027825     
   10.000000000000000     
   10.000000000000000     
   10.000000000000000     
   10.000000000000000     
   4.6835717236260583     
   2.6066018684823060     
   10.000000000000000     
   10.000000000000000     
   2.1166277081789451     
   10.000000000000000     
   4.9888194327017201     
   7.3995701998904400     
   10.000000000000000     
   10.000000000000000     
   7.1444575751689854     
   10.000000000000000     
   10.000000000000000     
   10.000000000000000     
   10.000000000000000     
   5.5696431030217148     
   2.1721682237352549     
   10.000000000000000     
   10.000000000000000     
   1.6933021665431562     
   10.000000000000000     
   3.9910555461613759     
   7.9196561599123516     
   10.000000000000000     
   10.000000000000000     
   7.7155660601351883     
   10.000000000000000     
   10.000000000000000     
   10.000000000000000     
   10.000000000000000     
   6.4557144824173713     
   1.7377345789882042     
   10.000000000000000     
   10.000000000000000     
   1.2699766249073674     
   10.000000000000000     
   2.9932916596210326     
   8.4397421199342642     
   10.000000000000000     
   10.000000000000000     
   8.2866745451013912     
   10.000000000000000     
   10.000000000000000     
   10.000000000000000     
   10.000000000000000     
   7.3417858618130287     
   1.3033009342411530     
   10.000000000000000     
   10.000000000000000     
  0.84665108327157768     
   10.000000000000000     
   1.9955277730806875     
   8.9598280799561749     
   10.000000000000000     
   10.000000000000000     
   8.8577830300675942     
   10.000000000000000     
   10.000000000000000     
   10.000000000000000     
   10.000000000000000     
   8.2278572412086870     
  0.86886728949410186     
   10.000000000000000     
   10.000000000000000     
  0.42332554163578884     
   10.000000000000000     
  0.99776388654034420     
   9.4799140399780875     
   10.000000000000000     
   10.000000000000000     
   9.4288915150337971     
   10.000000000000000     
   10.000000000000000     
   10.000000000000000     
   10.000000000000000     
   9.1139286206043444     
  0.43443364474705071     
   10.000000000000000     
   10.000000000000000     
   0.0000000000000000     
   10.000000000000000     
   0.0000000000000000     
   10.000000000000000     
   10.000000000000000     
   10.000000000000000     
   10.000000000000000     
   10.000000000000000     
   10.000000000000000     
   10.000000000000000     
   10.000000000000000     
   10.000000000000000     
   0.0000000000000000     
   10.000000000000000     
   10.000000000000000     
