       0.5756E+00       0.1051E-01       0.4186E-02       0.3572E-02
       0.5649E+00       0.1631E-01       0.6214E-02       0.5519E-02
       0.5592E+00       0.2496E-01       0.8525E-02       0.7731E-02
       0.5408E+00       0.3930E-01       0.1214E-01       0.1138E-01
       0.5114E+00       0.6122E-01       0.1690E-01       0.1610E-01
       0.4738E+00       0.8610E-01       0.2094E-01       0.1998E-01
       0.4324E+00       0.1270E+00       0.2681E-01       0.2585E-01
       0.3839E+00       0.1692E+00       0.3078E-01       0.2951E-01
       0.3357E+00       0.2203E+00       0.3376E-01       0.3264E-01
       0.2913E+00       0.2626E+00       0.3462E-01       0.3377E-01
       0.2595E+00       0.3121E+00       0.3575E-01       0.3551E-01
       0.2453E+00       0.3574E+00       0.3547E-01       0.3510E-01
       0.2279E+00       0.4070E+00       0.3481E-01       0.3462E-01
       0.2081E+00       0.4607E+00       0.3321E-01       0.3314E-01
       0.1919E+00       0.5171E+00       0.3242E-01       0.3250E-01
       0.1807E+00       0.5531E+00       0.3149E-01       0.3127E-01
       0.1634E+00       0.6131E+00       0.3000E-01       0.2994E-01
       0.1576E+00       0.6272E+00       0.2932E-01       0.2947E-01
       0.1471E+00       0.6599E+00       0.2852E-01       0.2822E-01
       0.1428E+00       0.6838E+00       0.2762E-01       0.2753E-01
       0.1359E+00       0.6954E+00       0.2667E-01       0.2645E-01
       0.1515E+00       0.6610E+00       0.2841E-01       0.2807E-01
       0.1637E+00       0.6230E+00       0.2887E-01       0.2871E-01
       0.1817E+00       0.5833E+00       0.3103E-01       0.2996E-01
       0.2043E+00       0.5314E+00       0.3251E-01       0.3118E-01
       0.2197E+00       0.4799E+00       0.3381E-01       0.3174E-01
       0.2423E+00       0.4084E+00       0.3474E-01       0.3180E-01
       0.2635E+00       0.3558E+00       0.3535E-01       0.3178E-01
       0.2721E+00       0.3010E+00       0.3500E-01       0.2998E-01
       0.2806E+00       0.2678E+00       0.3541E-01       0.2969E-01
       0.2893E+00       0.2535E+00       0.3650E-01       0.2966E-01
       0.3018E+00       0.2349E+00       0.3375E-01       0.2771E-01
       0.3200E+00       0.2343E+00       0.3243E-01       0.2705E-01
       0.3370E+00       0.2206E+00       0.3043E-01       0.2595E-01
       0.3596E+00       0.1951E+00       0.2719E-01       0.2353E-01
       0.4061E+00       0.1458E+00       0.2331E-01       0.2069E-01
       0.4479E+00       0.9457E-01       0.1775E-01       0.1605E-01
       0.5012E+00       0.5572E-01       0.1305E-01       0.1193E-01
       0.5305E+00       0.3238E-01       0.9310E-02       0.8585E-02
       0.5517E+00       0.1821E-01       0.6098E-02       0.5596E-02
       0.5847E+00       0.1016E-01       0.3961E-02       0.3476E-02
       0.5746E+00       0.1002E-01       0.3924E-02       0.3367E-02
       0.5630E+00       0.1683E-01       0.6207E-02       0.5581E-02
       0.5443E+00       0.2513E-01       0.8724E-02       0.8012E-02
       0.5304E+00       0.3937E-01       0.1214E-01       0.1148E-01
       0.5129E+00       0.5992E-01       0.1661E-01       0.1570E-01
       0.4733E+00       0.8682E-01       0.2089E-01       0.2003E-01
       0.4301E+00       0.1252E+00       0.2652E-01       0.2533E-01
       0.3829E+00       0.1731E+00       0.3149E-01       0.3034E-01
       0.3406E+00       0.2244E+00       0.3428E-01       0.3358E-01
       0.2911E+00       0.2664E+00       0.3458E-01       0.3408E-01
       0.2526E+00       0.3134E+00       0.3538E-01       0.3513E-01
       0.2407E+00       0.3631E+00       0.3553E-01       0.3515E-01
       0.2271E+00       0.4124E+00       0.3453E-01       0.3442E-01
       0.2107E+00       0.4714E+00       0.3389E-01       0.3385E-01
       0.1921E+00       0.5081E+00       0.3247E-01       0.3231E-01
       0.1787E+00       0.5617E+00       0.3163E-01       0.3138E-01
       0.1680E+00       0.5910E+00       0.3004E-01       0.2993E-01
       0.1569E+00       0.6308E+00       0.2896E-01       0.2901E-01
       0.1466E+00       0.6610E+00       0.2801E-01       0.2782E-01
       0.1451E+00       0.6811E+00       0.2807E-01       0.2775E-01
       0.1382E+00       0.6970E+00       0.2719E-01       0.2717E-01
       0.1479E+00       0.6716E+00       0.2832E-01       0.2800E-01
       0.1671E+00       0.6219E+00       0.2924E-01       0.2903E-01
       0.1813E+00       0.5894E+00       0.3128E-01       0.3041E-01
       0.2034E+00       0.5251E+00       0.3247E-01       0.3125E-01
       0.2194E+00       0.4777E+00       0.3399E-01       0.3183E-01
       0.2405E+00       0.4129E+00       0.3477E-01       0.3199E-01
       0.2602E+00       0.3522E+00       0.3489E-01       0.3138E-01
       0.2716E+00       0.3007E+00       0.3473E-01       0.3006E-01
       0.2829E+00       0.2701E+00       0.3557E-01       0.2983E-01
       0.2932E+00       0.2503E+00       0.3637E-01       0.2983E-01
       0.3033E+00       0.2399E+00       0.3459E-01       0.2848E-01
       0.3147E+00       0.2344E+00       0.3269E-01       0.2697E-01
       0.3290E+00       0.2267E+00       0.3073E-01       0.2606E-01
       0.3639E+00       0.1895E+00       0.2647E-01       0.2345E-01
       0.4054E+00       0.1458E+00       0.2310E-01       0.2081E-01
       0.4580E+00       0.9674E-01       0.1774E-01       0.1598E-01
       0.5039E+00       0.5715E-01       0.1359E-01       0.1242E-01
       0.5367E+00       0.3210E-01       0.9496E-02       0.8600E-02
       0.5659E+00       0.1751E-01       0.6117E-02       0.5517E-02
       0.5853E+00       0.1044E-01       0.4103E-02       0.3566E-02
       0.5878E+00       0.1049E-01       0.4163E-02       0.3470E-02
       0.5619E+00       0.1652E-01       0.6057E-02       0.5389E-02
       0.5587E+00       0.2390E-01       0.8283E-02       0.7635E-02
       0.5340E+00       0.3883E-01       0.1223E-01       0.1147E-01
       0.5131E+00       0.6053E-01       0.1643E-01       0.1584E-01
       0.4743E+00       0.8891E-01       0.2132E-01       0.2018E-01
       0.4279E+00       0.1254E+00       0.2624E-01       0.2524E-01
       0.3769E+00       0.1668E+00       0.3011E-01       0.2918E-01
       0.3344E+00       0.2191E+00       0.3382E-01       0.3264E-01
       0.2906E+00       0.2587E+00       0.3528E-01       0.3470E-01
       0.2577E+00       0.3103E+00       0.3540E-01       0.3500E-01
       0.2421E+00       0.3531E+00       0.3453E-01       0.3455E-01
       0.2243E+00       0.4130E+00       0.3438E-01       0.3431E-01
       0.2093E+00       0.4649E+00       0.3408E-01       0.3409E-01
       0.1943E+00       0.5152E+00       0.3234E-01       0.3273E-01
       0.1769E+00       0.5589E+00       0.3090E-01       0.3055E-01
       0.1681E+00       0.6082E+00       0.3040E-01       0.3043E-01
       0.1569E+00       0.6332E+00       0.2929E-01       0.2901E-01
       0.1482E+00       0.6566E+00       0.2808E-01       0.2823E-01
       0.1422E+00       0.6831E+00       0.2768E-01       0.2724E-01
       0.1389E+00       0.6805E+00       0.2653E-01       0.2655E-01
       0.1501E+00       0.6695E+00       0.2796E-01       0.2785E-01
       0.1653E+00       0.6209E+00       0.2997E-01       0.2931E-01
       0.1821E+00       0.5833E+00       0.3130E-01       0.3068E-01
       0.1971E+00       0.5351E+00       0.3177E-01       0.3053E-01
       0.2205E+00       0.4738E+00       0.3369E-01       0.3171E-01
       0.2405E+00       0.4094E+00       0.3411E-01       0.3140E-01
       0.2627E+00       0.3575E+00       0.3603E-01       0.3219E-01
       0.2762E+00       0.3002E+00       0.3613E-01       0.3097E-01
       0.2837E+00       0.2636E+00       0.3592E-01       0.2977E-01
       0.2864E+00       0.2466E+00       0.3536E-01       0.2896E-01
       0.3075E+00       0.2395E+00       0.3458E-01       0.2839E-01
       0.3204E+00       0.2365E+00       0.3321E-01       0.2769E-01
       0.3335E+00       0.2235E+00       0.3026E-01       0.2592E-01
       0.3619E+00       0.1939E+00       0.2748E-01       0.2413E-01
       0.3967E+00       0.1519E+00       0.2324E-01       0.2107E-01
       0.4588E+00       0.9675E-01       0.1805E-01       0.1662E-01
       0.4987E+00       0.5752E-01       0.1343E-01       0.1222E-01
       0.5404E+00       0.3259E-01       0.9426E-02       0.8720E-02
       0.5621E+00       0.1728E-01       0.5760E-02       0.5237E-02
       0.5715E+00       0.9836E-02       0.3900E-02       0.3295E-02
