  0.000000000000000E+000  0.000000000000000E+000  0.000000000000000E+000
  0.000000000000000E+000  0.000000000000000E+000  0.000000000000000E+000
  0.000000000000000E+000  0.000000000000000E+000  0.000000000000000E+000
  0.000000000000000E+000  0.000000000000000E+000  0.000000000000000E+000
  0.000000000000000E+000  0.000000000000000E+000  0.000000000000000E+000
  0.000000000000000E+000  0.000000000000000E+000  0.000000000000000E+000
  4.751999999999999E-005  0.000000000000000E+000  0.000000000000000E+000
  7.380000000000000E-004  0.000000000000000E+000  0.000000000000000E+000
  1.416372000000000E-002  0.000000000000000E+000  0.000000000000000E+000
  0.107700360000000       1.094200000000000E-004  0.000000000000000E+000
  0.000000000000000E+000  0.000000000000000E+000  0.000000000000000E+000
  0.000000000000000E+000  0.000000000000000E+000  0.000000000000000E+000
  0.000000000000000E+000  0.000000000000000E+000  0.000000000000000E+000
  0.000000000000000E+000  0.000000000000000E+000  0.000000000000000E+000
  0.000000000000000E+000  0.000000000000000E+000  0.000000000000000E+000
  2.316000000000000E-005  0.000000000000000E+000  0.000000000000000E+000
  6.211200000000000E-004  2.260000000000000E-006  0.000000000000000E+000
  2.056824000000000E-002  5.300000000000000E-006  0.000000000000000E+000
  0.291545160000000       7.548200000000001E-004  2.660000000000000E-006
  4.127652000000000E-002  2.408000000000000E-005  0.000000000000000E+000
  1.549200000000000E-004  0.000000000000000E+000  0.000000000000000E+000
  5.363999999999999E-005  0.000000000000000E+000  0.000000000000000E+000
  5.868000000000000E-005  0.000000000000000E+000  0.000000000000000E+000
  2.029200000000000E-004  0.000000000000000E+000  0.000000000000000E+000
  5.833200000000001E-004  0.000000000000000E+000  0.000000000000000E+000
  2.212440000000000E-003  0.000000000000000E+000  0.000000000000000E+000
  2.668884000000000E-002  7.780000000000000E-006  0.000000000000000E+000
  0.366973920000000       1.189720000000000E-003  2.000000000000000E-008
  0.380088000000000       1.628920000000000E-003  6.000000000000001E-008
  6.211320000000001E-002  7.044000000000001E-005  2.000000000000000E-008
  6.232440000000001E-003  0.000000000000000E+000  0.000000000000000E+000
  4.942319999999999E-003  6.600000000000000E-007  0.000000000000000E+000
  4.998120000000000E-003  0.000000000000000E+000  0.000000000000000E+000
  6.544440000000001E-003  0.000000000000000E+000  0.000000000000000E+000
  1.356132000000000E-002  5.820000000000000E-006  0.000000000000000E+000
  6.066216000000001E-002  5.312000000000000E-005  0.000000000000000E+000
  0.421329960000000       1.441400000000000E-003  0.000000000000000E+000
   2.44288380000000       4.689296000000000E-002  6.820000000000000E-006
  0.183326280000000       5.280999999999999E-004  2.000000000000000E-008
  9.410723999999998E-002  1.296800000000000E-004  0.000000000000000E+000
  9.886235999999997E-002  1.000400000000000E-004  0.000000000000000E+000
  0.107129640000000       4.981999999999999E-005  0.000000000000000E+000
  0.127033800000000       1.072800000000000E-004  0.000000000000000E+000
  0.173430840000000       2.960400000000000E-004  0.000000000000000E+000
  0.317256000000000       8.917199999999999E-004  0.000000000000000E+000
  0.957238680000000       8.290620000000000E-003  0.000000000000000E+000
   3.47941188000000       0.103348600000000       2.548000000000000E-005
   3.42244560000000       8.297281999999999E-002  4.080000000000001E-006
  0.218270040000000       5.569600000000000E-004  5.760000000000000E-006
  5.514804000000000E-002  4.116000000000000E-005  0.000000000000000E+000
   1.39500360000000       1.568894000000000E-002  0.000000000000000E+000
   1.42945716000000       1.824041999999999E-002  0.000000000000000E+000
   1.69079340000000       2.309710000000000E-002  2.000000000000000E-008
   2.08353252000000       3.751096000000000E-002  6.000000000000001E-008
   3.31209540000000       9.228922000000002E-002  1.938000000000000E-005
   6.32395812000000       0.331176640000000       3.436000000000000E-005
   7.45450032000000       0.363176500000000       1.974000000000000E-005
   1.90127664000000       1.459380000000000E-002  1.252000000000000E-005
  0.151984680000000       3.322000000000000E-005  2.000000000000000E-008
  5.026392000000000E-002  4.560000000000000E-006  0.000000000000000E+000
   9.22520892000000       0.668884520000000       5.506000000000000E-005
   9.62459820000000       0.676746380000000       6.180000000000001E-006
   9.93443640000000       0.717946680000000       2.212000000000000E-005
   10.9798663200000       0.819426240000000       7.200000000000000E-006
   12.3172234800000       0.946085560000000       3.961999999999998E-005
   10.0143915600000       0.460618780000000       2.364000000000000E-005
   3.75220260000000       3.679088000000000E-002  3.700000000000000E-006
  0.920186520000000       2.600500000000000E-003  0.000000000000000E+000
  5.021075999999999E-002  4.620000000000000E-006  0.000000000000000E+000
  4.840128000000002E-002  0.000000000000000E+000  0.000000000000000E+000
   14.6111140800000       0.594117140000000       3.420000000000000E-005
   14.4218380800000       0.597021400000000       2.738000000000000E-005
   14.1742628400000       0.520544920000000       1.334000000000000E-005
   12.3461335200000       0.380143180000000       6.440000000000000E-006
   9.75551544000000       0.162699320000000       1.208000000000000E-005
   4.18229064000000       2.197274000000000E-002  8.000000000000000E-008
   1.36839216000000       2.136560000000000E-003  4.000000000000000E-008
  0.418249920000000       1.054120000000000E-003  0.000000000000000E+000
  6.605675999999999E-002  1.920000000000000E-005  0.000000000000000E+000
  0.218569440000000       0.000000000000000E+000  0.000000000000000E+000
   7.19609748000000       4.734826000000001E-002  0.000000000000000E+000
   7.06219656000000       4.853208000000001E-002  0.000000000000000E+000
   5.36425596000000       2.422870000000000E-002  2.200000000000000E-007
   5.26182900000000       3.001003999999999E-002  1.040000000000000E-006
   3.93118872000000       2.543760000000000E-003  5.600000000000000E-007
   1.17022272000000       1.544340000000000E-003  1.000000000000000E-007
  0.784441440000000       8.067600000000000E-004  0.000000000000000E+000
  0.161008440000000       2.325400000000000E-004  0.000000000000000E+000
  0.270125040000000       0.000000000000000E+000  0.000000000000000E+000
  0.280132080000000       2.780000000000000E-006  0.000000000000000E+000
  0.000000000000000E+000  0.000000000000000E+000  0.000000000000000E+000
  0.000000000000000E+000  0.000000000000000E+000  0.000000000000000E+000
  0.000000000000000E+000  0.000000000000000E+000  0.000000000000000E+000
  0.000000000000000E+000  0.000000000000000E+000  0.000000000000000E+000
  0.000000000000000E+000  0.000000000000000E+000  0.000000000000000E+000
  0.000000000000000E+000  0.000000000000000E+000  0.000000000000000E+000
  9.120000000000001E-006  0.000000000000000E+000  0.000000000000000E+000
  6.204000000000000E-004  0.000000000000000E+000  0.000000000000000E+000
  1.625807999999999E-002  8.000000000000000E-008  0.000000000000000E+000
  0.110610840000000       1.031400000000000E-004  3.920000000000001E-006
  0.000000000000000E+000  0.000000000000000E+000  0.000000000000000E+000
  5.999999999999999E-006  0.000000000000000E+000  0.000000000000000E+000
  0.000000000000000E+000  0.000000000000000E+000  0.000000000000000E+000
  0.000000000000000E+000  0.000000000000000E+000  0.000000000000000E+000
  0.000000000000000E+000  0.000000000000000E+000  0.000000000000000E+000
  2.208000000000000E-005  0.000000000000000E+000  0.000000000000000E+000
  7.882799999999999E-004  0.000000000000000E+000  0.000000000000000E+000
  2.249316000000000E-002  8.200000000000000E-007  0.000000000000000E+000
  0.292221720000000       7.558800000000000E-004  3.600000000000000E-007
  3.783420000000002E-002  3.248000000000000E-005  4.380000000000000E-006
  1.866000000000000E-004  0.000000000000000E+000  0.000000000000000E+000
  1.912800000000000E-004  0.000000000000000E+000  0.000000000000000E+000
  4.272000000000000E-005  0.000000000000000E+000  0.000000000000000E+000
  1.410000000000000E-004  0.000000000000000E+000  0.000000000000000E+000
  4.922400000000000E-004  0.000000000000000E+000  0.000000000000000E+000
  2.245800000000000E-003  0.000000000000000E+000  0.000000000000000E+000
  2.269548000000000E-002  1.520000000000000E-006  0.000000000000000E+000
  0.383215200000000       1.213820000000000E-003  4.780000000000000E-006
  0.377277360000000       1.304940000000000E-003  1.320000000000000E-006
  8.726688000000001E-002  2.487000000000000E-004  0.000000000000000E+000
  4.704600000000000E-003  0.000000000000000E+000  0.000000000000000E+000
  4.551240000000002E-003  0.000000000000000E+000  0.000000000000000E+000
  4.245720000000000E-003  0.000000000000000E+000  0.000000000000000E+000
  6.145320000000001E-003  2.580000000000000E-006  0.000000000000000E+000
  1.404972000000000E-002  8.000000000000000E-008  0.000000000000000E+000
  5.989932000000000E-002  1.340000000000000E-005  0.000000000000000E+000
  0.456788160000000       1.960580000000000E-003  1.960000000000000E-006
   2.44253712000000       4.770017999999999E-002  1.386000000000000E-005
  0.184152840000000       5.566600000000001E-004  0.000000000000000E+000
  9.561024000000000E-002  1.730600000000000E-004  8.200000000000000E-007
  0.104146320000000       2.954000000000000E-005  0.000000000000000E+000
  0.102607560000000       6.250000000000000E-005  0.000000000000000E+000
  0.128661120000000       7.429999999999999E-005  0.000000000000000E+000
  0.163977360000000       2.141600000000000E-004  2.400000000000000E-007
  0.297508320000000       7.495399999999999E-004  0.000000000000000E+000
  0.948667200000000       8.037580000000003E-003  3.200000000000000E-007
   3.64901520000000       0.112718200000000       5.579999999999999E-006
   3.49913352000000       8.420546000000001E-002  3.650000000000000E-005
  0.185647680000000       2.440000000000000E-004  1.640000000000000E-006
  7.506347999999999E-002  3.094600000000000E-004  0.000000000000000E+000
   1.49527248000000       1.719912000000000E-002  1.540000000000000E-006
   1.47225912000000       1.821674000000000E-002  3.800000000000000E-007
   1.57311828000000       1.968846000000000E-002  0.000000000000000E+000
   2.04974712000000       3.508637999999999E-002  4.000000000000000E-008
   3.18846132000000       8.547477999999999E-002  1.636000000000000E-005
   6.47483880000000       0.339409440000000       3.350000000000000E-005
   7.48856592000000       0.361159740000000       3.144000000000000E-005
   1.92686100000000       1.661518000000000E-002  7.000000000000001E-007
  0.104321880000000       2.280000000000000E-005  0.000000000000000E+000
  4.488167999999999E-002  0.000000000000000E+000  0.000000000000000E+000
   9.29524452000000       0.663728400000000       2.682000000000001E-005
   9.58959108000000       0.685795520000000       4.430000000000000E-005
   10.0277882400000       0.760113900000000       1.308000000000000E-005
   11.1110950800000       0.893902860000000       3.732000000000000E-005
   12.4816180800000       0.944494880000000       3.908000000000000E-005
   9.85629072000000       0.418961560000000       3.022000000000001E-005
   3.33423912000000       3.189417999999999E-002  9.600000000000000E-006
  0.984628440000000       2.920000000000000E-003  3.400000000000000E-007
  5.929452000000000E-002  1.025200000000000E-004  0.000000000000000E+000
  2.836764000000000E-002  0.000000000000000E+000  0.000000000000000E+000
   14.1818935200000       0.541485720000000       2.784000000000000E-005
   15.1701127200000       0.628722320000000       1.772000000000000E-005
   13.4387594400000       0.504129040000000       9.740000000000000E-006
   12.6228717600000       0.362849320000000       1.080000000000000E-005
   9.60099396000000       0.156697700000000       4.060000000000000E-006
   3.33982980000000       1.650664000000000E-002  0.000000000000000E+000
   1.14658932000000       1.815220000000000E-003  5.300000000000000E-006
  0.355179600000000       5.727999999999999E-004  0.000000000000000E+000
  5.515199999999999E-002  1.700000000000000E-006  0.000000000000000E+000
  8.469588000000000E-002  0.000000000000000E+000  0.000000000000000E+000
   6.59775228000000       2.615626000000000E-002  1.400000000000000E-006
   6.72921528000000       4.059594000000000E-002  1.600000000000000E-007
   6.95324568000000       3.334620000000000E-002  0.000000000000000E+000
   5.00982204000000       9.443599999999998E-003  6.000000000000001E-008
   3.17623140000000       3.867900000000000E-003  5.400000000000000E-007
   1.57798080000000       2.325600000000000E-003  0.000000000000000E+000
  0.510218640000000       3.344000000000001E-005  0.000000000000000E+000
  0.181188240000000       2.279200000000000E-004  0.000000000000000E+000
  0.467599560000000       9.140000000000000E-005  0.000000000000000E+000
  0.330336000000000       5.409000000000000E-004  0.000000000000000E+000
  0.000000000000000E+000  0.000000000000000E+000  0.000000000000000E+000
  0.000000000000000E+000  0.000000000000000E+000  0.000000000000000E+000
  0.000000000000000E+000  0.000000000000000E+000  0.000000000000000E+000
  0.000000000000000E+000  0.000000000000000E+000  0.000000000000000E+000
  0.000000000000000E+000  0.000000000000000E+000  0.000000000000000E+000
  0.000000000000000E+000  0.000000000000000E+000  0.000000000000000E+000
  1.560000000000000E-005  0.000000000000000E+000  0.000000000000000E+000
  3.231600000000000E-004  0.000000000000000E+000  0.000000000000000E+000
  1.460388000000000E-002  1.220000000000000E-006  0.000000000000000E+000
  0.108614040000000       8.560000000000002E-005  0.000000000000000E+000
  0.000000000000000E+000  0.000000000000000E+000  0.000000000000000E+000
  4.800000000000001E-007  0.000000000000000E+000  0.000000000000000E+000
  0.000000000000000E+000  0.000000000000000E+000  0.000000000000000E+000
  9.600000000000001E-007  0.000000000000000E+000  0.000000000000000E+000
  0.000000000000000E+000  0.000000000000000E+000  0.000000000000000E+000
  7.680000000000001E-006  0.000000000000000E+000  0.000000000000000E+000
  3.999600000000000E-004  0.000000000000000E+000  0.000000000000000E+000
  2.117040000000000E-002  7.780000000000000E-006  0.000000000000000E+000
  0.289323120000000       6.416400000000000E-004  1.440000000000000E-006
  3.132672000000001E-002  3.895999999999999E-005  0.000000000000000E+000
  6.240000000000000E-006  0.000000000000000E+000  0.000000000000000E+000
  3.534000000000000E-004  0.000000000000000E+000  0.000000000000000E+000
  8.472000000000000E-005  0.000000000000000E+000  0.000000000000000E+000
  5.804400000000000E-004  0.000000000000000E+000  0.000000000000000E+000
  3.162000000000000E-004  0.000000000000000E+000  0.000000000000000E+000
  1.909200000000000E-003  0.000000000000000E+000  0.000000000000000E+000
  2.615904000000000E-002  0.000000000000000E+000  0.000000000000000E+000
  0.358198680000000       9.785400000000002E-004  1.000000000000000E-007
  0.374751960000000       1.656720000000000E-003  1.544000000000000E-005
  7.439004000000000E-002  2.188400000000000E-004  1.520000000000000E-006
  3.547920000000000E-003  0.000000000000000E+000  0.000000000000000E+000
  4.496280000000001E-003  0.000000000000000E+000  0.000000000000000E+000
  4.562280000000001E-003  0.000000000000000E+000  0.000000000000000E+000
  6.799679999999999E-003  0.000000000000000E+000  0.000000000000000E+000
  1.503648000000000E-002  4.000000000000000E-008  0.000000000000000E+000
  6.193440000000001E-002  3.194000000000000E-005  0.000000000000000E+000
  0.438974040000000       1.700300000000000E-003  0.000000000000000E+000
   2.36249328000000       4.541500000000000E-002  5.480000000000000E-006
  0.203922120000000       1.218840000000000E-003  0.000000000000000E+000
  0.107575440000000       3.320600000000000E-004  0.000000000000000E+000
  0.106665240000000       7.695999999999999E-005  0.000000000000000E+000
  0.112875240000000       1.805000000000000E-004  0.000000000000000E+000
  0.116596200000000       1.175200000000000E-004  0.000000000000000E+000
  0.171984000000000       2.320399999999999E-004  0.000000000000000E+000
  0.293374320000000       7.051599999999999E-004  0.000000000000000E+000
  0.937668600000000       6.374260000000003E-003  4.340000000000000E-006
   3.54881064000000       0.102503800000000       1.240000000000000E-005
   3.50422692000000       8.647654000000000E-002  2.592000000000001E-005
  0.171548040000000       1.757200000000000E-004  0.000000000000000E+000
  7.923492000000001E-002  2.012200000000000E-004  0.000000000000000E+000
   1.39699596000000       1.721306000000001E-002  0.000000000000000E+000
   1.44579096000000       1.597276000000000E-002  1.400000000000000E-007
   1.58186496000000       2.130002000000000E-002  8.680000000000000E-006
   2.02581168000000       3.288648000000000E-002  3.760000000000000E-006
   3.19451088000000       8.605393999999998E-002  1.500000000000000E-006
   6.38844828000000       0.336192820000000       1.086000000000000E-005
   7.40677752000000       0.364114040000000       3.543999999999999E-005
   1.89778428000000       1.308034000000000E-002  3.980000000000000E-006
  0.117868800000000       1.484600000000000E-004  0.000000000000000E+000
  5.284284000000000E-002  1.202000000000000E-005  0.000000000000000E+000
   9.44305644000000       0.680453160000000       3.300000000000000E-005
   9.68372700000000       0.701519800000000       4.158000000000001E-005
   10.1515532400000       0.740006140000000       3.056000000000000E-005
   10.8027774000000       0.843360560000000       2.720000000000000E-005
   12.3103189200000       0.929033280000000       4.274000000000000E-005
   10.3026924000000       0.436390700000000       1.228000000000000E-005
   3.37134276000000       3.521754000000000E-002  0.000000000000000E+000
  0.919812240000000       3.125500000000000E-003  1.940000000000000E-006
  6.609839999999999E-002  4.784000000000000E-005  0.000000000000000E+000
  0.139251000000000       1.590000000000000E-005  0.000000000000000E+000
   14.4705046800000       0.554508740000000       2.130000000000000E-005
   14.4474255600000       0.572857360000000       1.804000000000000E-005
   13.4974122000000       0.499188980000000       2.680000000000000E-006
   13.3443086400000       0.382103660000000       1.292000000000000E-005
   9.05592288000000       0.146276820000000       7.320000000000000E-006
   4.09300644000000       2.862294000000000E-002  6.940000000000000E-006
   1.08351060000000       1.818280000000000E-003  0.000000000000000E+000
  0.345250680000000       8.133000000000000E-004  0.000000000000000E+000
  6.864564000000002E-002  0.000000000000000E+000  0.000000000000000E+000
  0.208405200000000       1.760000000000000E-005  0.000000000000000E+000
   7.00473192000000       2.774106000000000E-002  6.000000000000001E-008
   6.35907108000000       2.132576000000000E-002  4.000000000000000E-008
   6.97291788000000       2.269840000000000E-002  2.000000000000000E-008
   4.92601488000000       2.352468000000000E-002  2.000000000000000E-008
   2.76830628000000       9.047600000000000E-004  0.000000000000000E+000
   1.93292688000000       8.335800000000000E-004  8.000000000000000E-008
  0.665226480000000       5.914600000000000E-004  0.000000000000000E+000
  0.204465600000000       2.559800000000000E-004  0.000000000000000E+000
  0.285257400000000       0.000000000000000E+000  0.000000000000000E+000
  0.536500560000000       1.081780000000000E-003  0.000000000000000E+000
  0.000000000000000E+000  0.000000000000000E+000  0.000000000000000E+000
  0.000000000000000E+000  0.000000000000000E+000  0.000000000000000E+000
  0.000000000000000E+000  0.000000000000000E+000  0.000000000000000E+000
  0.000000000000000E+000  0.000000000000000E+000  0.000000000000000E+000
  0.000000000000000E+000  0.000000000000000E+000  0.000000000000000E+000
  0.000000000000000E+000  0.000000000000000E+000  0.000000000000000E+000
  0.000000000000000E+000  0.000000000000000E+000  0.000000000000000E+000
  4.906800000000002E-004  0.000000000000000E+000  0.000000000000000E+000
  1.597464000000000E-002  2.400000000000000E-007  0.000000000000000E+000
  0.107624400000000       8.541999999999999E-005  0.000000000000000E+000
  0.000000000000000E+000  0.000000000000000E+000  0.000000000000000E+000
  0.000000000000000E+000  0.000000000000000E+000  0.000000000000000E+000
  5.040000000000000E-006  0.000000000000000E+000  0.000000000000000E+000
  0.000000000000000E+000  0.000000000000000E+000  0.000000000000000E+000
  0.000000000000000E+000  0.000000000000000E+000  0.000000000000000E+000
  6.648000000000000E-005  0.000000000000000E+000  0.000000000000000E+000
  9.091200000000003E-004  0.000000000000000E+000  0.000000000000000E+000
  1.720608000000000E-002  1.080000000000000E-006  0.000000000000000E+000
  0.283681440000000       6.190199999999999E-004  0.000000000000000E+000
  4.155084000000000E-002  2.760000000000000E-005  0.000000000000000E+000
  3.180000000000000E-005  0.000000000000000E+000  0.000000000000000E+000
  8.544000000000000E-005  0.000000000000000E+000  0.000000000000000E+000
  1.282800000000000E-004  0.000000000000000E+000  0.000000000000000E+000
  1.946400000000000E-004  0.000000000000000E+000  0.000000000000000E+000
  2.287200000000000E-004  0.000000000000000E+000  0.000000000000000E+000
  2.624880000000000E-003  0.000000000000000E+000  0.000000000000000E+000
  2.423147999999999E-002  1.754000000000000E-005  0.000000000000000E+000
  0.361504800000000       1.238100000000000E-003  0.000000000000000E+000
  0.337295160000000       1.004260000000000E-003  2.200000000000000E-007
  8.259684000000000E-002  3.229000000000000E-004  3.700000000000000E-006
  2.880360000000000E-003  0.000000000000000E+000  0.000000000000000E+000
  3.992880000000000E-003  0.000000000000000E+000  0.000000000000000E+000
  4.264080000000001E-003  0.000000000000000E+000  0.000000000000000E+000
  7.298759999999999E-003  0.000000000000000E+000  0.000000000000000E+000
  1.682928000000000E-002  0.000000000000000E+000  0.000000000000000E+000
  5.936387999999999E-002  2.790000000000000E-005  0.000000000000000E+000
  0.455497320000000       1.733160000000000E-003  0.000000000000000E+000
   2.37543648000000       4.838082000000000E-002  2.132000000000000E-005
  0.175326240000000       3.474200000000000E-004  2.720000000000000E-006
  9.390767999999999E-002  9.588000000000001E-005  0.000000000000000E+000
  0.103539000000000       7.500000000000002E-005  0.000000000000000E+000
  0.104744280000000       4.668000000000000E-005  0.000000000000000E+000
  0.119080440000000       7.942000000000001E-005  0.000000000000000E+000
  0.164601840000000       2.027000000000000E-004  0.000000000000000E+000
  0.295836240000000       8.074200000000000E-004  0.000000000000000E+000
  0.974764320000000       7.679600000000002E-003  6.000000000000001E-008
   3.65230392000000       0.112734300000000       1.756000000000000E-005
   3.35028456000000       7.821726000000000E-002  1.136000000000000E-005
  0.192834600000000       3.191600000000000E-004  0.000000000000000E+000
  6.531635999999998E-002  1.270600000000000E-004  0.000000000000000E+000
   1.43555208000000       1.740594000000000E-002  6.400000000000000E-007
   1.51402128000000       1.914530000000000E-002  6.000000000000001E-008
   1.62987636000000       2.295166000000000E-002  0.000000000000000E+000
   2.09488452000000       3.846916000000001E-002  9.600000000000001E-007
   3.48955140000000       0.100020240000000       2.200000000000000E-007
   6.66062556000000       0.363730540000000       3.914000000000000E-005
   7.41411432000000       0.369111480000000       3.774000000000000E-005
   1.70998044000000       1.361520000000000E-002  1.484000000000000E-005
  8.769432000000001E-002  2.876000000000000E-005  0.000000000000000E+000
  5.202600000000000E-002  0.000000000000000E+000  0.000000000000000E+000
   9.43475364000000       0.639252260000000       3.936000000000000E-005
   9.54049620000000       0.660802580000000       2.944000000000000E-005
   9.78106248000000       0.711210960000000       1.374000000000000E-005
   11.0294362800000       0.875565040000000       1.824000000000000E-005
   12.1928450400000       0.918476000000000       2.878000000000000E-005
   10.5389266800000       0.486329580000000       1.822000000000000E-005
   3.86437068000000       2.992928000000001E-002  1.460000000000000E-006
  0.984582600000000       3.039619999999999E-003  0.000000000000000E+000
  7.452396000000000E-002  3.700000000000000E-006  0.000000000000000E+000
  3.683484000000001E-002  0.000000000000000E+000  0.000000000000000E+000
   15.2091939600000       0.611681640000000       3.880000000000000E-006
   15.0534729600000       0.616907760000000       1.374000000000000E-005
   13.4436344400000       0.507141560000000       3.460000000000000E-006
   12.8733618000000       0.387296200000000       7.780000000000000E-006
   9.32101008000000       0.149632800000000       1.072000000000000E-005
   3.70113876000000       1.735978000000000E-002  3.880000000000000E-006
   1.03143720000000       2.127020000000000E-003  0.000000000000000E+000
  0.312952200000000       6.300599999999999E-004  0.000000000000000E+000
  9.883307999999999E-002  8.720000000000001E-006  0.000000000000000E+000
  0.328026840000000       0.000000000000000E+000  0.000000000000000E+000
   6.61399560000000       1.557978000000000E-002  7.000000000000001E-007
   6.65738340000000       3.561802000000000E-002  0.000000000000000E+000
   6.39682224000000       1.481734000000000E-002  0.000000000000000E+000
   4.97192436000000       1.609740000000000E-002  1.440000000000000E-006
   3.87854928000000       1.665338000000000E-002  0.000000000000000E+000
   1.54998084000000       7.220000000000001E-005  0.000000000000000E+000
  0.640023240000000       8.272380000000001E-003  0.000000000000000E+000
  0.147846720000000       1.603800000000000E-004  0.000000000000000E+000
  0.645184320000000       1.413400000000000E-004  0.000000000000000E+000
  0.427921200000000       3.595400000000000E-003  0.000000000000000E+000
  0.000000000000000E+000  0.000000000000000E+000  0.000000000000000E+000
  0.000000000000000E+000  0.000000000000000E+000  0.000000000000000E+000
  0.000000000000000E+000  0.000000000000000E+000  0.000000000000000E+000
  0.000000000000000E+000  0.000000000000000E+000  0.000000000000000E+000
  0.000000000000000E+000  0.000000000000000E+000  0.000000000000000E+000
  0.000000000000000E+000  0.000000000000000E+000  0.000000000000000E+000
  4.200000000000000E-006  0.000000000000000E+000  0.000000000000000E+000
  4.792800000000000E-004  0.000000000000000E+000  0.000000000000000E+000
  1.693260000000000E-002  0.000000000000000E+000  0.000000000000000E+000
  0.108382800000000       8.160000000000000E-005  0.000000000000000E+000
  0.000000000000000E+000  0.000000000000000E+000  0.000000000000000E+000
  0.000000000000000E+000  0.000000000000000E+000  0.000000000000000E+000
  0.000000000000000E+000  0.000000000000000E+000  0.000000000000000E+000
  0.000000000000000E+000  0.000000000000000E+000  0.000000000000000E+000
  0.000000000000000E+000  0.000000000000000E+000  0.000000000000000E+000
  9.624000000000000E-005  0.000000000000000E+000  0.000000000000000E+000
  6.700800000000000E-004  0.000000000000000E+000  0.000000000000000E+000
  1.968636000000000E-002  0.000000000000000E+000  0.000000000000000E+000
  0.282630120000000       6.752400000000000E-004  1.180000000000000E-006
  3.432828000000000E-002  3.128000000000001E-005  0.000000000000000E+000
  6.360000000000000E-005  0.000000000000000E+000  0.000000000000000E+000
  1.560000000000000E-004  0.000000000000000E+000  0.000000000000000E+000
  1.291200000000000E-004  0.000000000000000E+000  0.000000000000000E+000
  3.060000000000001E-005  0.000000000000000E+000  0.000000000000000E+000
  1.480800000000000E-004  0.000000000000000E+000  0.000000000000000E+000
  1.827480000000000E-003  2.800000000000000E-007  0.000000000000000E+000
  2.543616000000000E-002  6.140000000000001E-006  0.000000000000000E+000
  0.363345360000000       1.116440000000000E-003  1.800000000000000E-006
  0.289651320000000       7.205000000000003E-004  0.000000000000000E+000
  7.848108000000002E-002  1.648600000000000E-004  0.000000000000000E+000
  3.914760000000000E-003  0.000000000000000E+000  0.000000000000000E+000
  3.637799999999999E-003  0.000000000000000E+000  0.000000000000000E+000
  4.985640000000000E-003  0.000000000000000E+000  0.000000000000000E+000
  8.525040000000003E-003  0.000000000000000E+000  0.000000000000000E+000
  1.419840000000000E-002  0.000000000000000E+000  0.000000000000000E+000
  6.003612000000000E-002  5.700000000000000E-006  0.000000000000000E+000
  0.452581200000000       1.862860000000000E-003  0.000000000000000E+000
   2.41346196000000       5.039347999999998E-002  1.966000000000000E-005
  0.203987520000000       5.876000000000000E-004  0.000000000000000E+000
  0.112049640000000       3.552000000000000E-005  0.000000000000000E+000
  0.107892720000000       1.048000000000000E-004  0.000000000000000E+000
  0.118065480000000       9.792000000000002E-005  0.000000000000000E+000
  0.134646720000000       1.479200000000000E-004  0.000000000000000E+000
  0.153290160000000       1.432800000000000E-004  0.000000000000000E+000
  0.310724520000000       8.382799999999998E-004  0.000000000000000E+000
  0.960708720000000       8.699759999999999E-003  0.000000000000000E+000
   3.57806652000000       0.103879140000000       6.500000000000000E-006
   3.52923420000000       8.989843999999998E-002  1.488000000000000E-005
  0.170767440000000       3.518000000000000E-004  1.460000000000000E-006
  7.930175999999999E-002  4.872000000000000E-004  0.000000000000000E+000
   1.39795644000000       1.518896000000000E-002  6.260000000000000E-006
   1.45996560000000       1.666184000000000E-002  4.800000000000001E-007
   1.61557800000000       2.093904000000000E-002  0.000000000000000E+000
   2.02671948000000       2.946870000000000E-002  2.899999999999999E-006
   3.36472764000000       9.445465999999998E-002  3.720000000000000E-006
   6.40847316000000       0.325631080000000       5.182000000000000E-005
   7.18352232000000       0.344275200000000       4.245999999999999E-005
   1.74842832000000       1.234476000000000E-002  9.859999999999999E-006
  9.822611999999996E-002  1.060800000000000E-004  8.000000000000000E-008
  4.225391999999999E-002  0.000000000000000E+000  0.000000000000000E+000
   9.14917164000000       0.615492080000000       1.342000000000000E-005
   9.61625844000000       0.674322440000000       1.452000000000000E-005
   10.0962864000000       0.761427480000000       3.302000000000001E-005
   11.1259150800000       0.860684400000000       3.490000000000000E-005
   12.4298140800000       0.987150480000000       4.746000000000000E-005
   10.6066278000000       0.485215060000000       1.642000000000000E-005
   3.63758976000000       3.513948000000001E-002  3.100000000000000E-006
  0.815617800000000       2.838740000000000E-003  0.000000000000000E+000
  8.464391999999998E-002  7.082000000000000E-005  0.000000000000000E+000
  5.050368000000000E-002  0.000000000000000E+000  0.000000000000000E+000
   14.6869370400000       0.590456320000000       1.462000000000000E-005
   14.2651566000000       0.536575220000000       1.522000000000000E-005
   13.4268247200000       0.490209780000000       1.276000000000000E-005
   12.2056221600000       0.353806640000000       1.330000000000000E-005
   9.29469672000000       0.149818740000000       1.092000000000000E-005
   3.51716520000000       1.197490000000000E-002  2.000000000000000E-007
   1.73081124000000       1.719600000000000E-003  0.000000000000000E+000
  0.373373760000000       6.588000000000001E-004  0.000000000000000E+000
  6.081084000000003E-002  0.000000000000000E+000  0.000000000000000E+000
  0.383808120000000       2.600000000000000E-007  0.000000000000000E+000
   7.76065056000000       4.849136000000000E-002  2.000000000000000E-007
   6.81943800000000       3.153758000000000E-002  5.200000000000000E-007
   5.70428280000000       9.929959999999998E-003  4.400000000000000E-007
   5.73192996000000       3.950506000000000E-002  0.000000000000000E+000
   2.91558696000000       5.281080000000001E-003  1.600000000000000E-007
   1.68095736000000       4.202000000000001E-003  0.000000000000000E+000
  0.841422720000000       1.088400000000000E-004  0.000000000000000E+000
  0.168310680000000       1.236800000000000E-004  0.000000000000000E+000
  0.236151360000000       1.598000000000000E-005  0.000000000000000E+000
  0.357894360000000       6.049200000000000E-004  0.000000000000000E+000
  0.000000000000000E+000  0.000000000000000E+000  0.000000000000000E+000
  0.000000000000000E+000  0.000000000000000E+000  0.000000000000000E+000
  0.000000000000000E+000  0.000000000000000E+000  0.000000000000000E+000
  0.000000000000000E+000  0.000000000000000E+000  0.000000000000000E+000
  0.000000000000000E+000  0.000000000000000E+000  0.000000000000000E+000
  0.000000000000000E+000  0.000000000000000E+000  0.000000000000000E+000
  2.172000000000000E-005  0.000000000000000E+000  0.000000000000000E+000
  7.626000000000002E-004  0.000000000000000E+000  0.000000000000000E+000
  1.471572000000000E-002  4.200000000000000E-007  0.000000000000000E+000
  0.104711280000000       1.191000000000000E-004  1.800000000000000E-007
  2.964000000000000E-005  0.000000000000000E+000  0.000000000000000E+000
  0.000000000000000E+000  0.000000000000000E+000  0.000000000000000E+000
  0.000000000000000E+000  0.000000000000000E+000  0.000000000000000E+000
  0.000000000000000E+000  0.000000000000000E+000  0.000000000000000E+000
  0.000000000000000E+000  0.000000000000000E+000  0.000000000000000E+000
  5.064000000000000E-005  0.000000000000000E+000  0.000000000000000E+000
  4.340400000000001E-004  0.000000000000000E+000  0.000000000000000E+000
  2.052960000000001E-002  0.000000000000000E+000  0.000000000000000E+000
  0.287865600000000       6.582800000000000E-004  0.000000000000000E+000
  2.914068000000000E-002  2.644000000000000E-005  0.000000000000000E+000
  2.167200000000000E-004  0.000000000000000E+000  0.000000000000000E+000
  1.165200000000000E-004  0.000000000000000E+000  0.000000000000000E+000
  3.263999999999999E-005  0.000000000000000E+000  0.000000000000000E+000
  1.513200000000000E-004  0.000000000000000E+000  0.000000000000000E+000
  2.720400000000000E-004  0.000000000000000E+000  0.000000000000000E+000
  2.789400000000001E-003  0.000000000000000E+000  0.000000000000000E+000
  2.612196000000001E-002  1.962000000000000E-005  0.000000000000000E+000
  0.357209520000000       9.267000000000000E-004  6.000000000000000E-007
  0.412164120000000       1.871200000000000E-003  1.200000000000000E-007
  9.022643999999998E-002  3.545600000000000E-004  1.340000000000000E-006
  3.852239999999999E-003  0.000000000000000E+000  0.000000000000000E+000
  3.781800000000001E-003  0.000000000000000E+000  0.000000000000000E+000
  4.488120000000000E-003  0.000000000000000E+000  0.000000000000000E+000
  6.517560000000001E-003  0.000000000000000E+000  0.000000000000000E+000
  1.725852000000000E-002  0.000000000000000E+000  0.000000000000000E+000
  6.479520000000001E-002  1.600000000000000E-005  0.000000000000000E+000
  0.449596200000000       1.631360000000000E-003  2.000000000000000E-008
   2.41387344000000       4.852608000000001E-002  1.392000000000000E-005
  0.218375640000000       1.193380000000000E-003  0.000000000000000E+000
  0.107048880000000       1.830600000000000E-004  0.000000000000000E+000
  9.794423999999999E-002  4.032000000000000E-005  0.000000000000000E+000
  0.102637800000000       4.292000000000000E-005  0.000000000000000E+000
  0.122791680000000       5.449999999999999E-005  0.000000000000000E+000
  0.173037120000000       2.519000000000000E-004  2.000000000000000E-008
  0.311433840000000       4.286200000000000E-004  0.000000000000000E+000
  0.946336800000000       7.821580000000000E-003  2.000000000000000E-008
   3.65589696000000       0.112324660000000       2.308000000000000E-005
   3.35786124000000       7.918066000000000E-002  1.998000000000000E-005
  0.173105640000000       4.458200000000000E-004  0.000000000000000E+000
  9.629291999999999E-002  1.144000000000000E-005  0.000000000000000E+000
   1.41427332000000       1.897380000000000E-002  1.340000000000000E-006
   1.46598264000000       1.849712000000000E-002  8.559999999999999E-006
   1.59928080000000       2.147644000000000E-002  8.000000000000000E-008
   2.15413296000000       3.482472000000000E-002  9.400000000000000E-006
   3.38433036000000       9.415146000000002E-002  1.748000000000000E-005
   6.40994232000000       0.317142840000000       4.016000000000000E-005
   7.38091428000000       0.379652200000000       2.812000000000000E-005
   1.67387064000000       1.189686000000000E-002  7.000000000000001E-007
  0.105566400000000       8.295999999999999E-005  0.000000000000000E+000
  8.809571999999999E-002  4.600000000000000E-007  3.800000000000000E-007
   9.43401684000000       0.680396740000000       2.314000000000000E-005
   9.56961996000000       0.689957380000000       3.058000000000000E-005
   9.98966388000000       0.739071400000000       1.698000000000000E-005
   11.0997242400000       0.876462300000000       2.684000000000000E-005
   12.0892408800000       0.929468580000000       2.164000000000000E-005
   10.7659860000000       0.485266360000000       2.090000000000000E-005
   3.52744344000000       3.553095999999999E-002  2.000000000000000E-006
  0.938055360000000       3.024160000000000E-003  2.020000000000000E-006
  6.615215999999999E-002  5.174000000000000E-005  0.000000000000000E+000
  2.656463999999999E-002  2.936000000000000E-005  0.000000000000000E+000
   15.5774918400000       0.689238940000000       2.468000000000000E-005
   14.7022947600000       0.568136500000000       1.338000000000000E-005
   14.3483846400000       0.553866240000000       1.444000000000000E-005
   12.7232156400000       0.408146060000000       2.152000000000000E-005
   9.14156496000000       0.135700720000000       1.300000000000000E-006
   4.51741776000000       2.997964000000000E-002  4.299999999999999E-006
   1.19747592000000       7.275740000000002E-003  0.000000000000000E+000
  0.647296560000000       9.313800000000001E-004  0.000000000000000E+000
  5.574743999999999E-002  3.080000000000000E-006  0.000000000000000E+000
  0.109206960000000       0.000000000000000E+000  0.000000000000000E+000
   7.12460016000000       3.316728000000000E-002  5.760000000000000E-006
   6.13659408000000       3.182842000000000E-002  1.260000000000000E-006
   5.98092972000000       4.069858000000000E-002  6.619999999999999E-006
   6.16981632000000       1.479740000000000E-002  1.800000000000000E-007
   3.60978696000000       6.013840000000000E-003  5.720000000000000E-006
   2.24126436000000       1.137880000000000E-003  2.600000000000000E-007
  0.796226760000000       8.770600000000000E-004  0.000000000000000E+000
  0.270586440000000       1.805600000000000E-004  0.000000000000000E+000
  0.434789160000000       9.783399999999999E-004  0.000000000000000E+000
  0.405064800000000       9.248000000000000E-005  2.000000000000000E-008
  0.000000000000000E+000  0.000000000000000E+000  0.000000000000000E+000
  0.000000000000000E+000  0.000000000000000E+000  0.000000000000000E+000
  0.000000000000000E+000  0.000000000000000E+000  0.000000000000000E+000
  0.000000000000000E+000  0.000000000000000E+000  0.000000000000000E+000
  0.000000000000000E+000  0.000000000000000E+000  0.000000000000000E+000
  0.000000000000000E+000  0.000000000000000E+000  0.000000000000000E+000
  2.760000000000000E-006  0.000000000000000E+000  0.000000000000000E+000
  4.634400000000000E-004  0.000000000000000E+000  0.000000000000000E+000
  1.548744000000000E-002  7.200000000000000E-007  0.000000000000000E+000
  0.102519360000000       7.507999999999999E-005  1.740000000000000E-006
  0.000000000000000E+000  0.000000000000000E+000  0.000000000000000E+000
  0.000000000000000E+000  0.000000000000000E+000  0.000000000000000E+000
  0.000000000000000E+000  0.000000000000000E+000  0.000000000000000E+000
  6.960000000000000E-006  0.000000000000000E+000  0.000000000000000E+000
  2.580000000000000E-005  0.000000000000000E+000  0.000000000000000E+000
  1.030800000000000E-004  0.000000000000000E+000  0.000000000000000E+000
  7.064400000000000E-004  0.000000000000000E+000  0.000000000000000E+000
  1.857384000000000E-002  4.880000000000000E-006  0.000000000000000E+000
  0.286517520000000       5.740599999999999E-004  4.000000000000000E-007
  4.725131999999999E-002  5.192000000000000E-005  3.400000000000000E-007
  7.560000000000000E-006  0.000000000000000E+000  0.000000000000000E+000
  9.084000000000000E-005  0.000000000000000E+000  0.000000000000000E+000
  1.512000000000000E-004  0.000000000000000E+000  0.000000000000000E+000
  2.538000000000000E-004  0.000000000000000E+000  0.000000000000000E+000
  7.031999999999997E-004  0.000000000000000E+000  0.000000000000000E+000
  1.586760000000000E-003  0.000000000000000E+000  0.000000000000000E+000
  2.743080000000000E-002  2.760000000000000E-006  0.000000000000000E+000
  0.371947080000000       1.174920000000000E-003  0.000000000000000E+000
  0.357422640000000       1.768960000000000E-003  6.260000000000000E-006
  7.292316000000003E-002  2.002200000000000E-004  0.000000000000000E+000
  3.558119999999999E-003  0.000000000000000E+000  0.000000000000000E+000
  4.695000000000000E-003  0.000000000000000E+000  0.000000000000000E+000
  4.115279999999999E-003  0.000000000000000E+000  0.000000000000000E+000
  8.565839999999996E-003  0.000000000000000E+000  0.000000000000000E+000
  1.655843999999999E-002  0.000000000000000E+000  0.000000000000000E+000
  6.347340000000001E-002  1.062000000000000E-005  0.000000000000000E+000
  0.454607640000000       1.612860000000000E-003  4.860000000000000E-006
   2.39556372000000       4.676804000000000E-002  5.560000000000001E-006
  0.251567280000000       8.558600000000000E-004  0.000000000000000E+000
  0.159068640000000       3.320800000000000E-004  0.000000000000000E+000
  0.105209760000000       7.268000000000000E-005  0.000000000000000E+000
  0.100847040000000       3.222000000000000E-005  0.000000000000000E+000
  0.123084600000000       1.130000000000000E-004  0.000000000000000E+000
  0.163699440000000       3.127600000000000E-004  0.000000000000000E+000
  0.308975640000000       7.465400000000003E-004  0.000000000000000E+000
  0.981333000000000       7.997359999999998E-003  0.000000000000000E+000
   3.54153348000000       0.104365980000000       6.200000000000001E-006
   3.42808200000000       8.175020000000000E-002  2.040000000000000E-005
  0.128512440000000       1.494600000000000E-004  0.000000000000000E+000
  8.540916000000001E-002  1.016000000000000E-004  0.000000000000000E+000
   1.40752776000000       1.627170000000000E-002  0.000000000000000E+000
   1.42661016000000       1.782772000000000E-002  0.000000000000000E+000
   1.63544268000000       2.367634000000000E-002  9.160000000000000E-006
   2.03185368000000       3.488839999999999E-002  4.640000000000000E-006
   3.29438304000000       8.539446000000001E-002  9.480000000000001E-006
   6.55661700000000       0.336160960000000       1.838000000000000E-005
   7.37594496000000       0.358284740000000       3.174000000000000E-005
   1.89343680000000       1.353814000000000E-002  1.000000000000000E-007
  0.105643320000000       3.467600000000000E-004  0.000000000000000E+000
  4.775136000000000E-002  3.036000000000000E-005  0.000000000000000E+000
   9.40482756000000       0.649003480000000       4.197999999999999E-005
   9.58651392000000       0.676760280000000       5.062000000000001E-005
   9.97944096000000       0.736989000000000       3.556000000000000E-005
   11.0783958000000       0.863354620000000       4.354000000000000E-005
   12.2874079200000       0.944354000000000       5.198000000000001E-005
   9.88601580000000       0.401838200000000       5.319999999999999E-006
   3.76124064000000       3.435224000000001E-002  8.700000000000000E-006
  0.804375720000000       2.917579999999999E-003  0.000000000000000E+000
  0.114410880000000       1.140000000000000E-006  0.000000000000000E+000
  2.732603999999999E-002  0.000000000000000E+000  0.000000000000000E+000
   14.4760551600000       0.573176620000000       5.739999999999999E-006
   14.5603548000000       0.601597740000000       2.682000000000000E-005
   14.4277628400000       0.488597120000000       3.202000000000000E-005
   12.3778231200000       0.340698160000000       9.799999999999999E-006
   9.74774568000000       0.180614720000000       2.540000000000000E-006
   3.93954948000000       2.995252000000000E-002  1.440000000000000E-006
   1.25033088000000       1.707560000000000E-003  4.000000000000000E-008
  0.388647360000000       5.695400000000000E-004  0.000000000000000E+000
  0.135165360000000       2.574000000000000E-005  0.000000000000000E+000
  0.144183480000000       3.680000000000000E-006  0.000000000000000E+000
   7.16526384000000       3.769379999999999E-002  6.000000000000001E-008
   6.97760136000000       4.662142000000000E-002  3.800000000000000E-007
   6.93035340000000       4.668723999999999E-002  2.800000000000000E-007
   5.21570952000000       1.621402000000001E-002  1.400000000000000E-007
   3.35227440000000       1.509520000000000E-003  1.560000000000000E-006
   1.54021128000000       1.274020000000000E-003  0.000000000000000E+000
  0.835594560000000       2.114000000000000E-004  0.000000000000000E+000
  0.161259600000000       2.462400000000000E-004  0.000000000000000E+000
  0.241884480000000       2.480000000000000E-006  0.000000000000000E+000
  0.419992080000000       0.000000000000000E+000  0.000000000000000E+000
  0.000000000000000E+000  0.000000000000000E+000  0.000000000000000E+000
  0.000000000000000E+000  0.000000000000000E+000  0.000000000000000E+000
  0.000000000000000E+000  0.000000000000000E+000  0.000000000000000E+000
  0.000000000000000E+000  0.000000000000000E+000  0.000000000000000E+000
  0.000000000000000E+000  0.000000000000000E+000  0.000000000000000E+000
  0.000000000000000E+000  0.000000000000000E+000  0.000000000000000E+000
  7.800000000000002E-006  0.000000000000000E+000  0.000000000000000E+000
  4.478400000000000E-004  0.000000000000000E+000  0.000000000000000E+000
  1.642248000000000E-002  2.080000000000000E-006  0.000000000000000E+000
  0.111130560000000       8.746000000000001E-005  0.000000000000000E+000
  0.000000000000000E+000  0.000000000000000E+000  0.000000000000000E+000
  0.000000000000000E+000  0.000000000000000E+000  0.000000000000000E+000
  0.000000000000000E+000  0.000000000000000E+000  0.000000000000000E+000
  1.320000000000000E-006  0.000000000000000E+000  0.000000000000000E+000
  2.160000000000000E-006  0.000000000000000E+000  0.000000000000000E+000
  2.424000000000000E-005  0.000000000000000E+000  0.000000000000000E+000
  5.644800000000000E-004  0.000000000000000E+000  0.000000000000000E+000
  1.891320000000000E-002  1.320000000000000E-006  0.000000000000000E+000
  0.284966760000000       6.416600000000001E-004  2.000000000000000E-008
  4.062840000000000E-002  4.196000000000000E-005  1.440000000000000E-006
  4.800000000000001E-007  0.000000000000000E+000  0.000000000000000E+000
  2.374800000000000E-004  0.000000000000000E+000  0.000000000000000E+000
  1.698000000000000E-004  0.000000000000000E+000  0.000000000000000E+000
  3.463200000000000E-004  0.000000000000000E+000  0.000000000000000E+000
  6.462000000000001E-004  0.000000000000000E+000  0.000000000000000E+000
  2.153040000000000E-003  0.000000000000000E+000  0.000000000000000E+000
  2.540640000000000E-002  0.000000000000000E+000  0.000000000000000E+000
  0.363079680000000       1.055880000000000E-003  2.480000000000000E-006
  0.368116920000000       1.688440000000000E-003  2.880000000000000E-006
  8.649072000000001E-002  1.656000000000000E-004  0.000000000000000E+000
  4.696440000000000E-003  0.000000000000000E+000  0.000000000000000E+000
  5.032200000000000E-003  0.000000000000000E+000  0.000000000000000E+000
  5.607840000000000E-003  0.000000000000000E+000  0.000000000000000E+000
  7.967159999999999E-003  0.000000000000000E+000  0.000000000000000E+000
  1.659648000000000E-002  0.000000000000000E+000  0.000000000000000E+000
  6.305796000000002E-002  1.576000000000000E-005  0.000000000000000E+000
  0.447168720000000       1.813060000000000E-003  0.000000000000000E+000
   2.36994840000000       4.714066000000000E-002  2.286000000000000E-005
  0.214104000000000       3.574400000000001E-004  0.000000000000000E+000
  0.122057880000000       3.064400000000000E-004  0.000000000000000E+000
  9.476087999999999E-002  4.128000000000000E-005  0.000000000000000E+000
  0.108875520000000       1.007600000000000E-004  0.000000000000000E+000
  0.123735960000000       1.204800000000000E-004  0.000000000000000E+000
  0.150818400000000       1.856200000000000E-004  0.000000000000000E+000
  0.291410760000000       8.484599999999999E-004  6.000000000000001E-008
  0.879778080000000       5.634960000000000E-003  0.000000000000000E+000
   3.51663768000000       0.102922240000000       7.720000000000001E-006
   3.36320820000000       7.637925999999998E-002  2.298000000000000E-005
  0.204478560000000       5.613199999999999E-004  0.000000000000000E+000
  0.119666760000000       1.088400000000000E-004  0.000000000000000E+000
   1.42117128000000       1.742100000000000E-002  2.000000000000000E-008
   1.51208460000000       1.871376000000000E-002  5.700000000000000E-006
   1.69677228000000       2.374506000000000E-002  0.000000000000000E+000
   2.05001544000000       3.309142000000000E-002  6.980000000000001E-006
   3.37209876000000       8.949540000000000E-002  3.368000000000000E-005
   6.40925448000000       0.327314260000000       3.522000000000000E-005
   7.26237336000000       0.356185640000000       4.307999999999999E-005
   1.79842632000000       1.331150000000000E-002  5.800000000000000E-007
  0.104774880000000       7.363999999999999E-005  0.000000000000000E+000
  0.107230080000000       0.000000000000000E+000  0.000000000000000E+000
   9.45476472000000       0.663772660000000       4.806000000000000E-005
   9.67975788000000       0.688930060000000       2.400000000000000E-005
   9.94233336000000       0.719097820000000       3.320000000000000E-005
   10.7390211600000       0.822829100000000       4.928000000000001E-005
   12.3182580000000       0.948531000000000       2.566000000000001E-005
   10.8048648000000       0.501341400000000       3.368000000000000E-005
   3.96961944000000       3.182330000000001E-002  1.250000000000000E-005
  0.825416280000000       2.566660000000000E-003  0.000000000000000E+000
  6.904212000000000E-002  6.476000000000001E-005  0.000000000000000E+000
  4.295520000000000E-002  6.164000000000000E-005  0.000000000000000E+000
   14.5751944800000       0.540945920000000       1.016000000000000E-005
   14.8152639600000       0.577312000000000       3.704000000000000E-005
   14.2617357600000       0.541204080000000       5.460000000000000E-006
   12.4987965600000       0.309901360000000       8.280000000000000E-006
   9.51198456000000       0.164494460000000       1.394000000000000E-005
   4.05369252000000       3.005916000000000E-002  8.559999999999999E-006
   1.27310220000000       2.854000000000001E-003  1.000000000000000E-006
  0.386408640000000       3.049400000000000E-004  0.000000000000000E+000
  2.414784000000000E-002  1.106600000000000E-004  0.000000000000000E+000
  0.258137280000000       2.600000000000000E-007  0.000000000000000E+000
   6.37462068000000       2.666547999999999E-002  0.000000000000000E+000
   7.42726176000000       4.451722000000000E-002  3.400000000000000E-007
   7.42406532000000       3.961758000000000E-002  3.520000000000000E-006
   5.41504368000000       3.074506000000000E-002  0.000000000000000E+000
   2.27574252000000       1.472964000000000E-002  1.400000000000000E-007
   1.75615104000000       1.865840000000000E-003  1.200000000000000E-007
   1.13241264000000       1.885000000000000E-003  0.000000000000000E+000
  0.149725560000000       6.385999999999999E-005  0.000000000000000E+000
  0.199964280000000       6.918000000000001E-005  0.000000000000000E+000
  0.252427080000000       4.000000000000000E-008  0.000000000000000E+000
  0.000000000000000E+000  0.000000000000000E+000  0.000000000000000E+000
  0.000000000000000E+000  0.000000000000000E+000  0.000000000000000E+000
  0.000000000000000E+000  0.000000000000000E+000  0.000000000000000E+000
  0.000000000000000E+000  0.000000000000000E+000  0.000000000000000E+000
  0.000000000000000E+000  0.000000000000000E+000  0.000000000000000E+000
  0.000000000000000E+000  0.000000000000000E+000  0.000000000000000E+000
  1.332000000000000E-005  0.000000000000000E+000  0.000000000000000E+000
  5.178000000000002E-004  0.000000000000000E+000  0.000000000000000E+000
  1.570884000000000E-002  5.019999999999999E-006  0.000000000000000E+000
  0.103792680000000       6.280000000000000E-005  1.200000000000000E-007
  4.788000000000000E-005  0.000000000000000E+000  0.000000000000000E+000
  0.000000000000000E+000  0.000000000000000E+000  0.000000000000000E+000
  0.000000000000000E+000  0.000000000000000E+000  0.000000000000000E+000
  0.000000000000000E+000  0.000000000000000E+000  0.000000000000000E+000
  0.000000000000000E+000  0.000000000000000E+000  0.000000000000000E+000
  5.820000000000000E-005  0.000000000000000E+000  0.000000000000000E+000
  8.114400000000001E-004  0.000000000000000E+000  0.000000000000000E+000
  1.925580000000000E-002  7.400000000000000E-007  0.000000000000000E+000
  0.277565400000000       5.593400000000001E-004  2.180000000000000E-006
  2.997983999999999E-002  5.380000000000001E-006  0.000000000000000E+000
  1.638000000000000E-004  0.000000000000000E+000  0.000000000000000E+000
  9.060000000000001E-005  0.000000000000000E+000  0.000000000000000E+000
  1.179600000000000E-004  0.000000000000000E+000  0.000000000000000E+000
  1.765200000000000E-004  0.000000000000000E+000  0.000000000000000E+000
  4.804799999999999E-004  0.000000000000000E+000  0.000000000000000E+000
  1.136520000000000E-003  0.000000000000000E+000  0.000000000000000E+000
  2.598336000000000E-002  0.000000000000000E+000  0.000000000000000E+000
  0.359521200000000       9.927000000000000E-004  0.000000000000000E+000
  0.358371720000000       1.572220000000000E-003  2.000000000000000E-007
  6.892908000000000E-002  2.016400000000000E-004  0.000000000000000E+000
  3.214080000000000E-003  0.000000000000000E+000  0.000000000000000E+000
  3.187919999999999E-003  0.000000000000000E+000  0.000000000000000E+000
  4.846680000000002E-003  0.000000000000000E+000  0.000000000000000E+000
  6.568080000000000E-003  0.000000000000000E+000  0.000000000000000E+000
  1.524492000000000E-002  1.760000000000000E-005  0.000000000000000E+000
  5.800632000000000E-002  3.396000000000000E-005  0.000000000000000E+000
  0.438129840000000       1.836780000000000E-003  0.000000000000000E+000
   2.42244768000000       4.771042000000000E-002  8.680000000000000E-006
  0.198380400000000       5.186600000000000E-004  0.000000000000000E+000
  0.105828360000000       3.264200000000001E-004  0.000000000000000E+000
  0.111081240000000       9.926000000000001E-005  0.000000000000000E+000
  0.105422880000000       1.396600000000000E-004  0.000000000000000E+000
  0.130086840000000       2.037600000000000E-004  0.000000000000000E+000
  0.173235960000000       3.498599999999998E-004  0.000000000000000E+000
  0.318945120000000       6.790800000000000E-004  0.000000000000000E+000
  0.913834200000000       6.364719999999998E-003  0.000000000000000E+000
   3.63686604000000       0.108272840000000       2.160000000000000E-006
   3.35658204000000       8.236484000000002E-002  2.992000000000000E-005
  0.174342840000000       5.626800000000001E-004  0.000000000000000E+000
  7.341948000000001E-002  2.414000000000000E-005  0.000000000000000E+000
   1.40455692000000       1.671366000000001E-002  0.000000000000000E+000
   1.43338092000000       1.743460000000000E-002  0.000000000000000E+000
   1.58175732000000       1.895118000000000E-002  1.100000000000000E-006
   2.10585372000000       3.559792000000001E-002  9.160000000000000E-006
   3.33515616000000       8.850182000000001E-002  1.196000000000000E-005
   6.35852064000000       0.331487820000000       4.019999999999999E-005
   7.22744640000000       0.342523100000000       3.008000000000000E-005
   1.84926324000000       1.398646000000000E-002  7.000000000000000E-006
  0.104699280000000       8.668000000000000E-005  0.000000000000000E+000
  4.449347999999999E-002  6.920000000000000E-006  0.000000000000000E+000
   9.35375844000000       0.661764520000000       4.066000000000000E-005
   9.79472820000000       0.680312840000000       4.780000000000000E-005
   9.81023100000000       0.718841660000000       2.762000000000000E-005
   11.0529308400000       0.870205840000000       4.111999999999999E-005
   12.0680215200000       0.911226560000000       1.494000000000000E-005
   10.4719404000000       0.480796460000000       3.108000000000001E-005
   3.23155188000000       2.633262000000000E-002  1.602000000000000E-005
  0.908106960000000       2.440840000000001E-003  0.000000000000000E+000
  7.203312000000001E-002  0.000000000000000E+000  0.000000000000000E+000
  9.053712000000001E-002  2.160000000000000E-006  0.000000000000000E+000
   14.3342262000000       0.540700220000000       6.900000000000001E-006
   14.5289372400000       0.603212520000000       3.736000000000000E-005
   14.9317384800000       0.592732440000000       1.262000000000000E-005
   13.3258081200000       0.345942480000000       5.800000000000000E-007
   9.88846068000000       0.181037100000000       5.739999999999999E-006
   4.75263576000000       2.740734000000000E-002  7.919999999999999E-006
   1.27521936000000       2.034100000000000E-003  0.000000000000000E+000
  0.373321680000000       8.237800000000002E-004  0.000000000000000E+000
  0.100287720000000       3.666000000000000E-005  0.000000000000000E+000
  0.232313520000000       0.000000000000000E+000  0.000000000000000E+000
   7.53892212000000       5.138337999999999E-002  0.000000000000000E+000
   7.63422444000000       2.374485999999999E-002  0.000000000000000E+000
   7.06216788000000       3.624976000000001E-002  6.600000000000000E-007
   5.57963940000000       2.829252000000000E-002  8.599999999999999E-007
   4.05601824000000       1.119598000000000E-002  8.480000000000000E-006
   1.57079796000000       3.716620000000000E-003  0.000000000000000E+000
  0.574427760000000       4.583000000000000E-004  0.000000000000000E+000
  0.198618840000000       2.326800000000000E-004  0.000000000000000E+000
  0.259208640000000       1.091760000000000E-003  0.000000000000000E+000
  0.300467520000000       5.660000000000000E-006  0.000000000000000E+000
  0.000000000000000E+000  0.000000000000000E+000  0.000000000000000E+000
  0.000000000000000E+000  0.000000000000000E+000  0.000000000000000E+000
  0.000000000000000E+000  0.000000000000000E+000  0.000000000000000E+000
  0.000000000000000E+000  0.000000000000000E+000  0.000000000000000E+000
  0.000000000000000E+000  0.000000000000000E+000  0.000000000000000E+000
  4.800000000000001E-007  0.000000000000000E+000  0.000000000000000E+000
  6.000000000000000E-007  0.000000000000000E+000  0.000000000000000E+000
  5.308800000000000E-004  0.000000000000000E+000  0.000000000000000E+000
  1.529496000000000E-002  1.180000000000000E-006  0.000000000000000E+000
  0.104822280000000       1.003200000000000E-004  0.000000000000000E+000
  0.000000000000000E+000  0.000000000000000E+000  0.000000000000000E+000
  0.000000000000000E+000  0.000000000000000E+000  0.000000000000000E+000
  0.000000000000000E+000  0.000000000000000E+000  0.000000000000000E+000
  0.000000000000000E+000  0.000000000000000E+000  0.000000000000000E+000
  0.000000000000000E+000  0.000000000000000E+000  0.000000000000000E+000
  2.940000000000000E-005  0.000000000000000E+000  0.000000000000000E+000
  6.481200000000001E-004  0.000000000000000E+000  0.000000000000000E+000
  1.959432000000000E-002  3.440000000000000E-006  0.000000000000000E+000
  0.290373000000000       6.439200000000001E-004  0.000000000000000E+000
  4.099704000000000E-002  4.082000000000001E-005  2.000000000000000E-008
  1.614000000000000E-004  0.000000000000000E+000  0.000000000000000E+000
  9.324000000000001E-005  0.000000000000000E+000  0.000000000000000E+000
  1.911600000000000E-004  0.000000000000000E+000  0.000000000000000E+000
  1.647600000000000E-004  0.000000000000000E+000  0.000000000000000E+000
  3.193200000000000E-004  0.000000000000000E+000  0.000000000000000E+000
  2.724120000000000E-003  0.000000000000000E+000  0.000000000000000E+000
  2.353607999999999E-002  4.780000000000000E-006  0.000000000000000E+000
  0.376468680000000       1.131680000000000E-003  6.300000000000001E-006
  0.369440400000000       9.226799999999999E-004  1.760000000000000E-006
  6.778956000000001E-002  2.489600000000001E-004  1.280000000000000E-006
  3.679680000000000E-003  0.000000000000000E+000  0.000000000000000E+000
  5.105399999999999E-003  0.000000000000000E+000  0.000000000000000E+000
  6.000839999999999E-003  0.000000000000000E+000  0.000000000000000E+000
  8.021279999999997E-003  0.000000000000000E+000  0.000000000000000E+000
  1.762212000000001E-002  4.000000000000000E-008  0.000000000000000E+000
  5.819712000000000E-002  1.010000000000000E-005  0.000000000000000E+000
  0.449560800000000       1.660720000000000E-003  1.400000000000000E-007
   2.39025972000000       4.548450000000000E-002  2.216000000000000E-005
  0.210429840000000       5.450600000000000E-004  0.000000000000000E+000
  0.137092680000000       9.907999999999998E-005  0.000000000000000E+000
  0.110940960000000       9.782000000000000E-005  0.000000000000000E+000
  0.104717400000000       1.042800000000000E-004  0.000000000000000E+000
  0.134674920000000       2.180600000000000E-004  0.000000000000000E+000
  0.162573360000000       1.681200000000000E-004  0.000000000000000E+000
  0.299403360000000       6.917800000000000E-004  0.000000000000000E+000
  0.966865920000000       6.874700000000001E-003  0.000000000000000E+000
   3.59678688000000       0.104159820000000       4.720000000000001E-006
   3.56171724000000       9.162465999999998E-002  6.340000000000000E-006
  0.185373720000000       3.217400000000000E-004  0.000000000000000E+000
  8.400203999999999E-002  5.050000000000000E-005  0.000000000000000E+000
   1.44855024000000       1.622390000000000E-002  1.362000000000000E-005
   1.42987200000000       1.815032000000000E-002  1.600000000000000E-007
   1.55443620000000       1.989822000000000E-002  0.000000000000000E+000
   2.05814892000000       3.337751999999999E-002  7.100000000000000E-006
   3.28450956000000       8.787592000000002E-002  1.400000000000000E-006
   6.71695920000000       0.362480860000000       2.090000000000000E-005
   7.40253192000000       0.355877540000000       4.816000000000000E-005
   1.91125800000000       1.449540000000000E-002  1.820000000000000E-006
  0.117496560000000       8.015999999999999E-005  0.000000000000000E+000
  6.031812000000001E-002  1.764000000000000E-005  0.000000000000000E+000
   9.36295152000000       0.653518320000000       5.431999999999999E-005
   9.52182252000000       0.672468600000000       2.376000000000000E-005
   10.0198430400000       0.735086400000000       3.342000000000000E-005
   11.1158320800000       0.872347000000000       3.886000000000000E-005
   12.3594390000000       0.937284580000000       1.988000000000001E-005
   10.6466874000000       0.513576780000000       3.282000000000000E-005
   3.52266552000000       2.631918000000000E-002  2.110000000000000E-005
   1.00886304000000       2.675640000000000E-003  0.000000000000000E+000
  7.925736000000000E-002  3.672000000000000E-005  0.000000000000000E+000
  2.121131999999999E-002  0.000000000000000E+000  0.000000000000000E+000
   15.1647822000000       0.648959160000000       5.620000000000000E-006
   14.1123570000000       0.541525580000000       1.394000000000000E-005
   13.8802400400000       0.491394840000000       3.270000000000000E-005
   13.1745788400000       0.409392680000000       4.108000000000001E-005
   9.67710744000000       0.145220640000000       1.504000000000000E-005
   4.29624228000000       2.002484000000000E-002  5.280000000000000E-006
   1.67366700000000       1.552420000000000E-003  3.060000000000000E-006
  0.330489600000000       7.426000000000001E-004  2.000000000000000E-008
  8.129892000000001E-002  0.000000000000000E+000  0.000000000000000E+000
  0.198555360000000       8.577999999999998E-005  0.000000000000000E+000
   7.22573664000000       4.471212000000000E-002  8.200000000000000E-007
   6.69556572000000       4.502380000000002E-002  2.000000000000000E-007
   6.09224064000000       2.356498000000000E-002  1.600000000000000E-007
   5.11660608000000       1.367426000000000E-002  9.400000000000001E-006
   3.93652248000000       3.156052000000000E-002  2.000000000000000E-008
   2.15834988000000       7.298859999999999E-003  0.000000000000000E+000
  0.767252400000000       2.060000000000000E-006  0.000000000000000E+000
  0.200431320000000       1.521800000000000E-004  0.000000000000000E+000
  0.140081040000000       1.036000000000000E-005  0.000000000000000E+000
  0.454562280000000       1.857620000000000E-003  0.000000000000000E+000
