       0.9896E-01       0.1254E-01       0.1918E-04       0.1993E-04
       0.1161E+00       0.1298E-01       0.2085E-04       0.1907E-04
       0.1426E+00       0.1352E-01       0.2739E-04       0.1903E-04
       0.1624E+00       0.1450E-01       0.6087E-04       0.2331E-04
       0.1747E+00       0.1603E-01       0.1309E-03       0.2850E-04
       0.1810E+00       0.1767E-01       0.2517E-03       0.3654E-04
       0.1772E+00       0.1945E-01       0.4573E-03       0.4932E-04
       0.1662E+00       0.2092E-01       0.7610E-03       0.7109E-04
       0.1473E+00       0.2125E-01       0.1112E-02       0.9575E-04
       0.1215E+00       0.2014E-01       0.1407E-02       0.1219E-03
       0.9117E-01       0.1742E-01       0.1528E-02       0.1449E-03
       0.6236E-01       0.1356E-01       0.1371E-02       0.1521E-03
       0.3961E-01       0.9522E-02       0.1054E-02       0.1374E-03
       0.2346E-01       0.6112E-02       0.7143E-03       0.1192E-03
       0.1327E-01       0.3649E-02       0.4344E-03       0.8608E-04
       0.1010E+00       0.1250E-01       0.2014E-04       0.1995E-04
       0.1161E+00       0.1296E-01       0.1961E-04       0.1852E-04
       0.1436E+00       0.1341E-01       0.2958E-04       0.1916E-04
       0.1619E+00       0.1452E-01       0.5838E-04       0.2223E-04
       0.1753E+00       0.1591E-01       0.1281E-03       0.2746E-04
       0.1791E+00       0.1777E-01       0.2477E-03       0.3747E-04
       0.1768E+00       0.1953E-01       0.4633E-03       0.4911E-04
       0.1656E+00       0.2063E-01       0.7545E-03       0.7035E-04
       0.1472E+00       0.2138E-01       0.1119E-02       0.9820E-04
       0.1215E+00       0.2034E-01       0.1415E-02       0.1238E-03
       0.9103E-01       0.1761E-01       0.1524E-02       0.1476E-03
       0.6330E-01       0.1352E-01       0.1393E-02       0.1538E-03
       0.3924E-01       0.9384E-02       0.1041E-02       0.1420E-03
       0.2358E-01       0.6126E-02       0.7168E-03       0.1112E-03
       0.1324E-01       0.3658E-02       0.4169E-03       0.8643E-04
       0.9917E-01       0.1249E-01       0.1865E-04       0.2020E-04
       0.1169E+00       0.1301E-01       0.2032E-04       0.1999E-04
       0.1425E+00       0.1357E-01       0.3049E-04       0.1875E-04
       0.1635E+00       0.1443E-01       0.5970E-04       0.2147E-04
       0.1732E+00       0.1607E-01       0.1229E-03       0.2911E-04
       0.1793E+00       0.1764E-01       0.2519E-03       0.3773E-04
       0.1778E+00       0.1942E-01       0.4605E-03       0.5050E-04
       0.1648E+00       0.2097E-01       0.7669E-03       0.6980E-04
       0.1470E+00       0.2140E-01       0.1116E-02       0.9730E-04
       0.1219E+00       0.2032E-01       0.1412E-02       0.1236E-03
       0.9137E-01       0.1761E-01       0.1520E-02       0.1484E-03
       0.6310E-01       0.1352E-01       0.1367E-02       0.1508E-03
       0.3941E-01       0.9378E-02       0.1037E-02       0.1391E-03
       0.2359E-01       0.6125E-02       0.7311E-03       0.1174E-03
       0.1352E-01       0.3772E-02       0.4393E-03       0.9012E-04
