   10.0000000000000     
   8.70172722872729     
   8.10813524307909     
   10.0000000000000     
   10.0000000000000     
   2.09153880732902     
   9.85163195499251     
   9.51012521880115     
   1.11490195154769     
   3.46155577328594     
   9.95768587181163     
   9.38708163361576     
   9.97215708987051     
   9.11358446553457     
   10.0000000000000     
   4.06116505066028     
   9.91833639788860     
  0.155334943308526     
  0.000000000000000E+000
   10.0000000000000     
  0.534669734705562     
