       0.9244E-01       0.2341E+00       0.3096E-04       0.3095E-04
       0.9078E-01       0.2575E+00       0.3030E-04       0.3166E-04
       0.8548E-01       0.2610E+00       0.3902E-04       0.4012E-04
       0.7942E-01       0.2641E+00       0.5869E-04       0.5120E-04
       0.7375E-01       0.2666E+00       0.8971E-04       0.8264E-04
       0.6587E-01       0.2607E+00       0.1298E-03       0.1140E-03
       0.5795E-01       0.2444E+00       0.1753E-03       0.1656E-03
       0.4947E-01       0.2201E+00       0.2295E-03       0.2263E-03
       0.4120E-01       0.1827E+00       0.2716E-03       0.2574E-03
       0.3314E-01       0.1438E+00       0.2888E-03       0.2736E-03
       0.2543E-01       0.1067E+00       0.2739E-03       0.2759E-03
       0.1855E-01       0.7391E-01       0.2372E-03       0.2393E-03
       0.1306E-01       0.4970E-01       0.1905E-03       0.1917E-03
       0.9100E-02       0.3284E-01       0.1432E-03       0.1540E-03
       0.5929E-02       0.2095E-01       0.1009E-03       0.1157E-03
       0.9318E-01       0.2370E+00       0.3074E-04       0.3101E-04
       0.8898E-01       0.2439E+00       0.2888E-04       0.2942E-04
       0.8625E-01       0.2603E+00       0.4154E-04       0.3966E-04
       0.8025E-01       0.2643E+00       0.5878E-04       0.5401E-04
       0.7380E-01       0.2656E+00       0.8885E-04       0.8280E-04
       0.6545E-01       0.2624E+00       0.1333E-03       0.1161E-03
       0.5834E-01       0.2456E+00       0.1799E-03       0.1661E-03
       0.4992E-01       0.2187E+00       0.2310E-03       0.2219E-03
       0.4181E-01       0.1837E+00       0.2694E-03       0.2583E-03
       0.3272E-01       0.1434E+00       0.2975E-03       0.2734E-03
       0.2556E-01       0.1074E+00       0.2706E-03       0.2668E-03
       0.1850E-01       0.7397E-01       0.2395E-03       0.2431E-03
       0.1303E-01       0.4969E-01       0.1901E-03       0.2037E-03
       0.8928E-02       0.3185E-01       0.1378E-03       0.1497E-03
       0.6030E-02       0.2079E-01       0.1018E-03       0.1071E-03
       0.9082E-01       0.2304E+00       0.2984E-04       0.2878E-04
       0.9063E-01       0.2496E+00       0.3199E-04       0.3064E-04
       0.8414E-01       0.2553E+00       0.3932E-04       0.3916E-04
       0.8033E-01       0.2669E+00       0.6131E-04       0.5504E-04
       0.7397E-01       0.2662E+00       0.8594E-04       0.8375E-04
       0.6603E-01       0.2630E+00       0.1293E-03       0.1203E-03
       0.5720E-01       0.2486E+00       0.1805E-03       0.1648E-03
       0.4999E-01       0.2190E+00       0.2290E-03       0.2156E-03
       0.4110E-01       0.1821E+00       0.2714E-03       0.2584E-03
       0.3299E-01       0.1440E+00       0.2939E-03       0.2836E-03
       0.2545E-01       0.1067E+00       0.2764E-03       0.2727E-03
       0.1848E-01       0.7357E-01       0.2350E-03       0.2426E-03
       0.1321E-01       0.4947E-01       0.1907E-03       0.1934E-03
       0.9185E-02       0.3253E-01       0.1458E-03       0.1509E-03
       0.5817E-02       0.2065E-01       0.9894E-04       0.1113E-03
