  0.185493354098361       0.166467907377049       3.176500000000001E-004
  3.132549180327867E-004
  0.179479505737705       0.188325365573770       3.134499999999998E-004
  3.103647540983607E-004
  0.170096974590164       0.209674676229508       3.771934426229508E-004
  3.910942622950818E-004
  0.156058418032787       0.219295712295082       5.567475409836068E-004
  5.614057377049183E-004
  0.143863058196721       0.224966950000000       8.322049180327869E-004
  8.818418032786884E-004
  0.128539257377049       0.222747110655738       1.201919672131147E-003
  1.387983606557377E-003
  0.115493586065574       0.214978146721311       1.708406557377049E-003
  2.096816393442623E-003
  0.102596944262295       0.197176495901639       2.195031147540983E-003
  2.901586065573770E-003
  8.841838524590162E-002  0.174084983606557       2.613781967213115E-003
  3.616285245901638E-003
  7.290068770491802E-002  0.144224692622951       2.808195081967213E-003
  4.028054918032786E-003
  5.842200737704918E-002  0.113812134426230       2.728855737704919E-003
  4.061436885245902E-003
  4.373222786885245E-002  8.384367295081965E-002  2.418012295081967E-003
  3.636199180327870E-003
  3.173050819672131E-002  5.967802868852457E-002  1.968107377049181E-003
  2.990194262295083E-003
  2.142830901639345E-002  3.990078442622951E-002  1.421199999999999E-003
  2.152340163934426E-003
  1.425607213114754E-002  2.618402950819673E-002  9.936491803278688E-004
  1.455446721311476E-003
  0.182238436885246       0.165302159016393       3.138713114754098E-004
  3.050475409836065E-004
  0.183615267213115       0.193583892622951       3.206754098360656E-004
  3.167319672131148E-004
  0.171531763114754       0.210777298360656       3.792286885245901E-004
  3.813393442622952E-004
  0.158534552459017       0.220589520491803       5.647959016393441E-004
  5.617549180327870E-004
  0.141503858196721       0.223343946721311       8.157557377049179E-004
  8.755237704918033E-004
  0.130499359016393       0.223797137704918       1.222234426229508E-003
  1.397925409836066E-003
  0.116502032786885       0.214291423770492       1.694299180327870E-003
  2.086279508196721E-003
  0.103038900000000       0.196366330327869       2.190749180327869E-003
  2.856373770491804E-003
  8.837559918032789E-002  0.173373932786885       2.601112295081968E-003
  3.612952459016393E-003
  7.256529672131150E-002  0.143311912295082       2.766547540983607E-003
  3.990190983606556E-003
  5.810598114754099E-002  0.113232662295082       2.741637704918033E-003
  4.043890983606557E-003
  4.371921967213115E-002  8.497348770491805E-002  2.426449180327870E-003
  3.607410655737705E-003
  3.156918442622952E-002  5.954656065573773E-002  1.966566393442623E-003
  2.959453278688525E-003
  2.165635245901640E-002  4.047268688524591E-002  1.453622131147542E-003
  2.160491803278689E-003
  1.423638934426229E-002  2.612449754098361E-002  9.863245901639347E-004
  1.446963934426229E-003
  0.190476016393443       0.168482781967213       3.184540983606558E-004
  3.186418032786886E-004
  0.181377072950820       0.190482282786885       3.247590163934426E-004
  3.058762295081966E-004
  0.171697375409836       0.211102948360656       3.760081967213114E-004
  3.911024590163933E-004
  0.155731055737705       0.218346479508197       5.402319672131148E-004
  5.518286885245899E-004
  0.141968730327869       0.225868732786885       8.202213114754100E-004
  8.810606557377050E-004
  0.128040960655738       0.221394650819672       1.221797540983607E-003
  1.398618852459016E-003
  0.115349813934426       0.213944141803279       1.709604918032787E-003
  2.101976229508196E-003
  0.102459835245902       0.196714531967213       2.211671311475410E-003
  2.886724590163935E-003
  8.814793770491802E-002  0.173154574590164       2.593577049180328E-003
  3.569613934426230E-003
  7.264856475409834E-002  0.143413956557377       2.779190163934425E-003
  3.985502459016392E-003
  5.740857786885246E-002  0.113417071311475       2.725981147540983E-003
  3.980943442622949E-003
  4.357422540983606E-002  8.326993114754097E-002  2.405752459016394E-003
  3.595154918032787E-003
  3.144015655737704E-002  6.018375983606560E-002  1.954534426229508E-003
  2.932819672131147E-003
  2.156127786885247E-002  3.995733278688525E-002  1.451059016393442E-003
  2.148011475409836E-003
  1.437591475409836E-002  2.645088606557377E-002  1.002337704918033E-003
  1.452347540983607E-003
