           1
           1
           1
           1
           1
           1
           1
           1
           1
           1
           1
           1
           1
           1
           1
           1
           1
           1
           1
           1
           1
           1
           1
           1
           1
           1
           1
           1
           1
           1
           1
           1
           1
           1
           1
           1
           1
           1
           1
           1
           1
           1
           1
           1
           1
           1
           1
           1
           1
           1
           1
           1
           1
           1
           1
           1
           1
           1
           1
           1
           1
           1
           1
           1
           1
           1
           1
           1
           1
           1
           1
           1
           1
           1
           1
           1
           1
           1
           1
           1
           1
           1
           1
           1
           1
           1
           1
           1
           1
           1
           1
           1
           1
           1
           1
           1
           1
           1
           1
           1
           1
           1
           1
           1
           1
           1
           1
           1
           1
           1
           1
           1
           1
           1
           1
           1
           1
           1
           1
           1
           1
           1
           1
           1
           1
           1
           1
           1
           1
           1
           1
           1
           1
           1
           1
           1
           1
           1
           1
           1
           1
           1
           1
           1
           1
           1
           1
           1
           1
           1
           1
           1
           1
           1
           1
           1
           1
           1
           1
           1
           1
           1
           1
           1
           1
           1
           1
           1
           1
           1
           1
           1
           1
           1
           1
           1
           1
           1
           1
           1
           1
           1
           1
           1
           1
           1
           1
           1
           1
           1
           1
           1
           1
           1
           1
           1
           1
           1
           1
           1
           1
           1
           1
           1
           1
           1
           1
           1
           1
           1
           1
           1
           1
           1
           1
           1
           1
           1
           1
           1
           1
           1
           1
           1
           1
           1
           1
           1
           1
           1
           1
           1
           6
           6
           6
           6
           6
           6
           6
           6
           6
           6
           6
           6
           6
           6
           6
           6
          11
          11
          11
          11
          11
          11
          11
          11
          11
          11
          11
          11
          11
          11
          11
          11
          11
          11
          11
          11
          11
          11
          11
          11
          12
          12
          12
          12
          12
          12
          12
          12
          12
          12
          12
          12
          12
          12
          12
          12
          12
          12
          12
          12
          12
          12
          12
          12
          12
          12
          12
          12
          12
          12
          12
          12
          12
          12
          12
          12
          12
          12
          12
          12
          12
          12
          12
          13
          13
          13
          13
          13
          13
          13
          13
          13
          13
          13
          13
          13
          13
          13
          13
          13
          13
          13
          13
          13
          13
          13
          13
          13
          13
          13
          13
          13
          13
          13
          13
          13
          13
          13
          13
          13
          13
          13
          21
          21
          21
          21
          21
          21
          21
          21
          21
          21
          21
          21
          21
          21
          21
          21
          21
          21
          21
          21
          21
          21
          21
          21
          21
          21
          21
          21
          26
          26
          26
          26
          26
          26
          26
          26
          26
          26
          26
          26
          26
          26
          26
          26
          26
          26
          26
          26
          26
          26
          26
          27
          27
          27
          27
          27
          27
          27
          27
          27
          27
          27
          27
          27
          27
          27
          27
          27
          27
          27
          27
          27
          27
          27
          27
          27
          27
          27
          27
          27
          27
          27
          27
          27
          27
          27
          27
          27
          27
          27
          27
          27
          32
          32
          32
          32
          32
          32
          32
          32
          32
          32
          32
          32
          32
          32
          32
          32
          32
          32
          32
          32
          32
          32
          32
          33
          33
          33
          33
          33
          33
          38
          38
          38
          38
          38
          38
          38
          38
          38
          38
          38
          38
          38
          38
          38
          38
          38
          38
          38
          38
          38
          38
          38
          38
          38
          38
          38
          38
          38
          39
          39
          39
          39
          39
          39
          39
          39
          39
          39
          39
          39
          39
          39
          39
          39
          39
          39
          39
          39
          39
          39
          39
          39
          39
          39
          39
          39
          39
          39
          39
          39
          39
          39
          44
          44
          44
          44
          44
          44
          44
          44
          44
          44
          44
          44
          44
          44
          44
          44
          44
          44
          44
          44
          44
          44
          44
          44
          44
          44
          44
          44
          44
          44
          44
          44
          45
          45
          45
          45
          45
          45
          45
          45
          45
          45
          45
          45
          45
          45
          45
          45
          45
          45
          45
          45
          45
          45
          45
          45
          45
          45
          45
          45
          45
          45
          45
          55
          55
          56
          56
          56
          56
          59
          59
          59
          59
          60
          60
          60
          60
          60
          60
          60
          60
          60
          60
          60
          60
          60
          65
          65
          65
          65
          65
          66
          66
          66
          66
          66
          66
          67
          67
          67
          67
          67
          67
          67
          67
          67
          67
          67
          67
          67
          67
          67
          67
          67
          67
          67
          67
          67
          67
          67
          72
          72
          72
          72
          72
          72
          72
          72
          72
          72
          72
          72
          72
          72
          72
          72
          72
          72
          72
          72
          72
          72
          72
          72
          72
          72
          72
          72
          72
          72
          72
          72
          72
          72
          72
          72
          72
          73
          73
          73
          73
          73
          73
          73
          73
          73
          73
          73
          73
          73
          73
          73
          73
          73
          73
          73
          73
          73
          73
          73
          73
          73
          73
          73
          73
          73
          73
          73
          73
          73
          73
          74
          74
          74
          74
          74
          74
          74
          74
          74
          74
          74
          74
          74
          74
          74
          74
          74
          74
          74
          74
          74
          77
          77
          77
          77
          77
          77
          77
          77
          77
          77
          77
          77
          77
          77
          77
          77
          87
          87
          87
          87
          87
          87
          87
          87
          87
          87
          87
          87
          88
          88
          88
          88
          88
          88
          88
          88
          88
          88
          88
          88
          88
          88
          88
          88
          88
          88
          90
          90
          90
          90
          90
          90
          90
          90
          90
          90
          90
          90
          90
          90
          90
          90
          90
          90
          90
          90
          90
          90
          90
          94
          94
          94
          94
          94
          94
          94
          94
          94
          94
          94
          94
          94
          98
          98
          98
          98
          98
          98
          98
          98
          98
          98
         103
         103
         103
         103
         103
         103
         103
         103
         103
         103
         103
         103
         103
         105
         105
         105
         105
         105
         105
         105
         105
         105
         105
         105
         105
         105
         105
         105
         105
         105
         105
         105
         106
         106
         106
         106
         106
         106
         107
         107
         107
         107
         107
         107
         107
         107
         108
         108
         110
         110
         110
         110
         113
         113
         113
         113
         113
         113
         113
         113
         113
         113
         113
         113
         113
         113
         113
         113
         113
         113
         117
         117
         117
         117
         117
         117
         117
         117
         117
         117
         117
         117
         117
         117
         117
         117
         117
         122
         122
         122
         122
         123
         123
         123
         123
         123
         123
         123
         123
         123
         123
         123
         123
         123
         123
         123
         123
         124
         124
         124
         124
         124
         124
         129
         131
         131
         131
         133
         133
         133
         134
         134
         134
         134
         134
         134
         134
         134
         134
         134
         134
         134
         134
         139
         139
         139
         139
         139
         139
         139
         139
         139
         139
         140
         140
         140
         140
         140
         140
         140
         140
         140
         140
         140
         140
         140
         140
         140
         140
         140
         140
         140
         143
         143
         143
         143
         143
         143
         143
         143
         143
         143
         143
         143
         143
         143
         143
         143
         144
         144
         145
         145
         150
         150
         150
         150
         150
         150
         150
         150
         150
         150
         150
         150
         150
         150
         150
         150
         150
         150
         150
         150
         150
         150
         151
         151
         151
         152
         152
         152
         152
         154
         154
         154
         154
         154
         154
         154
         154
         154
         154
         154
         159
         159
         159
         159
         159
         159
         159
         159
         159
         164
         164
         164
         164
         164
         164
         165
         165
         165
         166
         166
         166
         166
         166
         166
         166
         166
         166
         166
         166
         167
         167
         172
         172
         172
         172
         172
         172
         172
         172
         172
         172
         172
         172
         172
         172
         172
         172
         172
         172
         172
         172
         172
         172
         172
         172
         172
         172
         172
         172
         172
         172
         172
         172
         172
         172
         172
         172
         175
         175
         175
         176
         176
         176
         176
         181
         181
         183
         183
         183
         183
         183
         183
         183
         183
         183
         183
         184
         184
         184
         184
         184
         185
         187
         187
         187
         190
         190
         190
         190
         190
         190
         190
         190
         196
         196
         196
         196
         200
         200
         200
         202
         202
         202
         203
         203
         203
         203
         203
         203
         203
         203
         203
         203
         203
         203
         203
         203
         208
         208
         208
         208
         208
         208
         208
         208
         208
         208
         208
         208
         208
         208
         208
         208
         208
         208
         208
         208
         208
         209
         209
         213
         213
         213
         213
         213
         213
         213
         213
         213
         213
         213
         213
         213
         213
         213
         213
         213
         213
         213
         213
         213
         213
         213
         213
         213
         213
         213
         213
         213
         213
         213
         213
         217
         217
         217
         217
         217
         217
         217
         218
         218
         218
         218
         218
         218
         218
         221
         221
         221
         221
         221
         221
         221
         221
         221
         221
         221
         221
         221
         221
         221
         221
         221
         221
         221
         221
         221
         221
         221
         221
         221
         221
         221
         221
         221
         221
         221
         221
         221
         221
         221
         221
         221
         221
         223
         223
         223
         223
         223
         223
         223
         223
         223
         223
         223
         223
         224
         224
         224
         224
         224
         224
         224
         227
         227
         227
         227
         228
         232
         236
         236
         236
         236
         236
         236
         237
         238
         238
         238
         238
         238
         238
         238
         238
         238
         238
         239
         239
         239
         239
         239
         239
         239
         239
         239
         239
         239
         239
         239
         239
         239
         239
         239
         239
         239
         239
         239
         239
         239
         240
         240
         240
         241
         241
         241
         241
         241
         241
         241
         243
         246
         249
         249
         249
         249
         249
         249
         249
         249
         253
         253
         253
         254
         254
         254
         254
         254
         254
         254
         254
         254
         257
         257
         257
         257
         257
         257
         257
         257
         257
         257
         257
         257
         257
         257
         257
         257
         257
         258
         258
         258
         258
         258
         258
         258
         258
         259
         259
         259
         259
         259
         259
         259
         259
         259
         259
         259
         259
         259
         259
         259
         262
         262
         262
         262
         267
         267
         267
         267
         267
         269
         269
         269
         269
         269
         269
         269
         269
         269
         269
         269
         269
         271
         271
         271
         271
         271
         271
         271
         271
         271
         271
         271
         271
         271
         271
         271
         271
         271
         271
         271
         271
         271
         271
         271
         271
         271
         271
         271
         271
         271
         272
         272
         272
         272
         272
         272
         272
         272
         272
         272
         272
         272
         272
         272
         272
         272
         272
         272
         272
         272
         272
         272
         272
         272
         272
         273
         273
         273
         273
         273
         273
         273
         278
         278
         278
         279
         279
         279
         279
         279
         279
         279
         279
         279
         279
         279
         279
         279
         279
         279
         279
         279
         280
         280
         280
         280
         280
         280
         280
         280
         280
         280
         280
         280
         280
         280
         280
         280
         280
         280
         281
         281
         281
         282
         284
         284
         284
         284
         284
         284
         284
         284
         285
         285
         285
         285
         285
         285
         285
         286
         286
         286
         286
         286
         286
         286
         286
         286
         286
         286
         286
         286
         286
         286
         286
         286
         286
         286
         286
         286
         286
         286
         286
         286
         286
         286
         286
         286
         286
         286
         286
         286
         286
         286
         286
         286
         286
         286
         286
         286
         286
         286
         286
         286
         286
         286
         286
         286
         286
         286
         286
         286
         286
         286
         286
         286
         286
         286
         286
         286
         286
         286
         286
         286
         286
         286
         286
         286
         286
         286
         286
         286
         286
         286
         286
         286
         286
         286
         286
         286
         286
         286
         286
         286
         286
         286
         286
         286
         289
         291
         291
         291
         291
         291
         291
         291
         291
         291
         291
         291
         291
         293
         293
         293
         293
         293
         293
         293
         293
         293
         293
         293
         293
         293
         293
         293
         293
         293
         293
         293
         293
         293
         293
         293
         293
         293
         293
         293
         293
         293
         293
         293
         293
         293
         293
         293
         293
         293
         293
         293
         293
         293
         293
         293
         293
         293
         293
         293
         295
         295
         295
         295
         295
         295
         295
         295
         295
         295
         296
         296
         296
         296
         296
         296
         296
         296
         296
         296
         296
         296
         296
         296
         296
         296
         296
         296
         296
         296
         296
         296
         296
         296
         296
         296
         296
         296
         296
         296
         296
         296
         296
         296
         296
         296
         296
         296
         296
         296
         296
         296
         296
         296
         296
         296
         296
         296
         296
         296
         296
         296
         296
         296
         296
         296
         296
         296
         296
         296
         296
         296
         296
         296
         296
         296
         296
         296
         296
         296
         296
         296
         296
         296
         296
         296
         296
         296
         296
         296
         296
         296
         296
         296
         296
         296
         296
         296
         296
         296
         296
         296
         296
         296
         296
         296
         296
         296
         296
         296
         296
         296
         296
         296
         296
         296
         296
         296
         296
         296
         296
         296
         296
         296
         296
         296
         296
         296
         296
         296
         296
         296
         296
         296
         296
         296
         296
         296
         296
         296
         296
         296
         296
         296
         296
         296
         296
         296
         296
         296
         296
         296
         296
         296
         296
         296
         296
         296
         296
         296
         296
         296
         296
         296
         296
         296
         296
         296
         296
         296
         296
         296
         296
         296
         296
         296
         296
         296
         296
         296
         296
         296
         296
         296
         296
         296
         296
         296
         296
         296
         296
         296
         296
         296
         296
         296
         296
         296
         296
         296
         296
         296
         296
         296
         296
         296
         296
         296
         296
         296
         296
         296
         297
         297
         297
         297
         297
         297
         297
         297
         297
         297
         297
         297
         297
         297
         297
         297
         297
         297
         297
         297
         297
         297
         297
         297
         297
         297
         297
         297
         297
         297
         297
         297
         297
         297
         297
         297
         297
         297
         297
         297
         297
         297
         297
         297
         297
         297
         297
         297
         297
         297
         297
         297
         297
         297
         297
         297
         298
         298
         298
         298
         298
         298
         298
         298
         298
         298
         298
         298
         298
         298
         298
         298
         298
         298
         298
         298
         298
         298
         298
         298
         298
         298
         298
         298
         298
         298
         298
         298
         298
         298
         298
         298
         298
         298
         298
         298
         298
         298
         298
         298
         298
         298
         298
         298
         298
         298
         298
         298
         298
         298
         298
         298
         298
         298
         298
         298
         298
         298
         298
         298
         298
         298
         298
         298
         298
         298
         298
         298
         298
         298
         298
         298
         298
         298
         298
         298
         298
         298
         298
         298
         298
         298
         298
         298
         298
         298
         298
         298
         298
         298
         298
         298
         298
         298
         298
         298
         298
         298
         298
         298
         298
         298
         298
         298
         298
         298
         298
         298
         298
         298
         298
         298
         298
         298
         298
         298
         298
         298
         298
         298
         298
         298
         298
         298
         298
         298
         298
         298
         298
         298
         298
         298
         298
         298
         298
         298
         298
         298
         299
         299
         299
         299
         299
         299
         299
         299
         299
         299
         299
         299
         299
         299
         299
         299
         299
         299
         299
         299
         299
         299
         299
         299
         299
         299
         299
         299
         299
         299
         299
         299
         299
         299
         299
         299
         299
         299
         299
         299
         299
         299
         299
         299
         299
         299
         299
         299
         299
         299
         299
         299
         299
         299
         299
         299
         299
         299
         299
         299
         299
         299
         299
         299
         299
         299
         299
         299
         299
         299
         299
         299
         299
         299
         299
         299
         299
         299
         299
         299
         299
         299
         299
         299
         299
         299
         299
         299
         299
         299
         299
         299
         299
         299
         299
         299
         299
         299
         299
         299
         299
         299
         299
         299
         299
         299
         299
         299
         299
         299
         299
         299
         299
         299
         299
         299
         299
         299
         299
         299
         299
         299
         299
         299
         299
         299
         299
         299
         299
         299
         299
         299
         299
         299
         299
         299
         299
         299
         299
         299
         299
         299
         299
         299
         299
         299
         299
         299
         299
         299
         299
         299
         299
         299
         299
         299
         299
         299
         299
         299
         299
         299
         299
         299
         299
         299
         299
         299
         299
         299
         299
         299
         299
         299
         299
         299
         299
         299
         299
         299
         299
         299
         299
         299
         299
         299
         299
         299
         299
         299
         299
         299
         299
         299
         299
         299
         299
         299
         299
         299
         299
         299
         299
         299
         299
         299
         299
         299
         299
         299
         299
         299
         299
         299
         299
         299
         299
         299
         299
         299
         299
         299
         299
         299
         299
         299
         299
         299
         299
         299
         299
         299
         299
         299
         299
         299
         299
         299
         299
         299
         299
         299
         299
         299
         299
         299
         299
         299
         299
         299
         299
         299
         299
         299
         299
         299
         299
         299
         299
         299
         299
         299
         299
         299
         299
         299
         299
         299
         299
         299
         299
         299
         299
         299
         299
         299
         299
         299
         299
         299
         299
         299
         299
         299
         299
         299
         299
         299
         299
         299
         299
         299
         299
         299
         299
         299
         299
         299
         299
         299
         299
         299
         299
         299
         299
         299
         299
         299
         299
         299
         299
         299
         299
         299
         299
         299
         299
         299
         299
         299
         299
         299
         299
         299
         299
         299
         299
         299
         299
         299
         299
         299
         299
         299
         299
         299
         299
         299
         299
         299
         299
         299
         299
         299
         299
         299
         299
         299
         299
         299
         299
         299
         299
         299
         299
         299
         299
         299
         299
         299
         299
         299
         299
         299
         299
         299
         299
         299
         299
         299
         299
         299
         299
         299
         299
         299
         299
         299
         299
         299
         299
         299
         299
         299
         299
         299
         299
         299
         299
         299
         299
         299
         299
         299
         299
         299
         299
         299
         299
         299
         299
         299
         300
         300
         300
         300
         300
         300
         300
         300
         300
         300
         300
         300
         300
         300
         300
         300
         300
         300
         300
         300
         300
         300
         300
         300
         300
         300
         300
         300
         300
         300
         300
         300
         300
         300
         300
         300
         300
         300
         300
         300
         300
         300
         300
         300
         300
         300
         300
         300
         300
         300
         300
         300
         300
         300
         300
         300
         300
         300
         300
         300
         300
         300
         300
         300
         300
         300
         300
         300
         300
         300
         300
         300
         300
         300
         300
         300
         300
         300
         300
         300
         300
         300
         300
         300
         300
         300
         300
         300
         300
         300
         300
         300
         300
         300
         300
         300
         300
         300
         300
         300
         300
         300
         300
         300
         300
         300
         300
         300
         300
         300
         300
         300
         300
         300
         300
         300
         300
         300
         300
         300
         300
         300
         300
         300
         300
         300
         300
         300
         300
         300
         300
         300
         300
         300
         300
         300
         300
         300
         300
         300
         300
         300
         300
         300
         300
         300
         300
         300
         300
         300
         300
         300
         300
         300
         300
         300
         300
         300
         300
         300
         300
         300
         300
         300
         300
         300
         300
         300
         300
         300
         300
         300
         300
         300
         300
         300
         300
         300
         300
         300
         300
         300
         300
         300
         300
         300
         300
         300
         300
         300
         300
         300
         300
         300
         300
         300
         300
         300
         300
         300
         300
         300
         300
         300
         300
         300
         300
         300
         300
         300
         300
         300
         300
         300
         300
         300
         300
         300
         300
         300
         300
         300
         300
         300
         300
         300
         300
         300
         300
         300
         300
         300
         300
         300
         300
         300
         300
         300
         300
         300
         300
         300
         300
         300
         300
         300
         300
         300
         300
         300
         300
         300
         300
         300
         300
         300
         300
         300
         300
         300
         300
         300
         300
         300
         300
         300
         300
         300
         300
         300
         300
         300
         300
         300
         300
         300
         300
         300
         300
         300
         300
         300
         300
         300
         300
         300
         300
         300
         300
         300
         300
         300
         300
         300
         300
         300
         300
         300
         300
         300
         300
         300
         300
         300
         300
         300
         300
         300
         300
         300
         300
         300
         300
         300
         300
         300
         300
         300
         300
         300
         300
         300
         300
         300
         300
         300
         300
         300
         300
         300
         300
         300
         300
         300
         300
         300
         300
         300
         300
         300
         300
         300
         300
         300
         300
         300
         300
         300
         300
         300
         300
         300
         300
         300
         300
         300
         300
         300
         300
         300
         300
         300
         300
         300
         300
         300
         300
         300
         300
         300
         300
         300
         300
         300
         300
         300
         300
         300
         300
         300
         300
         300
         300
         300
         300
         300
         300
         300
         300
         300
         300
         300
         300
         300
         300
         300
         300
         300
         300
         300
         300
         300
         300
         300
         300
         300
         300
         300
         300
         300
         300
         300
         300
         300
         300
         300
         300
         300
         300
         300
         300
         300
         300
         300
         300
         300
         300
         300
         300
         300
         300
         300
         300
         300
         300
         300
         300
         300
         300
         300
         300
         300
         300
         300
         300
         300
         300
         300
         300
         300
         300
         300
         300
         300
         300
         300
         300
         300
         300
         300
         300
         300
         300
         300
         300
         300
         300
         300
         300
         300
         300
         300
         300
         300
         300
         300
         300
         300
         300
         300
         300
         300
         300
         300
         300
         300
         300
         300
         300
         300
         300
         300
         300
         300
         300
         300
         300
         300
         300
         300
         300
         300
         300
         300
         300
         300
         300
         300
         300
         300
         300
         300
         300
         300
         300
         300
         300
         300
         300
         300
         300
         300
         300
         300
         300
         300
         300
         300
         300
         300
         300
         300
         300
         300
         300
         300
         300
         300
         300
         300
         300
         300
         300
         300
         300
         300
         300
         300
         300
         300
         300
         300
         300
         300
         300
         300
         300
         300
         300
         300
         300
         300
         300
         300
         300
         300
         300
         300
         300
         300
         300
         300
         300
         300
         300
         300
         300
         300
         300
         300
         300
         300
         300
         300
         300
         300
         300
         300
         300
         300
         300
         300
         300
         300
         300
         300
         300
         300
         300
         300
         300
         300
         300
         300
         300
         300
         300
         300
         300
         300
         300
         300
         300
         300
         300
         300
         300
         300
         300
         300
         300
         300
         300
         300
         300
         300
         300
         300
         300
         300
         300
         300
         300
         300
         300
         300
         300
         300
         300
         300
         300
         300
         300
         300
         300
         300
         300
         300
         300
         300
         300
         300
         300
         300
         300
         300
         300
         300
         300
         300
         300
         300
         300
         300
         300
         300
         300
         300
         300
         300
         300
         300
         300
         300
         300
         300
         300
         300
         300
         300
         300
         300
         300
         300
         300
         300
         300
         300
         300
         300
         300
         300
         300
         300
         300
         300
         300
         300
         300
         300
         300
         300
         300
         300
         300
         300
         300
         300
         300
         300
         300
         300
         300
         300
         300
         300
         300
         300
         300
         300
         300
         300
         300
         300
         300
         300
         300
         300
         300
         300
         300
         300
         300
         300
         300
         300
         300
         300
         300
         300
         300
         300
         300
         300
         300
         300
         300
         300
         300
         300
         300
         300
         300
         300
         300
         300
         300
         300
         300
         300
         300
         300
         300
         300
         300
         300
         300
         300
         300
         300
         300
         300
         300
         300
         300
         300
         300
         300
         300
         300
         300
         300
         300
         300
         300
         300
         300
         300
         300
         300
         300
         300
         300
         300
         300
         300
         300
         300
         300
         300
         300
         300
         300
         300
         300
         300
         300
         300
         300
         300
         300
         300
         300
         300
         300
         300
         300
         300
         300
         300
         300
         300
         300
         300
         300
         300
         300
         300
         300
         300
         300
         300
         300
         300
         300
         300
         300
         300
         300
         300
         300
         300
         300
         300
         300
         300
         300
         300
         300
         300
         300
         300
         300
         300
         300
         300
         300
         300
         300
         300
         300
         300
         300
         300
         300
         300
         300
         300
         300
         300
         300
         300
         300
         300
         300
         300
         300
         300
         300
         300
         300
         300
         300
         300
         300
         300
         300
         300
         300
         300
         300
         300
         300
         300
         300
         300
         300
         300
         300
         300
         300
         300
         300
         300
         300
         300
         300
         300
         300
         300
         300
         300
         300
         300
         300
         300
         300
         300
         300
         300
         300
         300
         300
         300
         300
         300
         300
         300
         300
         300
         300
         300
         300
         300
         300
         300
         300
         300
         300
         300
         300
         300
         300
         300
         300
         300
         300
         300
         300
         300
         300
         300
         300
         300
         300
         300
         300
         300
         300
         300
         300
         300
         300
         300
         300
         300
         300
         300
         300
         300
         300
         300
         300
         300
         300
         300
         300
         300
         300
         300
         300
         300
         300
         300
         300
         300
         300
         300
         300
         300
         300
         300
         300
         300
         300
         300
         300
         300
         300
         300
         300
         300
         300
         300
         300
         300
         300
         300
         300
         300
         300
         300
         300
         300
         300
         300
         300
         300
         300
         300
         300
         300
         300
         300
         300
         300
         300
         300
         300
         300
         300
         300
         300
         300
         300
         300
         300
         300
         300
         300
         300
         300
         300
         300
         300
         300
         300
         300
         300
         300
         300
         300
         300
         300
         300
         300
         300
         300
         300
         300
         300
         300
         300
         300
         300
         300
         300
         300
         300
         300
         300
         300
         300
         300
         300
         300
         300
         300
         300
         300
         300
         300
         300
         300
         300
         300
         300
         300
         300
         300
         300
         300
         300
         300
         300
         300
         300
         300
         300
         300
         300
         300
         300
         300
         300
         300
         300
         300
         300
         300
         300
         300
         300
         300
         300
         300
         300
         300
         300
         300
         300
         300
         300
         300
         300
         300
         300
         300
         300
         300
         300
         300
         300
         300
         300
         300
         300
         300
         300
         300
         300
         300
         300
         300
         300
         300
         300
         300
         300
         300
         300
         300
         300
         300
         300
         300
         300
         300
         300
         300
         300
         300
         300
         300
         300
         300
         300
         300
         300
         300
         300
         300
         300
         300
         300
         300
         300
         300
         300
         300
         300
         300
         300
         300
         300
         300
         300
         300
         300
         300
         300
         300
         300
         300
         300
         300
         300
         300
         300
         300
         300
         300
         300
         300
         300
         300
         300
         300
         300
         300
         300
         300
         300
         300
         300
         300
         300
         300
         300
         300
         300
         300
         300
         300
         300
         300
         300
         300
         300
         300
         300
         300
         300
         300
         300
         300
         300
         300
         300
         300
         300
         300
         300
         300
         300
         300
         300
         300
         300
         300
         300
         300
         300
         300
         300
         300
         300
         300
         300
         300
         300
         300
         300
         300
         300
         300
         300
         300
         300
         300
         300
         300
         300
         300
         300
         300
         300
         300
         300
         300
         300
         300
         300
         300
         300
         300
         300
         300
         300
         300
         300
         300
         300
         300
         300
         300
         300
         300
         300
         300
         300
         300
         300
         300
         300
         300
         300
         300
         300
         300
         300
         300
         300
         300
         300
         300
         300
         300
         300
         300
         300
         300
         300
         300
         300
         300
         300
         300
         300
         300
         300
         300
         300
         300
         300
         300
         300
         300
         300
         300
         300
         300
         300
         300
         300
         300
         300
         300
         300
         300
         300
         300
         300
         300
         300
         300
         300
         300
         300
         300
         300
         300
         300
         300
         300
         300
         300
         300
         300
         300
         300
         300
         300
         300
         300
         300
         300
         300
         300
         300
         300
         300
         300
         300
         300
         300
         300
         300
         300
         300
         300
         300
         300
         300
         300
         300
         300
         300
         300
         300
         300
         300
         300
         300
         300
         300
         300
         300
         300
         300
         300
         300
         300
         300
         300
         300
         300
         300
         300
         300
         300
         300
         300
         300
         300
         300
         300
         300
         300
         300
         300
         300
         300
         300
         300
         300
         300
         300
         300
         300
         300
         300
         300
         300
         300
         300
         300
         300
         300
         300
         300
         300
         300
         300
         300
         300
         300
         300
         300
         300
         300
         300
         300
         300
         300
         300
         300
         300
         300
         300
         300
         300
         300
         300
         300
         300
         300
         300
         300
         300
         300
         300
         300
         300
         300
         300
         300
         300
         300
         300
         300
         300
         300
         300
         300
         300
         300
         300
         300
         300
         300
         300
         300
         300
         300
         300
         300
         300
         300
         300
         300
         300
         300
         300
         300
         300
         300
         300
         300
         300
         300
         300
         300
         300
         300
         300
         300
         300
         300
         300
         300
         300
         300
         300
         300
         300
         300
         300
         300
         300
         300
         300
         300
         300
         300
         300
         300
         300
         300
         300
         300
         300
         300
         300
         300
         300
         300
         300
         300
         300
         300
         300
         300
         300
         300
         300
         300
         300
         300
         300
         300
         300
         300
         300
         300
         300
         300
         300
         300
         300
         300
         300
         300
         300
         300
         300
         300
         300
         300
         300
         300
         300
         300
         300
         300
         300
         300
         300
         300
         300
         300
         300
         300
         300
         300
         300
         300
         300
         300
         300
         300
         300
         300
         300
         300
         300
         300
         300
         300
         300
         300
         300
         300
         300
         300
         300
         300
         300
         300
         300
         300
         300
         300
         300
         300
         300
         300
         300
         300
         300
         300
         300
         300
         300
         300
         300
         300
         300
         300
         300
         300
         300
         300
         300
         300
         300
         300
         300
         300
         300
         300
         300
         300
         300
         300
         300
         300
         300
         300
         300
         300
         300
         300
         300
         300
         300
         300
         300
         300
         300
         300
         300
         300
         300
         300
         300
         300
         300
         300
         300
         300
         300
         300
         300
         300
         300
         300
         300
         300
         300
         300
         300
         300
         300
         300
         300
         300
         300
         300
         300
         300
         300
         300
         300
         300
         300
         300
         300
         300
         300
         300
         300
         300
         300
         300
         300
         300
         300
         300
         300
         300
         300
         300
         300
         300
         300
         300
         300
         300
         300
         300
         300
         300
         300
         300
         300
         300
         300
         300
         300
         300
         300
         300
         300
         300
         300
         300
         300
         300
         300
         300
         300
         300
         300
         300
         300
         300
         300
         300
         300
         300
         300
         300
         300
         300
         300
         300
         300
         300
         300
         300
         300
         300
         300
         300
         300
         300
         300
         300
         300
         300
         300
         300
         300
         300
         300
         300
         300
         300
         300
         300
         300
         300
         300
         300
         300
         300
         300
         300
         300
         300
         300
         300
         300
         300
         300
         300
         300
         300
         300
         300
         300
         300
         300
         300
         300
         300
         300
         300
         300
         300
         300
         300
         300
         300
         300
         300
         300
         300
         300
         300
         300
         300
         300
         300
         300
         300
         300
         300
         300
         300
         300
         300
         300
         300
         300
         300
         300
         300
         300
         300
         300
         300
         300
         300
         300
         300
         300
         300
         300
         300
         300
         300
         300
         300
         300
         300
         300
         300
         300
         300
         300
         300
         300
         300
         300
         300
         300
         300
         300
         300
         300
         300
         300
         300
         300
         300
         300
         300
         300
         300
         300
         300
         300
         300
         300
         300
         300
         300
         300
         300
         300
         300
         300
         300
         300
         300
         300
         300
         300
         300
         300
         300
         300
         300
         300
         300
         300
         300
         300
         300
         300
         300
         300
         300
         300
         300
         300
         300
         300
         300
         300
         300
         300
         300
         300
         300
         300
         300
         300
         300
         300
         300
         300
         300
         300
         300
         300
         300
         300
         300
         300
         300
         300
         300
         300
         300
         300
         300
         300
         300
         300
         300
         300
         300
         300
         300
         300
         300
         300
         300
         300
         300
         300
         300
         300
         300
         300
         300
         300
         300
         300
         300
         300
         300
         300
         300
         300
         300
         300
         300
         300
         300
         300
         300
         300
         300
         300
         300
         300
         300
         300
         300
         300
         300
         300
         300
         300
         300
         300
         300
         300
         300
         300
         300
         300
         300
         300
         300
         300
         300
         300
         300
         300
         300
         300
         300
         300
         300
         300
         300
         300
         300
         300
         300
         300
         300
         300
         300
         300
         300
         300
         300
         300
         300
         300
         300
         300
         300
         300
         300
         300
         300
         300
         300
         300
         300
         300
         300
         300
         300
         300
         300
         300
         300
         300
         300
         300
         300
         300
         300
         300
         300
         300
         300
         300
         300
         300
         300
         300
         300
         300
         300
         300
         300
         300
         300
         300
         300
         300
         300
         300
         300
         300
         300
         300
         300
         300
         300
         300
         300
         300
         300
         300
         300
         300
         300
         300
         300
         300
         300
         300
         300
         300
         300
         300
         300
         300
         300
         300
         300
         300
         300
         300
         300
         300
         300
         300
         300
         300
         300
         300
         300
         300
         300
         300
         300
         300
         300
         300
         300
         300
         300
         300
         300
         300
         300
         300
         300
         300
         300
         300
         300
         300
         300
         300
         300
         300
         300
         300
         300
         300
         300
         300
         300
         300
         300
         300
         300
         300
         300
         300
         300
         300
         300
         300
         300
         300
         300
         300
         300
         300
         300
         300
         300
         300
         300
         300
         300
         300
         300
         300
         300
         300
         300
         300
         300
         300
         300
         300
         300
         300
         300
         300
         300
         300
         300
         300
         300
         300
         300
         300
         300
         300
         300
         300
         300
         300
         300
         300
         300
         300
         300
         300
         300
         300
         300
         300
         300
         300
         300
         300
         300
         300
         300
         300
         300
         300
         300
         300
         300
         300
         300
         300
         300
         300
         300
         300
         300
         300
         300
         300
         300
         300
         300
         300
         300
         300
         300
         300
         300
         300
         300
         300
         300
         300
         300
         300
         300
         300
         300
         300
         300
         300
         300
         300
         300
         300
         300
         300
         300
         300
         300
         300
         300
         300
         300
         300
         300
         300
         300
         300
         300
         300
         300
         300
         300
         300
         300
         300
         300
         300
         300
         300
         300
         300
         300
         300
         300
         300
         300
         300
         300
         300
         300
         300
         300
         300
         300
         300
         300
         300
         300
         300
         300
         300
         300
         300
         300
         300
         300
         300
         300
         300
         300
         300
         300
         300
         300
         300
         300
         300
         300
         300
         300
         300
         300
         300
         300
         300
         300
         300
         300
         300
         300
         300
         300
         300
         300
         300
         300
         300
         300
         300
         300
         300
         300
         300
         300
         300
         300
         300
         300
         300
         300
         300
         300
         300
         300
         300
         300
         300
         300
         300
         300
         300
         300
         300
         300
         300
         300
         300
         300
         300
         300
         300
         300
         300
         300
         300
         300
         300
         300
         300
         300
         300
         300
         300
         300
         300
         300
         300
         300
         300
         300
         300
         300
         300
         300
         300
         300
         300
         300
         300
         300
         300
         300
         300
         300
         300
         300
         300
         300
         300
         300
         300
         300
         300
         300
         300
         300
         300
         300
         300
         300
         300
         300
         300
         300
         300
         300
         300
         300
         300
         300
