  0.000000000000000E+000  0.000000000000000E+000  0.000000000000000E+000
  0.000000000000000E+000  0.000000000000000E+000  0.000000000000000E+000
  0.000000000000000E+000  0.000000000000000E+000  0.000000000000000E+000
  0.000000000000000E+000  0.000000000000000E+000  0.000000000000000E+000
  0.000000000000000E+000  0.000000000000000E+000  0.000000000000000E+000
  0.000000000000000E+000  0.000000000000000E+000  0.000000000000000E+000
  0.000000000000000E+000  0.000000000000000E+000  0.000000000000000E+000
  1.093200000000000E-004  0.000000000000000E+000  0.000000000000000E+000
  5.382827999999999E-002  1.566000000000000E-005  0.000000000000000E+000
  0.535933080000000       2.572180000000000E-003  8.400000000000001E-007
  0.000000000000000E+000  0.000000000000000E+000  0.000000000000000E+000
  0.000000000000000E+000  0.000000000000000E+000  0.000000000000000E+000
  0.000000000000000E+000  0.000000000000000E+000  0.000000000000000E+000
  0.000000000000000E+000  0.000000000000000E+000  0.000000000000000E+000
  0.000000000000000E+000  0.000000000000000E+000  0.000000000000000E+000
  0.000000000000000E+000  0.000000000000000E+000  0.000000000000000E+000
  0.000000000000000E+000  0.000000000000000E+000  0.000000000000000E+000
  1.627008000000000E-002  8.019999999999999E-006  0.000000000000000E+000
   1.02550104000000       9.474180000000000E-003  6.799999999999999E-007
  4.643880000000000E-003  0.000000000000000E+000  0.000000000000000E+000
  0.000000000000000E+000  0.000000000000000E+000  0.000000000000000E+000
  0.000000000000000E+000  0.000000000000000E+000  0.000000000000000E+000
  0.000000000000000E+000  0.000000000000000E+000  0.000000000000000E+000
  0.000000000000000E+000  0.000000000000000E+000  0.000000000000000E+000
  0.000000000000000E+000  0.000000000000000E+000  0.000000000000000E+000
  0.000000000000000E+000  0.000000000000000E+000  0.000000000000000E+000
  3.149400000000001E-003  0.000000000000000E+000  0.000000000000000E+000
   1.53181512000000       2.027170000000000E-002  9.200000000000000E-006
  1.285680000000000E-003  0.000000000000000E+000  0.000000000000000E+000
  0.000000000000000E+000  0.000000000000000E+000  0.000000000000000E+000
  0.000000000000000E+000  0.000000000000000E+000  0.000000000000000E+000
  0.000000000000000E+000  0.000000000000000E+000  0.000000000000000E+000
  0.000000000000000E+000  0.000000000000000E+000  0.000000000000000E+000
  0.000000000000000E+000  0.000000000000000E+000  0.000000000000000E+000
  0.000000000000000E+000  0.000000000000000E+000  0.000000000000000E+000
  1.285560000000000E-003  0.000000000000000E+000  0.000000000000000E+000
  0.514643280000000       2.609559999999999E-003  0.000000000000000E+000
   1.21157292000000       5.102120000000001E-003  0.000000000000000E+000
  0.000000000000000E+000  0.000000000000000E+000  0.000000000000000E+000
  0.000000000000000E+000  0.000000000000000E+000  0.000000000000000E+000
  0.000000000000000E+000  0.000000000000000E+000  0.000000000000000E+000
  0.000000000000000E+000  0.000000000000000E+000  0.000000000000000E+000
  0.000000000000000E+000  0.000000000000000E+000  0.000000000000000E+000
  1.704720000000000E-003  0.000000000000000E+000  0.000000000000000E+000
  8.084400000000000E-004  0.000000000000000E+000  0.000000000000000E+000
  0.287212680000000       1.468600000000000E-004  0.000000000000000E+000
   10.4907700800000       0.345661740000000       1.108000000000000E-005
  0.184150920000000       0.000000000000000E+000  0.000000000000000E+000
  4.266336000000000E-002  0.000000000000000E+000  0.000000000000000E+000
  0.000000000000000E+000  0.000000000000000E+000  0.000000000000000E+000
  2.039736000000000E-002  4.322000000000000E-005  0.000000000000000E+000
  9.973440000000000E-003  0.000000000000000E+000  0.000000000000000E+000
  4.271784000000000E-002  0.000000000000000E+000  0.000000000000000E+000
  0.127779600000000       1.984000000000000E-005  0.000000000000000E+000
  0.636670920000000       3.085760000000000E-003  0.000000000000000E+000
   9.65364672000000       0.134080840000000       0.000000000000000E+000
   6.40726140000000       1.260600000000000E-004  2.000000000000000E-007
  2.400000000000000E-007  0.000000000000000E+000  0.000000000000000E+000
  0.000000000000000E+000  0.000000000000000E+000  0.000000000000000E+000
  0.000000000000000E+000  0.000000000000000E+000  0.000000000000000E+000
   2.12338992000000       5.082519999999999E-003  0.000000000000000E+000
   1.69731684000000       9.614000000000001E-004  0.000000000000000E+000
   2.45739432000000       2.947000000000000E-003  8.800000000000000E-006
   4.99275780000000       5.750079999999999E-003  0.000000000000000E+000
   12.5945924400000       4.743240000000000E-002  0.000000000000000E+000
   22.1856142800000       3.812490000000000E-002  7.800000000000000E-006
   5.40643308000000       6.307700000000000E-003  0.000000000000000E+000
  0.239999160000000       0.000000000000000E+000  0.000000000000000E+000
  0.000000000000000E+000  0.000000000000000E+000  0.000000000000000E+000
  0.000000000000000E+000  0.000000000000000E+000  0.000000000000000E+000
   10.4422220400000       4.709380000000000E-003  0.000000000000000E+000
   9.29831124000000       3.988240000000001E-003  0.000000000000000E+000
   11.5534983600000       4.886940000000000E-003  0.000000000000000E+000
   13.7216596800000       2.396942000000000E-002  0.000000000000000E+000
   16.4763364800000       1.929086000000000E-002  0.000000000000000E+000
   18.7226380800000       1.406258000000000E-002  0.000000000000000E+000
   3.90303600000000       0.000000000000000E+000  0.000000000000000E+000
  0.000000000000000E+000  0.000000000000000E+000  0.000000000000000E+000
  0.000000000000000E+000  0.000000000000000E+000  0.000000000000000E+000
  0.000000000000000E+000  0.000000000000000E+000  0.000000000000000E+000
   12.9754006800000       0.000000000000000E+000  0.000000000000000E+000
   11.3556463200000       5.489399999999999E-004  0.000000000000000E+000
   14.2105869600000       1.495520000000000E-003  0.000000000000000E+000
   14.6963674800000       3.400000000000000E-007  0.000000000000000E+000
   19.5351412800000       2.860000000000000E-006  0.000000000000000E+000
   14.3003611200000       3.330200000000000E-004  0.000000000000000E+000
   3.79857732000000       0.000000000000000E+000  0.000000000000000E+000
  0.359999400000000       0.000000000000000E+000  0.000000000000000E+000
  0.154757160000000       0.000000000000000E+000  0.000000000000000E+000
  1.095648000000000E-002  0.000000000000000E+000  0.000000000000000E+000
  0.000000000000000E+000  0.000000000000000E+000  0.000000000000000E+000
  0.000000000000000E+000  0.000000000000000E+000  0.000000000000000E+000
  0.000000000000000E+000  0.000000000000000E+000  0.000000000000000E+000
  0.000000000000000E+000  0.000000000000000E+000  0.000000000000000E+000
  0.000000000000000E+000  0.000000000000000E+000  0.000000000000000E+000
  0.000000000000000E+000  0.000000000000000E+000  0.000000000000000E+000
  0.000000000000000E+000  0.000000000000000E+000  0.000000000000000E+000
  1.836000000000000E-005  0.000000000000000E+000  0.000000000000000E+000
  5.505564000000000E-002  3.756000000000000E-005  0.000000000000000E+000
  0.502455600000000       1.823420000000000E-003  5.200000000000000E-007
  0.000000000000000E+000  0.000000000000000E+000  0.000000000000000E+000
  0.000000000000000E+000  0.000000000000000E+000  0.000000000000000E+000
  0.000000000000000E+000  0.000000000000000E+000  0.000000000000000E+000
  0.000000000000000E+000  0.000000000000000E+000  0.000000000000000E+000
  0.000000000000000E+000  0.000000000000000E+000  0.000000000000000E+000
  0.000000000000000E+000  0.000000000000000E+000  0.000000000000000E+000
  0.000000000000000E+000  0.000000000000000E+000  0.000000000000000E+000
  1.593563999999999E-002  1.000000000000000E-007  0.000000000000000E+000
   1.04658780000000       9.134360000000003E-003  1.460000000000000E-006
  3.966960000000000E-003  0.000000000000000E+000  0.000000000000000E+000
  0.000000000000000E+000  0.000000000000000E+000  0.000000000000000E+000
  0.000000000000000E+000  0.000000000000000E+000  0.000000000000000E+000
  0.000000000000000E+000  0.000000000000000E+000  0.000000000000000E+000
  0.000000000000000E+000  0.000000000000000E+000  0.000000000000000E+000
  0.000000000000000E+000  0.000000000000000E+000  0.000000000000000E+000
  0.000000000000000E+000  0.000000000000000E+000  0.000000000000000E+000
  3.122880000000001E-003  0.000000000000000E+000  0.000000000000000E+000
   1.55111688000000       2.248776000000000E-002  2.000000000000000E-007
  1.564800000000000E-004  0.000000000000000E+000  0.000000000000000E+000
  0.000000000000000E+000  0.000000000000000E+000  0.000000000000000E+000
  0.000000000000000E+000  0.000000000000000E+000  0.000000000000000E+000
  0.000000000000000E+000  0.000000000000000E+000  0.000000000000000E+000
  0.000000000000000E+000  0.000000000000000E+000  0.000000000000000E+000
  0.000000000000000E+000  0.000000000000000E+000  0.000000000000000E+000
  0.000000000000000E+000  0.000000000000000E+000  0.000000000000000E+000
  4.488000000000000E-004  0.000000000000000E+000  0.000000000000000E+000
  0.462849720000000       6.076800000000000E-004  0.000000000000000E+000
   1.31504244000000       7.789680000000000E-003  0.000000000000000E+000
  0.000000000000000E+000  0.000000000000000E+000  0.000000000000000E+000
  0.000000000000000E+000  0.000000000000000E+000  0.000000000000000E+000
  2.248800000000000E-004  0.000000000000000E+000  0.000000000000000E+000
  3.217200000000000E-004  0.000000000000000E+000  0.000000000000000E+000
  0.000000000000000E+000  0.000000000000000E+000  0.000000000000000E+000
  1.082400000000000E-004  0.000000000000000E+000  0.000000000000000E+000
  1.466472000000000E-002  0.000000000000000E+000  0.000000000000000E+000
  0.269842440000000       4.403600000000000E-004  0.000000000000000E+000
   9.86321400000000       0.339958680000000       2.020000000000000E-006
  1.226580000000000E-002  0.000000000000000E+000  0.000000000000000E+000
  0.000000000000000E+000  0.000000000000000E+000  0.000000000000000E+000
  0.000000000000000E+000  0.000000000000000E+000  0.000000000000000E+000
  1.951440000000000E-002  0.000000000000000E+000  0.000000000000000E+000
  4.090464000000000E-002  0.000000000000000E+000  0.000000000000000E+000
  4.371576000000001E-002  0.000000000000000E+000  0.000000000000000E+000
  0.125998440000000       2.007400000000000E-004  0.000000000000000E+000
  0.744233280000000       1.681200000000000E-003  0.000000000000000E+000
   9.41339388000000       0.130339800000000       5.900000000000000E-006
   5.09701776000000       1.258050000000000E-002  0.000000000000000E+000
  0.220722720000000       0.000000000000000E+000  0.000000000000000E+000
  0.000000000000000E+000  0.000000000000000E+000  0.000000000000000E+000
  0.000000000000000E+000  0.000000000000000E+000  0.000000000000000E+000
   1.92371928000000       7.112200000000000E-004  0.000000000000000E+000
   1.79194596000000       7.458159999999999E-003  0.000000000000000E+000
   2.50440732000000       1.467520000000000E-003  0.000000000000000E+000
   4.98635688000000       8.658539999999999E-003  0.000000000000000E+000
   10.9546785600000       4.535594000000000E-002  0.000000000000000E+000
   19.9848849600000       3.804118000000000E-002  0.000000000000000E+000
   5.38717104000000       0.000000000000000E+000  0.000000000000000E+000
  0.247795560000000       0.000000000000000E+000  0.000000000000000E+000
  0.000000000000000E+000  0.000000000000000E+000  0.000000000000000E+000
  0.000000000000000E+000  0.000000000000000E+000  0.000000000000000E+000
   9.54761772000000       8.121540000000000E-003  0.000000000000000E+000
   10.2710906400000       6.222020000000000E-003  0.000000000000000E+000
   11.5439433600000       9.501279999999999E-003  0.000000000000000E+000
   14.1281632800000       3.043360000000000E-003  0.000000000000000E+000
   21.7920067200000       7.440739999999999E-003  0.000000000000000E+000
   16.6001830800000       8.000000000000000E-008  0.000000000000000E+000
   3.51436980000000       0.000000000000000E+000  0.000000000000000E+000
  0.000000000000000E+000  0.000000000000000E+000  0.000000000000000E+000
  0.000000000000000E+000  0.000000000000000E+000  0.000000000000000E+000
  0.000000000000000E+000  0.000000000000000E+000  0.000000000000000E+000
   11.5070600400000       3.698000000000000E-004  0.000000000000000E+000
   12.5593183200000       9.280600000000000E-004  0.000000000000000E+000
   13.8644773200000       1.772400000000000E-004  0.000000000000000E+000
   17.7570894000000       0.000000000000000E+000  0.000000000000000E+000
   20.6752731600000       0.000000000000000E+000  0.000000000000000E+000
   16.5444627600000       0.000000000000000E+000  0.000000000000000E+000
   3.38958636000000       0.000000000000000E+000  0.000000000000000E+000
  0.120000000000000       0.000000000000000E+000  0.000000000000000E+000
  1.346280000000000E-003  0.000000000000000E+000  0.000000000000000E+000
  8.642784000000001E-002  0.000000000000000E+000  0.000000000000000E+000
  0.000000000000000E+000  0.000000000000000E+000  0.000000000000000E+000
  0.000000000000000E+000  0.000000000000000E+000  0.000000000000000E+000
  0.000000000000000E+000  0.000000000000000E+000  0.000000000000000E+000
  0.000000000000000E+000  0.000000000000000E+000  0.000000000000000E+000
  0.000000000000000E+000  0.000000000000000E+000  0.000000000000000E+000
  0.000000000000000E+000  0.000000000000000E+000  0.000000000000000E+000
  0.000000000000000E+000  0.000000000000000E+000  0.000000000000000E+000
  6.108000000000000E-005  0.000000000000000E+000  0.000000000000000E+000
  4.883255999999998E-002  2.196000000000000E-005  0.000000000000000E+000
  0.525092760000000       2.249999999999999E-003  2.800000000000000E-007
  0.000000000000000E+000  0.000000000000000E+000  0.000000000000000E+000
  0.000000000000000E+000  0.000000000000000E+000  0.000000000000000E+000
  0.000000000000000E+000  0.000000000000000E+000  0.000000000000000E+000
  0.000000000000000E+000  0.000000000000000E+000  0.000000000000000E+000
  0.000000000000000E+000  0.000000000000000E+000  0.000000000000000E+000
  0.000000000000000E+000  0.000000000000000E+000  0.000000000000000E+000
  0.000000000000000E+000  0.000000000000000E+000  0.000000000000000E+000
  1.293336000000000E-002  0.000000000000000E+000  0.000000000000000E+000
   1.05288540000000       1.032444000000000E-002  3.440000000000000E-006
  6.900000000000000E-004  0.000000000000000E+000  0.000000000000000E+000
  0.000000000000000E+000  0.000000000000000E+000  0.000000000000000E+000
  0.000000000000000E+000  0.000000000000000E+000  0.000000000000000E+000
  0.000000000000000E+000  0.000000000000000E+000  0.000000000000000E+000
  0.000000000000000E+000  0.000000000000000E+000  0.000000000000000E+000
  0.000000000000000E+000  0.000000000000000E+000  0.000000000000000E+000
  0.000000000000000E+000  0.000000000000000E+000  0.000000000000000E+000
  2.491320000000000E-003  0.000000000000000E+000  0.000000000000000E+000
   1.59049620000000       2.290418000000001E-002  6.799999999999999E-007
  4.572360000000000E-003  0.000000000000000E+000  0.000000000000000E+000
  0.000000000000000E+000  0.000000000000000E+000  0.000000000000000E+000
  0.000000000000000E+000  0.000000000000000E+000  0.000000000000000E+000
  0.000000000000000E+000  0.000000000000000E+000  0.000000000000000E+000
  0.000000000000000E+000  0.000000000000000E+000  0.000000000000000E+000
  0.000000000000000E+000  0.000000000000000E+000  0.000000000000000E+000
  0.000000000000000E+000  0.000000000000000E+000  0.000000000000000E+000
  9.528000000000001E-004  0.000000000000000E+000  0.000000000000000E+000
  0.455141400000000       1.465040000000000E-003  0.000000000000000E+000
   1.21019700000000       2.887979999999998E-003  0.000000000000000E+000
  0.000000000000000E+000  0.000000000000000E+000  0.000000000000000E+000
  0.000000000000000E+000  0.000000000000000E+000  0.000000000000000E+000
  0.000000000000000E+000  0.000000000000000E+000  0.000000000000000E+000
  0.000000000000000E+000  0.000000000000000E+000  0.000000000000000E+000
  6.183600000000000E-004  0.000000000000000E+000  0.000000000000000E+000
  0.000000000000000E+000  0.000000000000000E+000  0.000000000000000E+000
  9.902160000000000E-003  0.000000000000000E+000  0.000000000000000E+000
  0.282771840000000       4.242400000000000E-004  0.000000000000000E+000
   10.5570457200000       0.312652380000000       9.200000000000000E-006
  0.160354680000000       0.000000000000000E+000  0.000000000000000E+000
  0.000000000000000E+000  0.000000000000000E+000  0.000000000000000E+000
  0.000000000000000E+000  0.000000000000000E+000  0.000000000000000E+000
  3.578004000000000E-002  0.000000000000000E+000  0.000000000000000E+000
  2.697504000000000E-002  0.000000000000000E+000  0.000000000000000E+000
  9.125532000000001E-002  0.000000000000000E+000  0.000000000000000E+000
  7.289184000000001E-002  0.000000000000000E+000  0.000000000000000E+000
  0.752205600000000       1.368820000000000E-003  0.000000000000000E+000
   9.38087664000000       0.166878840000000       0.000000000000000E+000
   5.57556528000000       3.931339999999999E-003  0.000000000000000E+000
  0.138314040000000       0.000000000000000E+000  0.000000000000000E+000
  0.000000000000000E+000  0.000000000000000E+000  0.000000000000000E+000
  0.000000000000000E+000  0.000000000000000E+000  0.000000000000000E+000
   1.62796080000000       3.395460000000000E-003  0.000000000000000E+000
   1.84695864000000       3.456640000000000E-003  0.000000000000000E+000
   2.41573908000000       9.549960000000000E-003  0.000000000000000E+000
   4.92162276000000       1.805862000000000E-002  0.000000000000000E+000
   10.1937096000000       1.840540000000000E-002  0.000000000000000E+000
   17.5496130000000       2.393346000000000E-002  0.000000000000000E+000
   3.94255632000000       0.000000000000000E+000  0.000000000000000E+000
  8.633088000000001E-002  0.000000000000000E+000  0.000000000000000E+000
  0.000000000000000E+000  0.000000000000000E+000  0.000000000000000E+000
  3.880920000000000E-003  0.000000000000000E+000  0.000000000000000E+000
   10.0198302000000       4.206460000000000E-003  0.000000000000000E+000
   9.46792260000000       8.197380000000001E-003  0.000000000000000E+000
   11.8114183200000       4.560120000000000E-003  0.000000000000000E+000
   13.3702810800000       1.355620000000000E-003  0.000000000000000E+000
   18.0407613600000       1.371392000000000E-002  0.000000000000000E+000
   16.4955570000000       0.000000000000000E+000  0.000000000000000E+000
   3.27638220000000       0.000000000000000E+000  0.000000000000000E+000
  0.240000000000000       0.000000000000000E+000  0.000000000000000E+000
  0.000000000000000E+000  0.000000000000000E+000  0.000000000000000E+000
  2.024880000000000E-003  0.000000000000000E+000  0.000000000000000E+000
   14.3482122000000       6.538600000000000E-003  0.000000000000000E+000
   14.0349518400000       0.000000000000000E+000  0.000000000000000E+000
   13.8441508800000       2.492320000000000E-003  0.000000000000000E+000
   14.6336677200000       2.949620000000000E-003  0.000000000000000E+000
   19.0523222400000       1.960000000000000E-006  0.000000000000000E+000
   15.9251191200000       0.000000000000000E+000  0.000000000000000E+000
   2.53653192000000       0.000000000000000E+000  0.000000000000000E+000
  0.109124280000000       0.000000000000000E+000  0.000000000000000E+000
  5.610480000000000E-003  0.000000000000000E+000  0.000000000000000E+000
  0.000000000000000E+000  0.000000000000000E+000  0.000000000000000E+000
  0.000000000000000E+000  0.000000000000000E+000  0.000000000000000E+000
  0.000000000000000E+000  0.000000000000000E+000  0.000000000000000E+000
  0.000000000000000E+000  0.000000000000000E+000  0.000000000000000E+000
  0.000000000000000E+000  0.000000000000000E+000  0.000000000000000E+000
  0.000000000000000E+000  0.000000000000000E+000  0.000000000000000E+000
  0.000000000000000E+000  0.000000000000000E+000  0.000000000000000E+000
  0.000000000000000E+000  0.000000000000000E+000  0.000000000000000E+000
  1.870800000000000E-004  0.000000000000000E+000  0.000000000000000E+000
  5.213244000000000E-002  8.560000000000003E-006  0.000000000000000E+000
  0.495923880000000       1.770660000000000E-003  4.600000000000000E-007
  0.000000000000000E+000  0.000000000000000E+000  0.000000000000000E+000
  0.000000000000000E+000  0.000000000000000E+000  0.000000000000000E+000
  0.000000000000000E+000  0.000000000000000E+000  0.000000000000000E+000
  0.000000000000000E+000  0.000000000000000E+000  0.000000000000000E+000
  0.000000000000000E+000  0.000000000000000E+000  0.000000000000000E+000
  0.000000000000000E+000  0.000000000000000E+000  0.000000000000000E+000
  8.400000000000000E-007  0.000000000000000E+000  0.000000000000000E+000
  1.792536000000000E-002  1.170000000000000E-005  0.000000000000000E+000
   1.09248084000000       9.774140000000001E-003  1.880000000000000E-006
  2.392680000000000E-003  0.000000000000000E+000  0.000000000000000E+000
  0.000000000000000E+000  0.000000000000000E+000  0.000000000000000E+000
  0.000000000000000E+000  0.000000000000000E+000  0.000000000000000E+000
  0.000000000000000E+000  0.000000000000000E+000  0.000000000000000E+000
  0.000000000000000E+000  0.000000000000000E+000  0.000000000000000E+000
  0.000000000000000E+000  0.000000000000000E+000  0.000000000000000E+000
  0.000000000000000E+000  0.000000000000000E+000  0.000000000000000E+000
  4.942680000000000E-003  0.000000000000000E+000  0.000000000000000E+000
   1.68022656000000       2.248280000000000E-002  7.400000000000001E-007
  2.923200000000000E-004  0.000000000000000E+000  0.000000000000000E+000
  0.000000000000000E+000  0.000000000000000E+000  0.000000000000000E+000
  0.000000000000000E+000  0.000000000000000E+000  0.000000000000000E+000
  0.000000000000000E+000  0.000000000000000E+000  0.000000000000000E+000
  0.000000000000000E+000  0.000000000000000E+000  0.000000000000000E+000
  0.000000000000000E+000  0.000000000000000E+000  0.000000000000000E+000
  0.000000000000000E+000  0.000000000000000E+000  0.000000000000000E+000
  3.748800000000001E-004  0.000000000000000E+000  0.000000000000000E+000
  0.463745400000000       1.688520000000000E-003  0.000000000000000E+000
   1.35456780000000       8.321080000000002E-003  0.000000000000000E+000
  4.623600000000000E-004  0.000000000000000E+000  0.000000000000000E+000
  0.000000000000000E+000  0.000000000000000E+000  0.000000000000000E+000
  0.000000000000000E+000  0.000000000000000E+000  0.000000000000000E+000
  0.000000000000000E+000  0.000000000000000E+000  0.000000000000000E+000
  0.000000000000000E+000  0.000000000000000E+000  0.000000000000000E+000
  7.992000000000001E-005  0.000000000000000E+000  0.000000000000000E+000
  4.910400000000000E-003  0.000000000000000E+000  0.000000000000000E+000
  0.222096120000000       1.952600000000000E-004  0.000000000000000E+000
   10.5025851600000       0.328362600000000       1.220000000000000E-006
  0.216359640000000       0.000000000000000E+000  0.000000000000000E+000
  0.000000000000000E+000  0.000000000000000E+000  0.000000000000000E+000
  0.000000000000000E+000  0.000000000000000E+000  0.000000000000000E+000
  2.304396000000000E-002  0.000000000000000E+000  0.000000000000000E+000
  7.568843999999998E-002  0.000000000000000E+000  0.000000000000000E+000
  5.819771999999999E-002  0.000000000000000E+000  0.000000000000000E+000
  0.106855440000000       9.665999999999999E-005  0.000000000000000E+000
  0.881811480000000       1.866880000000000E-003  0.000000000000000E+000
   9.78015996000000       0.143227620000000       6.799999999999999E-007
   6.46907232000000       1.289230000000000E-002  0.000000000000000E+000
  0.140832720000000       0.000000000000000E+000  0.000000000000000E+000
  0.000000000000000E+000  0.000000000000000E+000  0.000000000000000E+000
  0.000000000000000E+000  0.000000000000000E+000  0.000000000000000E+000
   2.14363296000000       3.444200000000000E-003  0.000000000000000E+000
   2.21709516000000       8.395740000000000E-003  0.000000000000000E+000
   2.33934756000000       3.025800000000000E-003  0.000000000000000E+000
   4.49666052000000       2.774460000000000E-003  0.000000000000000E+000
   12.5267158800000       4.347594000000000E-002  0.000000000000000E+000
   21.4760278800000       6.034028000000000E-002  0.000000000000000E+000
   5.51352048000000       1.104170000000000E-002  0.000000000000000E+000
  0.120000000000000       0.000000000000000E+000  0.000000000000000E+000
  0.000000000000000E+000  0.000000000000000E+000  0.000000000000000E+000
  0.000000000000000E+000  0.000000000000000E+000  0.000000000000000E+000
   10.2675890400000       6.016720000000000E-003  0.000000000000000E+000
   11.1558538800000       1.122216000000000E-002  0.000000000000000E+000
   10.2142503600000       3.414000000000000E-005  0.000000000000000E+000
   14.3453113200000       2.590140000000000E-003  0.000000000000000E+000
   19.7486973600000       2.280116000000000E-002  0.000000000000000E+000
   19.0084096800000       5.320140000000001E-003  0.000000000000000E+000
   2.51981328000000       0.000000000000000E+000  0.000000000000000E+000
  9.524484000000000E-002  0.000000000000000E+000  0.000000000000000E+000
  0.000000000000000E+000  0.000000000000000E+000  0.000000000000000E+000
  5.842008000000001E-002  0.000000000000000E+000  0.000000000000000E+000
   12.4032829200000       5.800000000000000E-007  0.000000000000000E+000
   14.4254726400000       0.000000000000000E+000  0.000000000000000E+000
   13.8654073200000       0.000000000000000E+000  0.000000000000000E+000
   14.5034128800000       0.000000000000000E+000  0.000000000000000E+000
   16.6098085200000       0.000000000000000E+000  0.000000000000000E+000
   13.9698688800000       2.107460000000000E-003  0.000000000000000E+000
   2.60175420000000       0.000000000000000E+000  0.000000000000000E+000
  0.000000000000000E+000  0.000000000000000E+000  0.000000000000000E+000
  3.151800000000000E-003  0.000000000000000E+000  0.000000000000000E+000
  0.000000000000000E+000  0.000000000000000E+000  0.000000000000000E+000
  0.000000000000000E+000  0.000000000000000E+000  0.000000000000000E+000
  0.000000000000000E+000  0.000000000000000E+000  0.000000000000000E+000
  0.000000000000000E+000  0.000000000000000E+000  0.000000000000000E+000
  0.000000000000000E+000  0.000000000000000E+000  0.000000000000000E+000
  0.000000000000000E+000  0.000000000000000E+000  0.000000000000000E+000
  0.000000000000000E+000  0.000000000000000E+000  0.000000000000000E+000
  0.000000000000000E+000  0.000000000000000E+000  0.000000000000000E+000
  0.000000000000000E+000  0.000000000000000E+000  0.000000000000000E+000
  4.950084000000000E-002  1.708000000000000E-005  0.000000000000000E+000
  0.549437640000000       2.394480000000001E-003  3.840000000000001E-006
  0.000000000000000E+000  0.000000000000000E+000  0.000000000000000E+000
  0.000000000000000E+000  0.000000000000000E+000  0.000000000000000E+000
  0.000000000000000E+000  0.000000000000000E+000  0.000000000000000E+000
  0.000000000000000E+000  0.000000000000000E+000  0.000000000000000E+000
  0.000000000000000E+000  0.000000000000000E+000  0.000000000000000E+000
  0.000000000000000E+000  0.000000000000000E+000  0.000000000000000E+000
  0.000000000000000E+000  0.000000000000000E+000  0.000000000000000E+000
  1.684176000000000E-002  0.000000000000000E+000  0.000000000000000E+000
   1.06098396000000       8.818400000000001E-003  5.600000000000000E-007
  8.574240000000000E-003  0.000000000000000E+000  0.000000000000000E+000
  0.000000000000000E+000  0.000000000000000E+000  0.000000000000000E+000
  0.000000000000000E+000  0.000000000000000E+000  0.000000000000000E+000
  0.000000000000000E+000  0.000000000000000E+000  0.000000000000000E+000
  0.000000000000000E+000  0.000000000000000E+000  0.000000000000000E+000
  0.000000000000000E+000  0.000000000000000E+000  0.000000000000000E+000
  0.000000000000000E+000  0.000000000000000E+000  0.000000000000000E+000
  1.940400000000000E-003  0.000000000000000E+000  0.000000000000000E+000
   1.54306404000000       1.996088000000000E-002  0.000000000000000E+000
  3.212364000000000E-002  0.000000000000000E+000  0.000000000000000E+000
  0.000000000000000E+000  0.000000000000000E+000  0.000000000000000E+000
  0.000000000000000E+000  0.000000000000000E+000  0.000000000000000E+000
  0.000000000000000E+000  0.000000000000000E+000  0.000000000000000E+000
  0.000000000000000E+000  0.000000000000000E+000  0.000000000000000E+000
  0.000000000000000E+000  0.000000000000000E+000  0.000000000000000E+000
  0.000000000000000E+000  0.000000000000000E+000  0.000000000000000E+000
  8.206800000000001E-004  0.000000000000000E+000  0.000000000000000E+000
  0.491366880000000       1.276300000000000E-003  0.000000000000000E+000
   1.33068372000000       7.143620000000002E-003  0.000000000000000E+000
  2.400000000000000E-007  0.000000000000000E+000  0.000000000000000E+000
  0.000000000000000E+000  0.000000000000000E+000  0.000000000000000E+000
  0.000000000000000E+000  0.000000000000000E+000  0.000000000000000E+000
  0.000000000000000E+000  0.000000000000000E+000  0.000000000000000E+000
  6.030000000000000E-004  0.000000000000000E+000  0.000000000000000E+000
  0.000000000000000E+000  0.000000000000000E+000  0.000000000000000E+000
  6.996359999999999E-003  0.000000000000000E+000  0.000000000000000E+000
  0.233240880000000       4.606599999999999E-004  0.000000000000000E+000
   10.5171873600000       0.350976620000000       1.220000000000000E-006
  0.155083920000000       0.000000000000000E+000  0.000000000000000E+000
  0.000000000000000E+000  0.000000000000000E+000  0.000000000000000E+000
  0.000000000000000E+000  0.000000000000000E+000  0.000000000000000E+000
  2.805588000000000E-002  0.000000000000000E+000  0.000000000000000E+000
  2.062164000000000E-002  0.000000000000000E+000  0.000000000000000E+000
  5.783436000000000E-002  0.000000000000000E+000  0.000000000000000E+000
  7.761720000000000E-002  0.000000000000000E+000  0.000000000000000E+000
  0.778351920000000       2.412820000000000E-003  0.000000000000000E+000
   8.96490312000000       0.104761100000000       2.720000000000000E-006
   5.72335632000000       1.200170000000000E-002  0.000000000000000E+000
  0.160120560000000       0.000000000000000E+000  0.000000000000000E+000
  0.000000000000000E+000  0.000000000000000E+000  0.000000000000000E+000
  0.000000000000000E+000  0.000000000000000E+000  0.000000000000000E+000
   1.93487004000000       8.818719999999999E-003  0.000000000000000E+000
   1.68467208000000       1.378980000000000E-003  0.000000000000000E+000
   2.59008180000000       2.007120000000000E-003  0.000000000000000E+000
   5.03930964000000       8.320820000000000E-003  0.000000000000000E+000
   11.8244565600000       3.147710000000000E-002  0.000000000000000E+000
   19.1822948400000       6.828236000000000E-002  0.000000000000000E+000
   4.13028228000000       4.223580000000000E-003  3.800000000000000E-006
  0.120000000000000       0.000000000000000E+000  0.000000000000000E+000
  5.139479999999999E-003  0.000000000000000E+000  0.000000000000000E+000
  0.000000000000000E+000  0.000000000000000E+000  0.000000000000000E+000
   8.68367616000000       3.199800000000000E-004  0.000000000000000E+000
   10.9952577600000       9.966920000000001E-003  0.000000000000000E+000
   10.9790264400000       8.037880000000001E-003  0.000000000000000E+000
   14.5255635600000       6.557579999999999E-003  0.000000000000000E+000
   18.0324043200000       1.167496000000000E-002  0.000000000000000E+000
   16.8397184400000       7.719360000000001E-003  0.000000000000000E+000
   3.00372900000000       0.000000000000000E+000  0.000000000000000E+000
  0.000000000000000E+000  0.000000000000000E+000  0.000000000000000E+000
  0.000000000000000E+000  0.000000000000000E+000  0.000000000000000E+000
  7.850844000000000E-002  0.000000000000000E+000  0.000000000000000E+000
   12.6801982800000       0.000000000000000E+000  0.000000000000000E+000
   12.6210440400000       0.000000000000000E+000  0.000000000000000E+000
   14.3754170400000       0.000000000000000E+000  0.000000000000000E+000
   16.0024659600000       0.000000000000000E+000  0.000000000000000E+000
   18.7320157200000       7.436780000000000E-003  0.000000000000000E+000
   15.7002957600000       5.680000000000001E-006  2.000000000000000E-008
   3.26071872000000       0.000000000000000E+000  0.000000000000000E+000
  0.120000000000000       0.000000000000000E+000  0.000000000000000E+000
  0.105125160000000       0.000000000000000E+000  0.000000000000000E+000
  6.946344000000000E-002  0.000000000000000E+000  0.000000000000000E+000
  0.000000000000000E+000  0.000000000000000E+000  0.000000000000000E+000
  0.000000000000000E+000  0.000000000000000E+000  0.000000000000000E+000
  0.000000000000000E+000  0.000000000000000E+000  0.000000000000000E+000
  0.000000000000000E+000  0.000000000000000E+000  0.000000000000000E+000
  0.000000000000000E+000  0.000000000000000E+000  0.000000000000000E+000
  0.000000000000000E+000  0.000000000000000E+000  0.000000000000000E+000
  0.000000000000000E+000  0.000000000000000E+000  0.000000000000000E+000
  2.160000000000000E-006  0.000000000000000E+000  0.000000000000000E+000
  5.001239999999999E-002  1.056000000000000E-005  0.000000000000000E+000
  0.526572600000000       2.249660000000001E-003  3.600000000000000E-006
  0.000000000000000E+000  0.000000000000000E+000  0.000000000000000E+000
  0.000000000000000E+000  0.000000000000000E+000  0.000000000000000E+000
  0.000000000000000E+000  0.000000000000000E+000  0.000000000000000E+000
  0.000000000000000E+000  0.000000000000000E+000  0.000000000000000E+000
  0.000000000000000E+000  0.000000000000000E+000  0.000000000000000E+000
  0.000000000000000E+000  0.000000000000000E+000  0.000000000000000E+000
  0.000000000000000E+000  0.000000000000000E+000  0.000000000000000E+000
  1.771848000000000E-002  5.040000000000000E-006  0.000000000000000E+000
   1.05238308000000       9.323620000000001E-003  2.580000000000000E-006
  7.053600000000000E-004  0.000000000000000E+000  0.000000000000000E+000
  0.000000000000000E+000  0.000000000000000E+000  0.000000000000000E+000
  0.000000000000000E+000  0.000000000000000E+000  0.000000000000000E+000
  0.000000000000000E+000  0.000000000000000E+000  0.000000000000000E+000
  0.000000000000000E+000  0.000000000000000E+000  0.000000000000000E+000
  0.000000000000000E+000  0.000000000000000E+000  0.000000000000000E+000
  0.000000000000000E+000  0.000000000000000E+000  0.000000000000000E+000
  4.055520000000000E-003  0.000000000000000E+000  0.000000000000000E+000
   1.65254304000000       2.317472000000000E-002  7.219999999999999E-006
  8.564159999999999E-003  0.000000000000000E+000  0.000000000000000E+000
  5.231999999999999E-005  0.000000000000000E+000  0.000000000000000E+000
  0.000000000000000E+000  0.000000000000000E+000  0.000000000000000E+000
  0.000000000000000E+000  0.000000000000000E+000  0.000000000000000E+000
  0.000000000000000E+000  0.000000000000000E+000  0.000000000000000E+000
  0.000000000000000E+000  0.000000000000000E+000  0.000000000000000E+000
  0.000000000000000E+000  0.000000000000000E+000  0.000000000000000E+000
  1.351200000000000E-004  0.000000000000000E+000  0.000000000000000E+000
  0.422278560000000       6.980999999999998E-004  0.000000000000000E+000
   1.30099260000000       5.590619999999999E-003  4.000000000000000E-008
  1.019184000000000E-002  0.000000000000000E+000  0.000000000000000E+000
  0.000000000000000E+000  0.000000000000000E+000  0.000000000000000E+000
  3.072000000000000E-005  0.000000000000000E+000  0.000000000000000E+000
  0.000000000000000E+000  0.000000000000000E+000  0.000000000000000E+000
  1.307280000000000E-003  0.000000000000000E+000  0.000000000000000E+000
  8.760000000000001E-006  0.000000000000000E+000  0.000000000000000E+000
  3.737880000000000E-003  0.000000000000000E+000  0.000000000000000E+000
  0.275971800000000       4.911399999999999E-004  0.000000000000000E+000
   10.5505796400000       0.379074180000000       6.920000000000000E-006
  0.202568640000000       0.000000000000000E+000  0.000000000000000E+000
  0.000000000000000E+000  0.000000000000000E+000  0.000000000000000E+000
  0.000000000000000E+000  0.000000000000000E+000  0.000000000000000E+000
  6.116987999999999E-002  3.706600000000000E-004  0.000000000000000E+000
  7.332720000000000E-003  0.000000000000000E+000  0.000000000000000E+000
  6.775116000000000E-002  0.000000000000000E+000  0.000000000000000E+000
  0.145127520000000       1.676100000000000E-003  0.000000000000000E+000
  0.742354200000000       1.842980000000000E-003  0.000000000000000E+000
   9.36748092000000       0.123578000000000       0.000000000000000E+000
   6.60318996000000       1.574346000000000E-002  0.000000000000000E+000
  0.120225480000000       0.000000000000000E+000  0.000000000000000E+000
  0.000000000000000E+000  0.000000000000000E+000  0.000000000000000E+000
  0.000000000000000E+000  0.000000000000000E+000  0.000000000000000E+000
   1.57972356000000       7.276640000000000E-003  0.000000000000000E+000
   1.85142036000000       7.228000000000000E-003  0.000000000000000E+000
   3.33755256000000       8.554040000000001E-003  0.000000000000000E+000
   4.42460568000000       2.325120000000000E-002  0.000000000000000E+000
   11.4025700400000       4.975230000000000E-002  1.700000000000000E-006
   20.4494268000000       6.985071999999999E-002  0.000000000000000E+000
   4.14570876000000       0.000000000000000E+000  0.000000000000000E+000
  2.513832000000000E-002  0.000000000000000E+000  0.000000000000000E+000
  0.000000000000000E+000  0.000000000000000E+000  0.000000000000000E+000
  0.000000000000000E+000  0.000000000000000E+000  0.000000000000000E+000
   9.16855164000000       1.623720000000000E-003  0.000000000000000E+000
   10.2414673200000       2.309820000000000E-003  0.000000000000000E+000
   11.0094457200000       8.427600000000000E-004  0.000000000000000E+000
   16.4734478400000       2.646482000000000E-002  0.000000000000000E+000
   18.0393610800000       8.594980000000000E-003  0.000000000000000E+000
   19.3929152400000       0.000000000000000E+000  0.000000000000000E+000
   3.22815612000000       0.000000000000000E+000  0.000000000000000E+000
  7.883820000000000E-002  0.000000000000000E+000  0.000000000000000E+000
  0.000000000000000E+000  0.000000000000000E+000  0.000000000000000E+000
  0.000000000000000E+000  0.000000000000000E+000  0.000000000000000E+000
   12.6554523600000       0.000000000000000E+000  0.000000000000000E+000
   12.6206547600000       0.000000000000000E+000  0.000000000000000E+000
   13.3995618000000       5.351199999999999E-004  0.000000000000000E+000
   14.2924430400000       2.760000000000000E-006  0.000000000000000E+000
   18.1380100800000       0.000000000000000E+000  0.000000000000000E+000
   15.2316717600000       6.000000000000001E-008  6.000000000000001E-008
   2.31918348000000       0.000000000000000E+000  0.000000000000000E+000
  0.120000000000000       0.000000000000000E+000  0.000000000000000E+000
  0.114908640000000       0.000000000000000E+000  0.000000000000000E+000
  0.000000000000000E+000  0.000000000000000E+000  0.000000000000000E+000
  0.000000000000000E+000  0.000000000000000E+000  0.000000000000000E+000
  0.000000000000000E+000  0.000000000000000E+000  0.000000000000000E+000
  0.000000000000000E+000  0.000000000000000E+000  0.000000000000000E+000
  0.000000000000000E+000  0.000000000000000E+000  0.000000000000000E+000
  0.000000000000000E+000  0.000000000000000E+000  0.000000000000000E+000
  0.000000000000000E+000  0.000000000000000E+000  0.000000000000000E+000
  0.000000000000000E+000  0.000000000000000E+000  0.000000000000000E+000
  8.256000000000000E-005  0.000000000000000E+000  0.000000000000000E+000
  4.977900000000001E-002  1.040000000000000E-005  0.000000000000000E+000
  0.510072360000000       2.269700000000000E-003  6.400000000000000E-007
  0.000000000000000E+000  0.000000000000000E+000  0.000000000000000E+000
  0.000000000000000E+000  0.000000000000000E+000  0.000000000000000E+000
  0.000000000000000E+000  0.000000000000000E+000  0.000000000000000E+000
  0.000000000000000E+000  0.000000000000000E+000  0.000000000000000E+000
  0.000000000000000E+000  0.000000000000000E+000  0.000000000000000E+000
  0.000000000000000E+000  0.000000000000000E+000  0.000000000000000E+000
  0.000000000000000E+000  0.000000000000000E+000  0.000000000000000E+000
  1.823856000000000E-002  0.000000000000000E+000  0.000000000000000E+000
   1.05210288000000       9.337919999999998E-003  9.600000000000001E-007
  3.006000000000000E-003  0.000000000000000E+000  0.000000000000000E+000
  0.000000000000000E+000  0.000000000000000E+000  0.000000000000000E+000
  0.000000000000000E+000  0.000000000000000E+000  0.000000000000000E+000
  0.000000000000000E+000  0.000000000000000E+000  0.000000000000000E+000
  0.000000000000000E+000  0.000000000000000E+000  0.000000000000000E+000
  0.000000000000000E+000  0.000000000000000E+000  0.000000000000000E+000
  0.000000000000000E+000  0.000000000000000E+000  0.000000000000000E+000
  2.253120000000000E-003  0.000000000000000E+000  0.000000000000000E+000
   1.53800928000000       1.971126000000000E-002  4.800000000000001E-007
  1.582440000000000E-003  0.000000000000000E+000  0.000000000000000E+000
  0.000000000000000E+000  0.000000000000000E+000  0.000000000000000E+000
  0.000000000000000E+000  0.000000000000000E+000  0.000000000000000E+000
  0.000000000000000E+000  0.000000000000000E+000  0.000000000000000E+000
  0.000000000000000E+000  0.000000000000000E+000  0.000000000000000E+000
  0.000000000000000E+000  0.000000000000000E+000  0.000000000000000E+000
  0.000000000000000E+000  0.000000000000000E+000  0.000000000000000E+000
  4.883999999999999E-004  0.000000000000000E+000  0.000000000000000E+000
  0.389392200000000       1.442020000000000E-003  0.000000000000000E+000
   1.36077060000000       8.221520000000001E-003  0.000000000000000E+000
  2.011200000000000E-004  0.000000000000000E+000  0.000000000000000E+000
  0.000000000000000E+000  0.000000000000000E+000  0.000000000000000E+000
  0.000000000000000E+000  0.000000000000000E+000  0.000000000000000E+000
  4.536000000000000E-005  0.000000000000000E+000  0.000000000000000E+000
  0.000000000000000E+000  0.000000000000000E+000  0.000000000000000E+000
  7.923600000000000E-004  0.000000000000000E+000  0.000000000000000E+000
  9.372000000000000E-005  0.000000000000000E+000  0.000000000000000E+000
  0.222578520000000       3.056800000000000E-004  0.000000000000000E+000
   10.6309941600000       0.339921880000000       1.000000000000000E-007
  8.289455999999999E-002  0.000000000000000E+000  0.000000000000000E+000
  0.000000000000000E+000  0.000000000000000E+000  0.000000000000000E+000
  0.000000000000000E+000  0.000000000000000E+000  0.000000000000000E+000
  2.674872000000000E-002  0.000000000000000E+000  0.000000000000000E+000
  2.651196000000000E-002  0.000000000000000E+000  0.000000000000000E+000
  2.874708000000000E-002  0.000000000000000E+000  0.000000000000000E+000
  0.191882400000000       7.820199999999999E-004  0.000000000000000E+000
  0.702688560000000       2.225720000000000E-003  0.000000000000000E+000
   10.0059836400000       0.154729360000000       0.000000000000000E+000
   5.80496580000000       1.203546000000000E-002  0.000000000000000E+000
  0.118717320000000       0.000000000000000E+000  0.000000000000000E+000
  0.000000000000000E+000  0.000000000000000E+000  0.000000000000000E+000
  0.120000000000000       0.000000000000000E+000  0.000000000000000E+000
   2.04692796000000       1.618860000000000E-003  0.000000000000000E+000
   1.88192976000000       2.115900000000000E-003  0.000000000000000E+000
   2.17987236000000       6.086480000000001E-003  0.000000000000000E+000
   4.70153748000000       1.086338000000000E-002  0.000000000000000E+000
   12.3730707600000       3.649832000000000E-002  0.000000000000000E+000
   21.9056997600000       6.069682000000001E-002  0.000000000000000E+000
   4.87670004000000       0.000000000000000E+000  0.000000000000000E+000
  0.120000000000000       0.000000000000000E+000  0.000000000000000E+000
  0.000000000000000E+000  0.000000000000000E+000  0.000000000000000E+000
  0.000000000000000E+000  0.000000000000000E+000  0.000000000000000E+000
   9.82060320000000       4.292120000000000E-003  0.000000000000000E+000
   10.4637764400000       5.673399999999999E-004  0.000000000000000E+000
   10.5980800800000       4.871260000000000E-003  0.000000000000000E+000
   14.2805413200000       2.400000000000000E-007  0.000000000000000E+000
   18.8481385200000       1.138582000000000E-002  0.000000000000000E+000
   16.9434231600000       1.182482000000000E-002  0.000000000000000E+000
   3.86540220000000       0.000000000000000E+000  0.000000000000000E+000
  0.233603400000000       0.000000000000000E+000  0.000000000000000E+000
  0.228087120000000       0.000000000000000E+000  0.000000000000000E+000
  0.000000000000000E+000  0.000000000000000E+000  0.000000000000000E+000
   13.8337748400000       0.000000000000000E+000  0.000000000000000E+000
   12.7522954800000       0.000000000000000E+000  0.000000000000000E+000
   13.9842225600000       0.000000000000000E+000  0.000000000000000E+000
   15.9276552000000       5.066000000000000E-005  0.000000000000000E+000
   17.9742298800000       0.000000000000000E+000  0.000000000000000E+000
   14.4522632400000       4.940000000000000E-006  0.000000000000000E+000
   2.98594716000000       0.000000000000000E+000  0.000000000000000E+000
  0.000000000000000E+000  0.000000000000000E+000  0.000000000000000E+000
  2.820048000000000E-002  0.000000000000000E+000  0.000000000000000E+000
  9.947519999999999E-002  0.000000000000000E+000  0.000000000000000E+000
  0.000000000000000E+000  0.000000000000000E+000  0.000000000000000E+000
  0.000000000000000E+000  0.000000000000000E+000  0.000000000000000E+000
  0.000000000000000E+000  0.000000000000000E+000  0.000000000000000E+000
  0.000000000000000E+000  0.000000000000000E+000  0.000000000000000E+000
  0.000000000000000E+000  0.000000000000000E+000  0.000000000000000E+000
  0.000000000000000E+000  0.000000000000000E+000  0.000000000000000E+000
  0.000000000000000E+000  0.000000000000000E+000  0.000000000000000E+000
  6.000000000000000E-006  0.000000000000000E+000  0.000000000000000E+000
  5.134908000000001E-002  1.420000000000000E-005  0.000000000000000E+000
  0.525263880000000       2.324920000000001E-003  5.559999999999999E-006
  0.000000000000000E+000  0.000000000000000E+000  0.000000000000000E+000
  0.000000000000000E+000  0.000000000000000E+000  0.000000000000000E+000
  0.000000000000000E+000  0.000000000000000E+000  0.000000000000000E+000
  0.000000000000000E+000  0.000000000000000E+000  0.000000000000000E+000
  0.000000000000000E+000  0.000000000000000E+000  0.000000000000000E+000
  0.000000000000000E+000  0.000000000000000E+000  0.000000000000000E+000
  0.000000000000000E+000  0.000000000000000E+000  0.000000000000000E+000
  2.289540000000000E-002  1.862000000000000E-005  0.000000000000000E+000
  0.971642760000000       6.835420000000001E-003  5.000000000000000E-007
  1.958880000000000E-003  0.000000000000000E+000  0.000000000000000E+000
  0.000000000000000E+000  0.000000000000000E+000  0.000000000000000E+000
  0.000000000000000E+000  0.000000000000000E+000  0.000000000000000E+000
  0.000000000000000E+000  0.000000000000000E+000  0.000000000000000E+000
  0.000000000000000E+000  0.000000000000000E+000  0.000000000000000E+000
  0.000000000000000E+000  0.000000000000000E+000  0.000000000000000E+000
  0.000000000000000E+000  0.000000000000000E+000  0.000000000000000E+000
  1.191960000000000E-003  0.000000000000000E+000  0.000000000000000E+000
   1.60563660000000       2.041584000000000E-002  1.480000000000000E-006
  1.242864000000000E-002  0.000000000000000E+000  0.000000000000000E+000
  0.000000000000000E+000  0.000000000000000E+000  0.000000000000000E+000
  0.000000000000000E+000  0.000000000000000E+000  0.000000000000000E+000
  0.000000000000000E+000  0.000000000000000E+000  0.000000000000000E+000
  0.000000000000000E+000  0.000000000000000E+000  0.000000000000000E+000
  0.000000000000000E+000  0.000000000000000E+000  0.000000000000000E+000
  0.000000000000000E+000  0.000000000000000E+000  0.000000000000000E+000
  1.339560000000000E-003  0.000000000000000E+000  0.000000000000000E+000
  0.504088200000000       2.625860000000000E-003  0.000000000000000E+000
   1.36972704000000       1.104464000000000E-002  1.200000000000000E-007
  0.119538360000000       0.000000000000000E+000  0.000000000000000E+000
  0.000000000000000E+000  0.000000000000000E+000  0.000000000000000E+000
  0.000000000000000E+000  0.000000000000000E+000  0.000000000000000E+000
  0.000000000000000E+000  0.000000000000000E+000  0.000000000000000E+000
  0.000000000000000E+000  0.000000000000000E+000  0.000000000000000E+000
  0.000000000000000E+000  0.000000000000000E+000  0.000000000000000E+000
  7.713960000000000E-003  0.000000000000000E+000  0.000000000000000E+000
  0.307381440000000       6.865200000000000E-004  0.000000000000000E+000
   10.2096705600000       0.321149740000000       8.640000000000000E-006
  0.178726800000000       0.000000000000000E+000  0.000000000000000E+000
  0.119945160000000       0.000000000000000E+000  0.000000000000000E+000
  0.000000000000000E+000  0.000000000000000E+000  0.000000000000000E+000
  2.527607999999999E-002  0.000000000000000E+000  0.000000000000000E+000
  4.569108000000000E-002  0.000000000000000E+000  0.000000000000000E+000
  9.211776000000002E-002  0.000000000000000E+000  0.000000000000000E+000
  0.122494320000000       0.000000000000000E+000  0.000000000000000E+000
  0.745282440000000       5.134800000000001E-004  0.000000000000000E+000
   10.3076896800000       0.145900600000000       1.448000000000000E-005
   5.32577724000000       2.240500000000000E-002  0.000000000000000E+000
  0.109478640000000       0.000000000000000E+000  0.000000000000000E+000
  0.000000000000000E+000  0.000000000000000E+000  0.000000000000000E+000
  0.000000000000000E+000  0.000000000000000E+000  0.000000000000000E+000
   2.03717388000000       7.907619999999997E-003  0.000000000000000E+000
   2.22091584000000       2.011680000000000E-003  0.000000000000000E+000
   2.78749944000000       3.295000000000000E-004  0.000000000000000E+000
   4.77408132000000       1.848884000000000E-002  0.000000000000000E+000
   12.1384876800000       3.902343999999999E-002  0.000000000000000E+000
   21.7294564800000       1.665018000000000E-002  0.000000000000000E+000
   4.15980780000000       0.000000000000000E+000  0.000000000000000E+000
  0.241108080000000       0.000000000000000E+000  0.000000000000000E+000
  0.000000000000000E+000  0.000000000000000E+000  0.000000000000000E+000
  0.000000000000000E+000  0.000000000000000E+000  0.000000000000000E+000
   10.4153792400000       1.098100000000000E-003  0.000000000000000E+000
   9.25765764000000       6.832000000000001E-005  0.000000000000000E+000
   10.8261610800000       5.863119999999999E-003  0.000000000000000E+000
   12.9102997200000       9.526659999999999E-003  0.000000000000000E+000
   18.6838953600000       2.772076000000000E-002  0.000000000000000E+000
   17.7223340400000       5.717399999999999E-004  0.000000000000000E+000
   4.70709780000000       0.000000000000000E+000  0.000000000000000E+000
  0.119995920000000       0.000000000000000E+000  0.000000000000000E+000
  3.619284000000000E-002  0.000000000000000E+000  0.000000000000000E+000
  5.879963999999999E-002  0.000000000000000E+000  0.000000000000000E+000
   14.9614256400000       1.599720000000000E-003  0.000000000000000E+000
   15.9217497600000       0.000000000000000E+000  0.000000000000000E+000
   13.3572358800000       0.000000000000000E+000  0.000000000000000E+000
   15.5949777600000       0.000000000000000E+000  0.000000000000000E+000
   16.8172537200000       0.000000000000000E+000  0.000000000000000E+000
   13.8491654400000       0.000000000000000E+000  0.000000000000000E+000
   3.00162012000000       0.000000000000000E+000  0.000000000000000E+000
  0.256853880000000       0.000000000000000E+000  0.000000000000000E+000
  6.421404000000000E-002  0.000000000000000E+000  0.000000000000000E+000
  0.111080880000000       0.000000000000000E+000  0.000000000000000E+000
  0.000000000000000E+000  0.000000000000000E+000  0.000000000000000E+000
  0.000000000000000E+000  0.000000000000000E+000  0.000000000000000E+000
  0.000000000000000E+000  0.000000000000000E+000  0.000000000000000E+000
  0.000000000000000E+000  0.000000000000000E+000  0.000000000000000E+000
  0.000000000000000E+000  0.000000000000000E+000  0.000000000000000E+000
  0.000000000000000E+000  0.000000000000000E+000  0.000000000000000E+000
  0.000000000000000E+000  0.000000000000000E+000  0.000000000000000E+000
  2.819999999999999E-005  0.000000000000000E+000  0.000000000000000E+000
  4.749024000000000E-002  5.320000000000000E-006  0.000000000000000E+000
  0.506040480000000       2.424500000000000E-003  3.600000000000000E-007
  0.000000000000000E+000  0.000000000000000E+000  0.000000000000000E+000
  0.000000000000000E+000  0.000000000000000E+000  0.000000000000000E+000
  0.000000000000000E+000  0.000000000000000E+000  0.000000000000000E+000
  0.000000000000000E+000  0.000000000000000E+000  0.000000000000000E+000
  0.000000000000000E+000  0.000000000000000E+000  0.000000000000000E+000
  0.000000000000000E+000  0.000000000000000E+000  0.000000000000000E+000
  0.000000000000000E+000  0.000000000000000E+000  0.000000000000000E+000
  2.014512000000000E-002  0.000000000000000E+000  0.000000000000000E+000
   1.01952132000000       7.968979999999999E-003  4.600000000000000E-007
  2.220000000000000E-005  0.000000000000000E+000  0.000000000000000E+000
  0.000000000000000E+000  0.000000000000000E+000  0.000000000000000E+000
  0.000000000000000E+000  0.000000000000000E+000  0.000000000000000E+000
  0.000000000000000E+000  0.000000000000000E+000  0.000000000000000E+000
  0.000000000000000E+000  0.000000000000000E+000  0.000000000000000E+000
  0.000000000000000E+000  0.000000000000000E+000  0.000000000000000E+000
  0.000000000000000E+000  0.000000000000000E+000  0.000000000000000E+000
  1.812120000000000E-003  0.000000000000000E+000  0.000000000000000E+000
   1.63378260000000       2.220808000000000E-002  9.440000000000001E-006
  9.330240000000000E-003  0.000000000000000E+000  0.000000000000000E+000
  1.703760000000000E-003  0.000000000000000E+000  0.000000000000000E+000
  0.000000000000000E+000  0.000000000000000E+000  0.000000000000000E+000
  0.000000000000000E+000  0.000000000000000E+000  0.000000000000000E+000
  0.000000000000000E+000  0.000000000000000E+000  0.000000000000000E+000
  0.000000000000000E+000  0.000000000000000E+000  0.000000000000000E+000
  0.000000000000000E+000  0.000000000000000E+000  0.000000000000000E+000
  1.723200000000000E-004  0.000000000000000E+000  0.000000000000000E+000
  0.422012040000000       1.265900000000000E-003  0.000000000000000E+000
   1.34270244000000       9.173360000000002E-003  0.000000000000000E+000
  0.000000000000000E+000  0.000000000000000E+000  0.000000000000000E+000
  0.000000000000000E+000  0.000000000000000E+000  0.000000000000000E+000
  0.000000000000000E+000  0.000000000000000E+000  0.000000000000000E+000
  7.020000000000000E-005  0.000000000000000E+000  0.000000000000000E+000
  0.000000000000000E+000  0.000000000000000E+000  0.000000000000000E+000
  2.362800000000000E-004  0.000000000000000E+000  0.000000000000000E+000
  9.196440000000002E-003  0.000000000000000E+000  0.000000000000000E+000
  0.245880240000000       1.138180000000000E-003  0.000000000000000E+000
   10.3507711200000       0.326895220000000       9.200000000000000E-007
  0.179076000000000       0.000000000000000E+000  0.000000000000000E+000
  0.000000000000000E+000  0.000000000000000E+000  0.000000000000000E+000
  6.084480000000000E-003  0.000000000000000E+000  0.000000000000000E+000
  2.086260000000000E-002  0.000000000000000E+000  0.000000000000000E+000
  5.060016000000000E-002  0.000000000000000E+000  0.000000000000000E+000
  5.223720000000000E-002  0.000000000000000E+000  0.000000000000000E+000
  0.109258440000000       0.000000000000000E+000  0.000000000000000E+000
  0.600853680000000       1.566680000000000E-003  0.000000000000000E+000
   9.10295232000000       9.608170000000001E-002  6.400000000000000E-007
   5.93244528000000       4.532860000000001E-003  0.000000000000000E+000
  1.166436000000000E-002  0.000000000000000E+000  0.000000000000000E+000
  0.000000000000000E+000  0.000000000000000E+000  0.000000000000000E+000
  0.000000000000000E+000  0.000000000000000E+000  0.000000000000000E+000
   1.73866044000000       5.748120000000000E-003  0.000000000000000E+000
   1.70826288000000       2.037300000000000E-003  0.000000000000000E+000
   1.97766660000000       1.380280000000000E-003  0.000000000000000E+000
   5.21431968000000       3.727260000000000E-003  0.000000000000000E+000
   12.0411320400000       5.161959999999999E-002  0.000000000000000E+000
   18.5256481200000       3.659818000000001E-002  0.000000000000000E+000
   4.09831992000000       0.000000000000000E+000  0.000000000000000E+000
  0.000000000000000E+000  0.000000000000000E+000  0.000000000000000E+000
  0.000000000000000E+000  0.000000000000000E+000  0.000000000000000E+000
  0.155023920000000       0.000000000000000E+000  0.000000000000000E+000
   10.4512634400000       2.964400000000000E-003  0.000000000000000E+000
   9.98606568000000       4.959660000000001E-003  0.000000000000000E+000
   11.2189256400000       1.220212000000000E-002  0.000000000000000E+000
   13.2199423200000       2.008592000000000E-002  0.000000000000000E+000
   17.8836361200000       8.287099999999999E-003  0.000000000000000E+000
   18.4126734000000       4.045480000000001E-003  0.000000000000000E+000
   4.02252504000000       0.000000000000000E+000  0.000000000000000E+000
  0.000000000000000E+000  0.000000000000000E+000  0.000000000000000E+000
  2.356128000000000E-002  0.000000000000000E+000  0.000000000000000E+000
  0.102385320000000       0.000000000000000E+000  0.000000000000000E+000
   13.2532951200000       2.276960000000000E-003  0.000000000000000E+000
   12.5796838800000       1.853040000000000E-003  0.000000000000000E+000
   13.9528104000000       0.000000000000000E+000  0.000000000000000E+000
   17.7647739600000       5.011020000000001E-003  0.000000000000000E+000
   18.4918080000000       1.840000000000000E-006  0.000000000000000E+000
   17.3091352800000       0.000000000000000E+000  0.000000000000000E+000
   3.15753840000000       0.000000000000000E+000  0.000000000000000E+000
  0.130431360000000       0.000000000000000E+000  0.000000000000000E+000
  0.000000000000000E+000  0.000000000000000E+000  0.000000000000000E+000
  5.387256000000001E-002  0.000000000000000E+000  0.000000000000000E+000
  0.000000000000000E+000  0.000000000000000E+000  0.000000000000000E+000
  0.000000000000000E+000  0.000000000000000E+000  0.000000000000000E+000
  0.000000000000000E+000  0.000000000000000E+000  0.000000000000000E+000
  0.000000000000000E+000  0.000000000000000E+000  0.000000000000000E+000
  0.000000000000000E+000  0.000000000000000E+000  0.000000000000000E+000
  0.000000000000000E+000  0.000000000000000E+000  0.000000000000000E+000
  0.000000000000000E+000  0.000000000000000E+000  0.000000000000000E+000
  6.504000000000000E-005  0.000000000000000E+000  0.000000000000000E+000
  5.323320000000000E-002  1.276000000000000E-005  0.000000000000000E+000
  0.480399480000000       2.001080000000001E-003  6.599999999999999E-007
  0.000000000000000E+000  0.000000000000000E+000  0.000000000000000E+000
  0.000000000000000E+000  0.000000000000000E+000  0.000000000000000E+000
  0.000000000000000E+000  0.000000000000000E+000  0.000000000000000E+000
  0.000000000000000E+000  0.000000000000000E+000  0.000000000000000E+000
  0.000000000000000E+000  0.000000000000000E+000  0.000000000000000E+000
  0.000000000000000E+000  0.000000000000000E+000  0.000000000000000E+000
  0.000000000000000E+000  0.000000000000000E+000  0.000000000000000E+000
  1.762428000000000E-002  1.528000000000000E-005  0.000000000000000E+000
   1.03614480000000       9.673859999999999E-003  7.320000000000000E-006
  6.600000000000000E-006  0.000000000000000E+000  0.000000000000000E+000
  0.000000000000000E+000  0.000000000000000E+000  0.000000000000000E+000
  0.000000000000000E+000  0.000000000000000E+000  0.000000000000000E+000
  0.000000000000000E+000  0.000000000000000E+000  0.000000000000000E+000
  0.000000000000000E+000  0.000000000000000E+000  0.000000000000000E+000
  0.000000000000000E+000  0.000000000000000E+000  0.000000000000000E+000
  0.000000000000000E+000  0.000000000000000E+000  0.000000000000000E+000
  2.211480000000000E-003  0.000000000000000E+000  0.000000000000000E+000
   1.61861856000000       2.233638000000000E-002  1.360000000000000E-006
  1.624392000000000E-002  0.000000000000000E+000  0.000000000000000E+000
  0.000000000000000E+000  0.000000000000000E+000  0.000000000000000E+000
  0.000000000000000E+000  0.000000000000000E+000  0.000000000000000E+000
  0.000000000000000E+000  0.000000000000000E+000  0.000000000000000E+000
  0.000000000000000E+000  0.000000000000000E+000  0.000000000000000E+000
  0.000000000000000E+000  0.000000000000000E+000  0.000000000000000E+000
  0.000000000000000E+000  0.000000000000000E+000  0.000000000000000E+000
  1.444920000000000E-003  0.000000000000000E+000  0.000000000000000E+000
  0.451490640000000       1.424820000000000E-003  0.000000000000000E+000
   1.32444744000000       5.727420000000000E-003  0.000000000000000E+000
  1.800000000000000E-006  0.000000000000000E+000  0.000000000000000E+000
  9.495912000000001E-002  0.000000000000000E+000  0.000000000000000E+000
  9.900000000000001E-005  0.000000000000000E+000  0.000000000000000E+000
  1.480800000000000E-004  0.000000000000000E+000  0.000000000000000E+000
  0.000000000000000E+000  0.000000000000000E+000  0.000000000000000E+000
  0.000000000000000E+000  0.000000000000000E+000  0.000000000000000E+000
  5.599199999999999E-003  0.000000000000000E+000  0.000000000000000E+000
  0.268465200000000       3.161999999999999E-004  0.000000000000000E+000
   10.2367428000000       0.320450760000000       4.940000000000000E-006
  1.499040000000000E-002  0.000000000000000E+000  0.000000000000000E+000
  0.000000000000000E+000  0.000000000000000E+000  0.000000000000000E+000
  0.000000000000000E+000  0.000000000000000E+000  0.000000000000000E+000
  3.040739999999999E-002  0.000000000000000E+000  0.000000000000000E+000
  3.707808000000000E-002  0.000000000000000E+000  0.000000000000000E+000
  5.600640000000000E-003  0.000000000000000E+000  0.000000000000000E+000
  0.125671080000000       0.000000000000000E+000  0.000000000000000E+000
  0.721220520000000       4.843000000000000E-004  0.000000000000000E+000
   9.46412916000000       0.135936800000000       0.000000000000000E+000
   6.30475236000000       2.415820000000000E-003  0.000000000000000E+000
  0.238019160000000       0.000000000000000E+000  0.000000000000000E+000
  0.000000000000000E+000  0.000000000000000E+000  0.000000000000000E+000
  0.000000000000000E+000  0.000000000000000E+000  0.000000000000000E+000
   1.65737496000000       1.554660000000000E-003  0.000000000000000E+000
   2.34133260000000       2.958520000000000E-003  0.000000000000000E+000
   2.86833516000000       4.173040000000000E-003  0.000000000000000E+000
   3.90373932000000       7.810559999999999E-003  0.000000000000000E+000
   12.3844501200000       2.605880000000000E-002  0.000000000000000E+000
   19.1742656400000       4.118582000000000E-002  0.000000000000000E+000
   3.93254436000000       0.000000000000000E+000  0.000000000000000E+000
  0.119997720000000       0.000000000000000E+000  0.000000000000000E+000
  0.000000000000000E+000  0.000000000000000E+000  0.000000000000000E+000
  0.000000000000000E+000  0.000000000000000E+000  0.000000000000000E+000
   10.9608001200000       6.099440000000000E-003  0.000000000000000E+000
   10.9713462000000       1.087506000000000E-002  0.000000000000000E+000
   12.5642844000000       6.094580000000000E-003  0.000000000000000E+000
   16.0120466400000       1.098950000000000E-002  0.000000000000000E+000
   18.5126132400000       7.200940000000000E-003  0.000000000000000E+000
   17.6286988800000       3.714420000000000E-003  0.000000000000000E+000
   3.47476896000000       0.000000000000000E+000  0.000000000000000E+000
  0.000000000000000E+000  0.000000000000000E+000  0.000000000000000E+000
  8.255760000000001E-002  0.000000000000000E+000  0.000000000000000E+000
  2.771748000000000E-002  0.000000000000000E+000  0.000000000000000E+000
   14.4339583200000       2.803500000000000E-003  0.000000000000000E+000
   12.4597101600000       0.000000000000000E+000  0.000000000000000E+000
   14.5923894000000       1.110050000000000E-002  0.000000000000000E+000
   16.5581847600000       0.000000000000000E+000  0.000000000000000E+000
   18.4309209600000       0.000000000000000E+000  0.000000000000000E+000
   14.6463970800000       7.493339999999999E-003  0.000000000000000E+000
   3.24698712000000       0.000000000000000E+000  0.000000000000000E+000
  0.239996400000000       0.000000000000000E+000  0.000000000000000E+000
  4.772280000000000E-003  0.000000000000000E+000  0.000000000000000E+000
  9.457248000000000E-002  0.000000000000000E+000  0.000000000000000E+000
