       0.1834E+00       0.4829E-01       0.4389E-04       0.4403E-04
       0.1721E+00       0.4798E-01       0.4196E-04       0.4126E-04
       0.1460E+00       0.4494E-01       0.3845E-04       0.3568E-04
       0.1190E+00       0.3975E-01       0.3417E-04       0.2957E-04
       0.8950E-01       0.3376E-01       0.3231E-04       0.2493E-04
       0.6482E-01       0.2783E-01       0.2820E-04       0.2120E-04
       0.4335E-01       0.2136E-01       0.2542E-04       0.1456E-04
       0.2748E-01       0.1537E-01       0.2121E-04       0.9792E-05
       0.1567E-01       0.9951E-02       0.1785E-04       0.6268E-05
       0.9014E-02       0.6055E-02       0.1223E-04       0.3909E-05
       0.4697E-02       0.3357E-02       0.9464E-05       0.2783E-05
       0.2485E-02       0.1853E-02       0.6223E-05       0.2476E-05
       0.1266E-02       0.9875E-03       0.3403E-05       0.1665E-05
       0.6882E-03       0.5267E-03       0.2598E-05       0.8883E-06
       0.3544E-03       0.2841E-03       0.1208E-05       0.6658E-06
       0.1826E+00       0.4839E-01       0.4427E-04       0.4437E-04
       0.1717E+00       0.4775E-01       0.4471E-04       0.4079E-04
       0.1459E+00       0.4488E-01       0.3506E-04       0.3413E-04
       0.1178E+00       0.3963E-01       0.3461E-04       0.2999E-04
       0.8933E-01       0.3402E-01       0.3100E-04       0.2396E-04
       0.6419E-01       0.2777E-01       0.2897E-04       0.1957E-04
       0.4392E-01       0.2154E-01       0.2787E-04       0.1525E-04
       0.2764E-01       0.1532E-01       0.2065E-04       0.1089E-04
       0.1620E-01       0.9842E-02       0.1661E-04       0.6868E-05
       0.8731E-02       0.6026E-02       0.1185E-04       0.4743E-05
       0.4597E-02       0.3309E-02       0.8207E-05       0.2848E-05
       0.2484E-02       0.1773E-02       0.5439E-05       0.1902E-05
       0.1287E-02       0.9886E-03       0.3905E-05       0.1639E-05
       0.7039E-03       0.5390E-03       0.2293E-05       0.1076E-05
       0.3758E-03       0.2912E-03       0.1850E-05       0.6417E-06
       0.1824E+00       0.4851E-01       0.4321E-04       0.4553E-04
       0.1718E+00       0.4835E-01       0.4337E-04       0.4272E-04
       0.1464E+00       0.4482E-01       0.3715E-04       0.3579E-04
       0.1172E+00       0.3986E-01       0.3397E-04       0.2889E-04
       0.8889E-01       0.3407E-01       0.3375E-04       0.2412E-04
       0.6479E-01       0.2781E-01       0.2931E-04       0.2016E-04
       0.4349E-01       0.2125E-01       0.2593E-04       0.1459E-04
       0.2785E-01       0.1527E-01       0.2128E-04       0.1017E-04
       0.1599E-01       0.9786E-02       0.1720E-04       0.5949E-05
       0.8906E-02       0.6062E-02       0.1152E-04       0.5071E-05
       0.4647E-02       0.3372E-02       0.8788E-05       0.2619E-05
       0.2313E-02       0.1838E-02       0.6122E-05       0.2336E-05
       0.1271E-02       0.1006E-02       0.4065E-05       0.8775E-06
       0.6839E-03       0.5286E-03       0.2453E-05       0.8483E-06
       0.3554E-03       0.2875E-03       0.1030E-05       0.8358E-06
