       0.8415E-01       0.1103E-01       0.1436E-04       0.1405E-04
       0.1002E+00       0.1140E-01       0.1597E-04       0.1633E-04
       0.1274E+00       0.1181E-01       0.2317E-04       0.1630E-04
       0.1470E+00       0.1267E-01       0.5350E-04       0.2007E-04
       0.1591E+00       0.1404E-01       0.1101E-03       0.2238E-04
       0.1676E+00       0.1565E-01       0.2266E-03       0.2992E-04
       0.1675E+00       0.1763E-01       0.4264E-03       0.4577E-04
       0.1588E+00       0.1904E-01       0.7017E-03       0.6118E-04
       0.1427E+00       0.2001E-01       0.1072E-02       0.7952E-04
       0.1204E+00       0.1933E-01       0.1363E-02       0.1092E-03
       0.9200E-01       0.1717E-01       0.1507E-02       0.1323E-03
       0.6488E-01       0.1372E-01       0.1402E-02       0.1388E-03
       0.4102E-01       0.9647E-02       0.1096E-02       0.1297E-03
       0.2431E-01       0.6315E-02       0.7408E-03       0.1088E-03
       0.1396E-01       0.3885E-02       0.4647E-03       0.8783E-04
       0.8503E-01       0.1099E-01       0.1467E-04       0.1531E-04
       0.1010E+00       0.1141E-01       0.1516E-04       0.1479E-04
       0.1270E+00       0.1174E-01       0.2432E-04       0.1525E-04
       0.1462E+00       0.1269E-01       0.4779E-04       0.1677E-04
       0.1594E+00       0.1396E-01       0.1122E-03       0.2494E-04
       0.1657E+00       0.1569E-01       0.2169E-03       0.3203E-04
       0.1678E+00       0.1762E-01       0.4233E-03       0.4265E-04
       0.1595E+00       0.1907E-01       0.7151E-03       0.5832E-04
       0.1429E+00       0.2000E-01       0.1068E-02       0.8131E-04
       0.1195E+00       0.1943E-01       0.1345E-02       0.1072E-03
       0.9121E-01       0.1707E-01       0.1489E-02       0.1327E-03
       0.6438E-01       0.1370E-01       0.1422E-02       0.1414E-03
       0.4071E-01       0.9566E-02       0.1083E-02       0.1320E-03
       0.2465E-01       0.6346E-02       0.7555E-03       0.1116E-03
       0.1399E-01       0.3902E-02       0.4623E-03       0.8371E-04
       0.8376E-01       0.1103E-01       0.1408E-04       0.1519E-04
       0.1008E+00       0.1146E-01       0.1511E-04       0.1488E-04
       0.1263E+00       0.1184E-01       0.2337E-04       0.1518E-04
       0.1472E+00       0.1264E-01       0.5406E-04       0.1765E-04
       0.1600E+00       0.1416E-01       0.1077E-03       0.2408E-04
       0.1674E+00       0.1570E-01       0.2269E-03       0.2993E-04
       0.1678E+00       0.1742E-01       0.4154E-03       0.4312E-04
       0.1598E+00       0.1908E-01       0.7145E-03       0.6094E-04
       0.1441E+00       0.1997E-01       0.1057E-02       0.8271E-04
       0.1198E+00       0.1937E-01       0.1367E-02       0.1059E-03
       0.9259E-01       0.1725E-01       0.1512E-02       0.1315E-03
       0.6382E-01       0.1357E-01       0.1417E-02       0.1406E-03
       0.4098E-01       0.9683E-02       0.1109E-02       0.1356E-03
       0.2497E-01       0.6350E-02       0.7546E-03       0.1151E-03
       0.1419E-01       0.3899E-02       0.4738E-03       0.8665E-04
