   18176.205367311333        1.1496062992125983E-007
  -91847.746435303197        3.1496062992125984E-009
  -87506.219417841916        6.2992125984251968E-009
  -88448.204471049874        7.8740157480314962E-009
  -90962.040686299704        0.0000000000000000     
   126064.20782323243        2.1417322834645670E-007
   412124.92225678987        4.9448818897637786E-007
   506807.66342546593        5.8740157480314962E-007
   2096064.2752265455        2.1700787401574801E-006
   1641771.8087001089        1.7212598425196852E-006
   2074297.8269961821        2.1480314960629921E-006
   1210294.1680178270        1.2803149606299211E-006
   377179.53416025941        4.5039370078740154E-007
   1005275.8147874670        1.0771653543307089E-006
   3493094.7461776952        3.5637795275590553E-006
   2620957.3014987013        2.6881889763779526E-006
   4028024.7499216213        4.0897637795275594E-006
   6632114.8780935723        6.6913385826771658E-006
   6226192.1959928731        6.2803149606299205E-006
   7925318.0088516362        7.9811023622047232E-006
   8598702.7787727546        8.6519685039370091E-006
   8863208.5598214585        8.9165354330708621E-006
   6163981.5885175653        6.2173228346456706E-006
   9493481.0999609008        9.5496062992125952E-006
   6419221.7102685757        6.4724409448818896E-006
   7783833.0452598212        7.8346456692913411E-006
   3547390.9420437068        3.5999999999999998E-006
   4800649.3008846762        4.8551181102362224E-006
   4930176.5777465086        4.9889763779527547E-006
   7946393.0458411705        8.0078740157480304E-006
   3111433.0032437090        3.1779527559055118E-006
   2949889.3038815926        3.0157480314960628E-006
   2395883.5699453009        2.4677165354330715E-006
   2223787.3970399606        2.2929133858267713E-006
   2804714.4926021439        2.8708661417322839E-006
   979192.36826008325        1.0503937007874016E-006
   1149554.5398765670        1.2236220472440944E-006
   1815913.3254342081        1.8866141732283465E-006
   1331327.2461173637        1.4015748031496064E-006
   212203.98351412406        2.8818897637795275E-007
   1657079.1734192981        1.7322834645669294E-006
   1196256.0713866581        1.2692913385826771E-006
   2773032.9477296080        2.8456692913385834E-006
   2427799.7756694616        2.4944881889763778E-006
   1211774.0950980468        1.2834645669291336E-006
   5459757.9010269511        5.5291338582677157E-006
   2677020.7801573039        2.7417322834645669E-006
   2896464.8686739667        2.9606299212598435E-006
   3560932.7966092010        3.6204724409448821E-006
   5083082.4786955342        5.1464566929133859E-006
   2739392.1337476326        2.8062992125984252E-006
   3475162.3072491111        3.5433070866141731E-006
   3058671.6613444192        3.1228346456692905E-006
   1893353.5872219137        1.9574803149606301E-006
   4220238.5392936347        4.2803149606299210E-006
   4826226.3680712683        4.8866141732283478E-006
   5726380.8411256438        5.7826771653543306E-006
   4447990.5511147073        4.5070866141732288E-006
   6982200.7386252629        7.0393700787401585E-006
   11226330.648025772        1.1278740157480312E-005
   5159729.2610915927        5.2141732283464584E-006
   4465324.9207994565        4.5228346456692910E-006
   9602878.2670327667        9.6566929133858254E-006
   6806864.4036184475        6.8582677165354326E-006
   7184784.0266418355        7.2346456692913409E-006
   6526412.0004814528        6.5779527559055140E-006
   7839411.6565683931        7.8866141732283462E-006
   11496845.003046736        1.1544881889763776E-005
   6519941.8314776383        6.5637795275590567E-006
   8936904.3154266961        8.9811023622047238E-006
   7888775.6669792784        7.9291338582677181E-006
   8881125.1443745401        8.9196850393700805E-006
   10408834.630005721        1.0450393700787401E-005
   10039420.736968189        1.0083464566929134E-005
   6670246.3885910278        6.7165354330708646E-006
   9021877.0403345320        9.0677165354330701E-006
   8676343.4159560874        8.7196850393700756E-006
   7944558.9144968502        7.9921259842519706E-006
   7543456.7489809347        7.5889763779527569E-006
   8602054.8403999899        8.6440944881889750E-006
   10117781.674438905        1.0163779527559059E-005
   10025375.764394859        1.0072440944881890E-005
   10507372.742190028        1.0557480314960630E-005
   8926567.3969542440        8.9763779527559115E-006
   6506403.7136256564        6.5574803149606309E-006
   5662759.7191657294        5.7165354330708665E-006
   5927865.9186518677        5.9858267716535437E-006
   4693298.6312743556        4.7543307086614171E-006
   5375344.1018113922        5.4330708661417320E-006
   7138378.7793837851        7.1952755905511823E-006
   4424587.9961807905        4.4866141732283474E-006
   5830892.3387198225        5.8944881889763774E-006
   4463980.6553510055        4.5228346456692919E-006
   5018619.1873179777        5.0787401574803152E-006
   4290698.7177385129        4.3496062992125984E-006
   5985362.3335060589        6.0472440944881895E-006
   1553690.7626595427        1.6125984251968504E-006
   4335567.8959765658        4.3937007874015770E-006
   5799793.8065429032        5.8551181102362205E-006
   6785286.7617589785        6.8440944881889753E-006
