   5.8399999999999999       0.95999999999999996     
   5.8599999995529650       0.94000000044703480     
   5.8718132543401946       0.93000000067055222     
   5.8849983391149010       0.94000000044703480     
   5.9049983386678662       0.92000000089406964     
   5.9149983384443487       0.91000000111758705     
   5.9349983379973139       0.89000000156462189     
   5.9449983377737965       0.87212024074822436     
   5.9609954095025275       0.85212024119525920     
   5.9409954099495623       0.86838315496303831     
   5.9609954095025275       0.84838315541007314     
   5.9709954092790101       0.83838315563359056     
   5.9509954097260449       0.84860426960082536     
   5.9609954095025275       0.83860426982434277     
   5.9709954092790101       0.82860427004786019     
   5.9909954088319752       0.80860427049489503     
   6.0109954083849404       0.78860427094192986     
   6.0210649396577489       0.77860427116544728     
   6.0316262715521551       0.75860427161248212     
   6.0179819649887207       0.77147458550868886     
   6.0003430034403307       0.76147458573220628     
   5.9903430036638481       0.77147458550868886     
   5.9703430041108829       0.76147458573220628     
   5.9601153319360680       0.77147458550868886     
   5.9801153314890332       0.75147458595572370     
   5.9901153312655158       0.74147458617924111     
   5.9722493365944054       0.76147458573220628     
   5.9853286383668696       0.77147458550868886     
   5.9753286385903870       0.79147458506165402     
   5.9953286381433522       0.80147458483813661     
   5.9776836193220504       0.82147458439110177     
   5.9976836188750156       0.83147458416758435     
   5.9824200267774161       0.85147458372054952     
   5.9637901377706664       0.84147458394406693     
   5.9737901375471489       0.82147458439110177     
   5.9862205491832894       0.84147458394406693     
   5.9710900059388115       0.85147458372054952     
   5.9610900061623289       0.83632510319247544     
   5.9510900063858463       0.82133370648099868     
   5.9310900068328811       0.84133370603396385     
   5.9210900070563985       0.83133370625748126     
   5.9010900075034334       0.81133370670451610     
   5.9110900072799160       0.80133370692803352     
   5.9310900068328811       0.78133370737506835     
   5.9110900072799160       0.80133370692803352     
   5.9310900068328811       0.78194483740623610     
   5.9210900070563985       0.76194483785327094     
   5.9110900072799160       0.75194483807678836     
   5.9310900068328811       0.73194483852382319     
   5.9152254863894482       0.74858252098798372     
   5.9038575520250394       0.75858252076446631     
   5.8938575522485568       0.76858252054094889     
   5.9105563817250664       0.75858252076446631     
   5.9231769883150358       0.76858252054094889     
   5.9131769885385532       0.74858252098798372     
   5.9331769880915184       0.76239276189392879     
   5.9131769885385532       0.74239276234096363     
   5.8974275651232997       0.75239276211744621     
   5.9084999802853000       0.73239276256448105     
   5.9184999800617826       0.71239276301151588     
   5.8984999805088174       0.73239276256448105     
   5.8884999807323348       0.74239276234096363     
   5.9084999802853000       0.72439879617683856     
   5.9284999798382652       0.70439879662387339     
   5.9184999800617826       0.69439879684739081     
   5.8984999805088174       0.71019276631887229     
   5.9184999800617826       0.69019276676590713     
   5.9084999802853000       0.70019276654238971     
   5.9284999798382652       0.68019276698942455     
   5.9384999796147477       0.69019276676590713     
   5.9548499229277638       0.67019276721294196     
   5.9679501927704521       0.66019276743645938     
   5.9491385077131342       0.68019276698942455     
   5.9391385079366517       0.69019276676590713     
   5.9291385081601691       0.70019276654238971     
   5.9396020229415365       0.71019276631887229     
   5.9196020233885713       0.69019276676590713     
   5.8996020238356062       0.71019276631887229     
   5.8796020242826410       0.70019276654238971     
   5.8992274676930752       0.68019276698942455     
   5.8792274681401100       0.70019276654238971     
   5.8692274683636274       0.71255592590914008     
   5.8492274688106622       0.72255592568562266     
   5.8392274690341797       0.71255592590914008     
   5.8192274694812145       0.72255592568562266     
   5.7992274699282493       0.74255592523858782     
   5.7813156582492535       0.76255592479155299     
   5.7913156580257361       0.77255592456803557     
   5.8013156578022187       0.76007141777258747     
   5.8113156575787013       0.75007141799610488     
   5.7921129314293109       0.77007141754907005     
   5.7738792972199962       0.78007141732555263     
   5.7938792967729613       0.76007141777258747     
   5.7738792972199962       0.77494062154463628     
   5.7838792969964787       0.76362988058831971     
   5.7638792974435136       0.77362988036480229     
   5.7838792969964787       0.76362988058831971     
   5.7938792967729613       0.75362988081183713     
   5.8138792963259265       0.73362988125887196     
   5.8038792965494439       0.74412372509578795     
