  0.000000000000000E+000  0.000000000000000E+000  0.000000000000000E+000
  0.000000000000000E+000  0.000000000000000E+000  0.000000000000000E+000
  0.000000000000000E+000  0.000000000000000E+000  0.000000000000000E+000
  0.000000000000000E+000  0.000000000000000E+000  0.000000000000000E+000
  0.000000000000000E+000  0.000000000000000E+000  0.000000000000000E+000
  0.000000000000000E+000  0.000000000000000E+000  0.000000000000000E+000
  0.000000000000000E+000  0.000000000000000E+000  0.000000000000000E+000
  1.033200000000000E-004  0.000000000000000E+000  0.000000000000000E+000
  5.282195999999999E-002  2.318000000000000E-005  0.000000000000000E+000
  0.541234320000000       2.608160000000000E-003  2.600000000000000E-007
  0.000000000000000E+000  0.000000000000000E+000  0.000000000000000E+000
  0.000000000000000E+000  0.000000000000000E+000  0.000000000000000E+000
  0.000000000000000E+000  0.000000000000000E+000  0.000000000000000E+000
  0.000000000000000E+000  0.000000000000000E+000  0.000000000000000E+000
  0.000000000000000E+000  0.000000000000000E+000  0.000000000000000E+000
  0.000000000000000E+000  0.000000000000000E+000  0.000000000000000E+000
  0.000000000000000E+000  0.000000000000000E+000  0.000000000000000E+000
  1.811231999999999E-002  6.400000000000000E-007  0.000000000000000E+000
   1.12559604000000       9.867039999999999E-003  2.000000000000000E-008
  6.535800000000000E-003  0.000000000000000E+000  0.000000000000000E+000
  0.000000000000000E+000  0.000000000000000E+000  0.000000000000000E+000
  0.000000000000000E+000  0.000000000000000E+000  0.000000000000000E+000
  0.000000000000000E+000  0.000000000000000E+000  0.000000000000000E+000
  0.000000000000000E+000  0.000000000000000E+000  0.000000000000000E+000
  0.000000000000000E+000  0.000000000000000E+000  0.000000000000000E+000
  0.000000000000000E+000  0.000000000000000E+000  0.000000000000000E+000
  1.731480000000000E-003  0.000000000000000E+000  0.000000000000000E+000
   1.68527040000000       2.284478000000000E-002  2.260000000000000E-006
  0.000000000000000E+000  0.000000000000000E+000  0.000000000000000E+000
  0.000000000000000E+000  0.000000000000000E+000  0.000000000000000E+000
  0.000000000000000E+000  0.000000000000000E+000  0.000000000000000E+000
  0.000000000000000E+000  0.000000000000000E+000  0.000000000000000E+000
  0.000000000000000E+000  0.000000000000000E+000  0.000000000000000E+000
  0.000000000000000E+000  0.000000000000000E+000  0.000000000000000E+000
  2.280000000000000E-006  0.000000000000000E+000  0.000000000000000E+000
  1.229760000000000E-003  0.000000000000000E+000  0.000000000000000E+000
  0.508012920000000       1.697920000000000E-003  0.000000000000000E+000
   1.37811384000000       6.653400000000000E-003  1.140000000000000E-006
  0.000000000000000E+000  0.000000000000000E+000  0.000000000000000E+000
  0.000000000000000E+000  0.000000000000000E+000  0.000000000000000E+000
  4.801200000000000E-004  0.000000000000000E+000  0.000000000000000E+000
  0.000000000000000E+000  0.000000000000000E+000  0.000000000000000E+000
  0.000000000000000E+000  0.000000000000000E+000  0.000000000000000E+000
  0.000000000000000E+000  0.000000000000000E+000  0.000000000000000E+000
  4.866480000000000E-003  0.000000000000000E+000  0.000000000000000E+000
  0.271360320000000       1.031440000000000E-003  0.000000000000000E+000
   10.5737492400000       0.334057420000000       4.200000000000000E-007
  4.745676000000001E-002  0.000000000000000E+000  0.000000000000000E+000
  0.102838320000000       0.000000000000000E+000  0.000000000000000E+000
  0.000000000000000E+000  0.000000000000000E+000  0.000000000000000E+000
  2.190720000000000E-002  0.000000000000000E+000  0.000000000000000E+000
  4.661112000000000E-002  0.000000000000000E+000  0.000000000000000E+000
  3.264432000000000E-002  0.000000000000000E+000  0.000000000000000E+000
  9.271631999999999E-002  0.000000000000000E+000  0.000000000000000E+000
  0.904350120000000       3.046180000000000E-003  0.000000000000000E+000
   10.0295049600000       0.147279960000000       0.000000000000000E+000
   5.35557276000000       8.425360000000000E-003  0.000000000000000E+000
  3.240000000000000E-005  0.000000000000000E+000  0.000000000000000E+000
  3.821868000000000E-002  0.000000000000000E+000  0.000000000000000E+000
  0.000000000000000E+000  0.000000000000000E+000  0.000000000000000E+000
   1.72468644000000       6.732000000000000E-005  0.000000000000000E+000
   1.99531644000000       3.261080000000000E-003  0.000000000000000E+000
   2.59199568000000       9.133400000000000E-004  0.000000000000000E+000
   4.45894884000000       8.214579999999999E-003  0.000000000000000E+000
   14.2262102400000       4.098496000000001E-002  0.000000000000000E+000
   21.6708955200000       5.573986000000000E-002  0.000000000000000E+000
   5.03225376000000       0.000000000000000E+000  0.000000000000000E+000
  0.000000000000000E+000  0.000000000000000E+000  0.000000000000000E+000
  0.000000000000000E+000  0.000000000000000E+000  0.000000000000000E+000
  0.000000000000000E+000  0.000000000000000E+000  0.000000000000000E+000
   8.70253080000000       1.414638000000000E-002  0.000000000000000E+000
   9.61308384000000       1.559784000000000E-002  0.000000000000000E+000
   11.6506347600000       8.775980000000001E-003  0.000000000000000E+000
   13.5894050400000       5.025480000000000E-003  0.000000000000000E+000
   17.2653531600000       1.040986000000000E-002  0.000000000000000E+000
   18.8227436400000       1.483504000000000E-002  0.000000000000000E+000
   4.43364300000000       0.000000000000000E+000  0.000000000000000E+000
  0.000000000000000E+000  0.000000000000000E+000  0.000000000000000E+000
  0.000000000000000E+000  0.000000000000000E+000  0.000000000000000E+000
  9.856080000000000E-003  0.000000000000000E+000  0.000000000000000E+000
   12.6398342400000       9.480000000000000E-005  0.000000000000000E+000
   14.1114542400000       0.000000000000000E+000  0.000000000000000E+000
   12.0832876800000       0.000000000000000E+000  0.000000000000000E+000
   15.6299204400000       0.000000000000000E+000  0.000000000000000E+000
   17.3101126800000       8.284600000000000E-004  0.000000000000000E+000
   13.9372317600000       0.000000000000000E+000  0.000000000000000E+000
   3.12235368000000       0.000000000000000E+000  0.000000000000000E+000
  0.120000000000000       0.000000000000000E+000  0.000000000000000E+000
  0.000000000000000E+000  0.000000000000000E+000  0.000000000000000E+000
  1.232352000000000E-002  0.000000000000000E+000  0.000000000000000E+000
  0.000000000000000E+000  0.000000000000000E+000  0.000000000000000E+000
  0.000000000000000E+000  0.000000000000000E+000  0.000000000000000E+000
  0.000000000000000E+000  0.000000000000000E+000  0.000000000000000E+000
  0.000000000000000E+000  0.000000000000000E+000  0.000000000000000E+000
  0.000000000000000E+000  0.000000000000000E+000  0.000000000000000E+000
  0.000000000000000E+000  0.000000000000000E+000  0.000000000000000E+000
  0.000000000000000E+000  0.000000000000000E+000  0.000000000000000E+000
  8.423999999999999E-005  0.000000000000000E+000  0.000000000000000E+000
  4.671780000000001E-002  2.684000000000000E-005  2.400000000000000E-007
  0.520220880000000       2.108740000000000E-003  2.800000000000000E-007
  0.000000000000000E+000  0.000000000000000E+000  0.000000000000000E+000
  0.000000000000000E+000  0.000000000000000E+000  0.000000000000000E+000
  0.000000000000000E+000  0.000000000000000E+000  0.000000000000000E+000
  0.000000000000000E+000  0.000000000000000E+000  0.000000000000000E+000
  0.000000000000000E+000  0.000000000000000E+000  0.000000000000000E+000
  0.000000000000000E+000  0.000000000000000E+000  0.000000000000000E+000
  0.000000000000000E+000  0.000000000000000E+000  0.000000000000000E+000
  1.867284000000000E-002  1.624000000000000E-005  0.000000000000000E+000
   1.01228076000000       8.506960000000001E-003  8.820000000000000E-006
  1.346760000000000E-003  0.000000000000000E+000  0.000000000000000E+000
  0.000000000000000E+000  0.000000000000000E+000  0.000000000000000E+000
  0.000000000000000E+000  0.000000000000000E+000  0.000000000000000E+000
  0.000000000000000E+000  0.000000000000000E+000  0.000000000000000E+000
  0.000000000000000E+000  0.000000000000000E+000  0.000000000000000E+000
  0.000000000000000E+000  0.000000000000000E+000  0.000000000000000E+000
  0.000000000000000E+000  0.000000000000000E+000  0.000000000000000E+000
  2.102160000000000E-003  0.000000000000000E+000  0.000000000000000E+000
   1.60179228000000       2.145002000000000E-002  3.220000000000000E-006
  1.328664000000000E-002  0.000000000000000E+000  0.000000000000000E+000
  0.000000000000000E+000  0.000000000000000E+000  0.000000000000000E+000
  0.000000000000000E+000  0.000000000000000E+000  0.000000000000000E+000
  0.000000000000000E+000  0.000000000000000E+000  0.000000000000000E+000
  0.000000000000000E+000  0.000000000000000E+000  0.000000000000000E+000
  0.000000000000000E+000  0.000000000000000E+000  0.000000000000000E+000
  0.000000000000000E+000  0.000000000000000E+000  0.000000000000000E+000
  6.939600000000000E-004  0.000000000000000E+000  0.000000000000000E+000
  0.451612080000000       1.289460000000000E-003  0.000000000000000E+000
   1.62981168000000       6.916860000000001E-003  0.000000000000000E+000
  0.000000000000000E+000  0.000000000000000E+000  0.000000000000000E+000
  0.000000000000000E+000  0.000000000000000E+000  0.000000000000000E+000
  1.200000000000000E-007  0.000000000000000E+000  0.000000000000000E+000
  0.000000000000000E+000  0.000000000000000E+000  0.000000000000000E+000
  0.000000000000000E+000  0.000000000000000E+000  0.000000000000000E+000
  1.725240000000000E-003  0.000000000000000E+000  0.000000000000000E+000
  4.813319999999999E-003  0.000000000000000E+000  0.000000000000000E+000
  0.247027440000000       9.863199999999999E-004  0.000000000000000E+000
   9.63720420000000       0.272748540000000       1.536000000000000E-005
  0.168402480000000       0.000000000000000E+000  0.000000000000000E+000
  0.000000000000000E+000  0.000000000000000E+000  0.000000000000000E+000
  0.000000000000000E+000  0.000000000000000E+000  0.000000000000000E+000
  2.908176000000000E-002  0.000000000000000E+000  0.000000000000000E+000
  2.912256000000000E-002  2.123800000000000E-004  0.000000000000000E+000
  5.856696000000000E-002  0.000000000000000E+000  0.000000000000000E+000
  0.155467080000000       0.000000000000000E+000  0.000000000000000E+000
  0.956175840000000       4.694760000000000E-003  0.000000000000000E+000
   9.86400072000000       0.117724440000000       0.000000000000000E+000
   5.97803988000000       9.521560000000000E-003  0.000000000000000E+000
  0.140141520000000       0.000000000000000E+000  0.000000000000000E+000
  0.000000000000000E+000  0.000000000000000E+000  0.000000000000000E+000
  0.000000000000000E+000  0.000000000000000E+000  0.000000000000000E+000
   1.75270572000000       1.636000000000000E-004  0.000000000000000E+000
   2.35808100000000       7.854439999999999E-003  0.000000000000000E+000
   3.34391700000000       3.339620000000000E-003  0.000000000000000E+000
   3.79379280000000       5.590200000000001E-003  0.000000000000000E+000
   13.1246482800000       3.576470000000000E-002  0.000000000000000E+000
   18.9955035600000       7.951551999999999E-002  1.800000000000000E-007
   5.74261128000000       6.354300000000000E-003  0.000000000000000E+000
  0.000000000000000E+000  0.000000000000000E+000  0.000000000000000E+000
  0.000000000000000E+000  0.000000000000000E+000  0.000000000000000E+000
  0.000000000000000E+000  0.000000000000000E+000  0.000000000000000E+000
   7.99668816000000       3.882500000000001E-003  0.000000000000000E+000
   10.4535022800000       7.068199999999999E-004  0.000000000000000E+000
   13.3225795200000       6.785980000000000E-003  0.000000000000000E+000
   15.3799669200000       8.244580000000000E-003  0.000000000000000E+000
   18.0055850400000       1.052396000000000E-002  0.000000000000000E+000
   16.2469201200000       0.000000000000000E+000  0.000000000000000E+000
   4.72788204000000       0.000000000000000E+000  0.000000000000000E+000
  7.686168000000000E-002  0.000000000000000E+000  0.000000000000000E+000
  0.000000000000000E+000  0.000000000000000E+000  0.000000000000000E+000
  0.000000000000000E+000  0.000000000000000E+000  0.000000000000000E+000
   12.9483864000000       6.000000000000001E-008  0.000000000000000E+000
   13.1741296800000       0.000000000000000E+000  0.000000000000000E+000
   13.2876326400000       0.000000000000000E+000  0.000000000000000E+000
   19.4621552400000       0.000000000000000E+000  0.000000000000000E+000
   18.2190627600000       5.345439999999999E-003  0.000000000000000E+000
   14.5127059200000       0.000000000000000E+000  0.000000000000000E+000
   2.56021944000000       0.000000000000000E+000  0.000000000000000E+000
  1.589748000000000E-002  0.000000000000000E+000  0.000000000000000E+000
  5.097600000000001E-004  0.000000000000000E+000  0.000000000000000E+000
  0.143985480000000       0.000000000000000E+000  0.000000000000000E+000
  0.000000000000000E+000  0.000000000000000E+000  0.000000000000000E+000
  0.000000000000000E+000  0.000000000000000E+000  0.000000000000000E+000
  0.000000000000000E+000  0.000000000000000E+000  0.000000000000000E+000
  0.000000000000000E+000  0.000000000000000E+000  0.000000000000000E+000
  0.000000000000000E+000  0.000000000000000E+000  0.000000000000000E+000
  0.000000000000000E+000  0.000000000000000E+000  0.000000000000000E+000
  0.000000000000000E+000  0.000000000000000E+000  0.000000000000000E+000
  5.795999999999999E-005  0.000000000000000E+000  0.000000000000000E+000
  5.653908000000001E-002  3.520000000000000E-005  0.000000000000000E+000
  0.533868720000000       2.484580000000001E-003  0.000000000000000E+000
  0.000000000000000E+000  0.000000000000000E+000  0.000000000000000E+000
  0.000000000000000E+000  0.000000000000000E+000  0.000000000000000E+000
  0.000000000000000E+000  0.000000000000000E+000  0.000000000000000E+000
  0.000000000000000E+000  0.000000000000000E+000  0.000000000000000E+000
  0.000000000000000E+000  0.000000000000000E+000  0.000000000000000E+000
  0.000000000000000E+000  0.000000000000000E+000  0.000000000000000E+000
  2.400000000000000E-007  0.000000000000000E+000  0.000000000000000E+000
  1.706172000000000E-002  6.420000000000000E-006  0.000000000000000E+000
   1.10254344000000       9.133560000000001E-003  1.240000000000000E-006
  0.000000000000000E+000  0.000000000000000E+000  0.000000000000000E+000
  0.000000000000000E+000  0.000000000000000E+000  0.000000000000000E+000
  0.000000000000000E+000  0.000000000000000E+000  0.000000000000000E+000
  0.000000000000000E+000  0.000000000000000E+000  0.000000000000000E+000
  0.000000000000000E+000  0.000000000000000E+000  0.000000000000000E+000
  0.000000000000000E+000  0.000000000000000E+000  0.000000000000000E+000
  0.000000000000000E+000  0.000000000000000E+000  0.000000000000000E+000
  2.587560000000000E-003  0.000000000000000E+000  0.000000000000000E+000
   1.53327096000000       2.198723999999999E-002  3.640000000000000E-006
  3.240000000000000E-005  0.000000000000000E+000  0.000000000000000E+000
  1.680000000000000E-006  0.000000000000000E+000  0.000000000000000E+000
  0.000000000000000E+000  0.000000000000000E+000  0.000000000000000E+000
  0.000000000000000E+000  0.000000000000000E+000  0.000000000000000E+000
  0.000000000000000E+000  0.000000000000000E+000  0.000000000000000E+000
  0.000000000000000E+000  0.000000000000000E+000  0.000000000000000E+000
  0.000000000000000E+000  0.000000000000000E+000  0.000000000000000E+000
  1.271040000000000E-003  0.000000000000000E+000  0.000000000000000E+000
  0.451262520000000       2.194180000000000E-003  0.000000000000000E+000
   1.36655988000000       1.181608000000000E-002  4.000000000000000E-008
  0.000000000000000E+000  0.000000000000000E+000  0.000000000000000E+000
  0.000000000000000E+000  0.000000000000000E+000  0.000000000000000E+000
  0.000000000000000E+000  0.000000000000000E+000  0.000000000000000E+000
  0.000000000000000E+000  0.000000000000000E+000  0.000000000000000E+000
  1.080000000000000E-006  0.000000000000000E+000  0.000000000000000E+000
  9.821999999999999E-004  0.000000000000000E+000  0.000000000000000E+000
  6.850680000000000E-003  0.000000000000000E+000  0.000000000000000E+000
  0.238823880000000       3.299200000000000E-004  0.000000000000000E+000
   10.8185656800000       0.337702140000000       0.000000000000000E+000
  0.256894200000000       0.000000000000000E+000  0.000000000000000E+000
  0.000000000000000E+000  0.000000000000000E+000  0.000000000000000E+000
