       0.1905E+00       0.1867E+00       0.2171E-03       0.2167E-03
       0.1771E+00       0.1970E+00       0.2178E-03       0.2170E-03
       0.1740E+00       0.2176E+00       0.2997E-03       0.3062E-03
       0.1584E+00       0.2192E+00       0.4685E-03       0.4859E-03
       0.1506E+00       0.2291E+00       0.7791E-03       0.8261E-03
       0.1370E+00       0.2277E+00       0.1184E-02       0.1325E-02
       0.1283E+00       0.2285E+00       0.1775E-02       0.2069E-02
       0.1185E+00       0.2195E+00       0.2445E-02       0.2985E-02
       0.1037E+00       0.1998E+00       0.2998E-02       0.3798E-02
       0.9007E-01       0.1772E+00       0.3491E-02       0.4558E-02
       0.7351E-01       0.1470E+00       0.3572E-02       0.4865E-02
       0.5765E-01       0.1149E+00       0.3420E-02       0.4534E-02
       0.4366E-01       0.8691E-01       0.2953E-02       0.3934E-02
       0.3130E-01       0.6207E-01       0.2305E-02       0.3090E-02
       0.2147E-01       0.4248E-01       0.1681E-02       0.2245E-02
       0.1953E+00       0.1910E+00       0.2273E-03       0.2203E-03
       0.1768E+00       0.1967E+00       0.2145E-03       0.2189E-03
       0.1690E+00       0.2097E+00       0.3006E-03       0.2924E-03
       0.1549E+00       0.2132E+00       0.4716E-03       0.4676E-03
       0.1525E+00       0.2310E+00       0.7887E-03       0.8312E-03
       0.1381E+00       0.2300E+00       0.1183E-02       0.1333E-02
       0.1303E+00       0.2318E+00       0.1770E-02       0.2084E-02
       0.1158E+00       0.2174E+00       0.2407E-02       0.2947E-02
       0.1037E+00       0.2006E+00       0.2980E-02       0.3820E-02
       0.8890E-01       0.1755E+00       0.3427E-02       0.4534E-02
       0.7391E-01       0.1471E+00       0.3604E-02       0.4795E-02
       0.5849E-01       0.1165E+00       0.3444E-02       0.4650E-02
       0.4395E-01       0.8703E-01       0.2972E-02       0.3999E-02
       0.3077E-01       0.6100E-01       0.2250E-02       0.3057E-02
       0.2154E-01       0.4211E-01       0.1663E-02       0.2214E-02
       0.1766E+00       0.1736E+00       0.1954E-03       0.2035E-03
       0.1801E+00       0.2010E+00       0.2245E-03       0.2230E-03
       0.1735E+00       0.2156E+00       0.3059E-03       0.3085E-03
       0.1492E+00       0.2060E+00       0.4413E-03       0.4507E-03
       0.1481E+00       0.2250E+00       0.7693E-03       0.8192E-03
       0.1361E+00       0.2285E+00       0.1192E-02       0.1322E-02
       0.1293E+00       0.2284E+00       0.1767E-02       0.2061E-02
       0.1158E+00       0.2179E+00       0.2375E-02       0.2950E-02
       0.1045E+00       0.2033E+00       0.3058E-02       0.3900E-02
       0.8952E-01       0.1765E+00       0.3474E-02       0.4531E-02
       0.7395E-01       0.1470E+00       0.3629E-02       0.4824E-02
       0.5900E-01       0.1171E+00       0.3497E-02       0.4641E-02
       0.4387E-01       0.8643E-01       0.2945E-02       0.3960E-02
       0.3101E-01       0.6128E-01       0.2271E-02       0.3064E-02
       0.2148E-01       0.4253E-01       0.1663E-02       0.2222E-02
