0.000000000000000000e+00
8.862846290000879534e+00
9.071255686968680010e+00
1.000000000000000000e+01
1.000000000000000000e+01
9.925749638823329946e+00
9.817673080263009666e+00
9.967323980163270036e+00
9.623315758719899193e+00
2.922899899505340127e+00
9.943726140682690229e+00
3.053430967597289936e+00
3.512129493516920054e-01
9.303422749151939897e+00
9.792104842807189513e+00
1.000000000000000000e+01
9.707437632854569287e+00
8.753110813469929807e-01
1.239476758176450005e-01
2.155714867656119971e-01
2.807725658947419767e-01
