   6.60597452034419     
   6.75616989810792     
   6.70616989736286     
   6.78554342257976     
   6.58554341959953     
   6.63554342034459     
   6.43554341736435     
   6.23554341438412     
   6.43554341736435     
   6.37286936186197     
   6.30140619861298     
   6.10140619563275     
   5.90140619265251     
   5.76612514736328     
   5.71612514661822     
   5.51612514363799     
   5.43176068080070     
   5.49023184985325     
   5.54023185059830     
   5.45717036657375     
   5.64413611780687     
   5.58256614938880     
   5.51307428859742     
   5.43909827543182     
   5.38909827468676     
   5.58909827766699     
   5.38909827468676     
   5.57739352039359     
   5.77739352337382     
   5.72739352262877     
   5.60168038690322     
   5.40168038392298     
   5.35168038317793     
   5.55168038615816     
   5.38644836370716     
   5.18644836072693     
   5.23644836147199     
   5.18644836072693     
   5.13644835998187     
   5.08644835923681     
   5.28644836221705     
   5.47203368567961     
   5.67203368865984     
   5.58166846075684     
   5.63166846150190     
   5.58166846075684     
   5.41498753347893     
   5.47190414960834     
   5.39372617308783     
   5.44372617383289     
   5.49372617457795     
   5.62189575265018     
   5.67189575339524     
   5.62189575265018     
   5.68268734661083     
   5.57691618854826     
   5.62691618929332     
   5.42691618631309     
   5.55801298647133     
   5.49197740643480     
   5.44197740568974     
   5.24197740270951     
   5.10219851813624     
   5.21075211854821     
   5.26075211929327     
   5.06075211631304     
   5.17616238560105     
   5.11194354736876     
   5.26215830588090     
   5.17492390784358     
   5.12492390709852     
   5.29578685274485     
   5.49578685572508     
   5.54578685647014     
   5.74578685945037     
   5.65845778964188     
   5.60845778889682     
   5.55845778815176     
   5.75845779113200     
   5.85555708471615     
   5.90555708546121     
   6.10555708844144     
   6.03542141765223     
   5.98542141690717     
   5.78542141392694     
   5.84595292212577     
   5.76325180946719     
   5.81325181021225     
   5.86325181095731     
   6.03676533500121     
   5.83676533202098     
   6.03676533500121     
   6.16119455438826     
   5.96119455140803     
   6.12957603520060     
   6.07697641944232     
   6.20604958055452     
   6.15604957980946     
   6.35604958278969     
   6.55604958576992     
