  -342220.361673206       0.000000000000000E+000
  -324065.594143240       0.000000000000000E+000
  -355289.339878929       0.000000000000000E+000
  -155808.206683375       1.984126984126984E-007
  -260757.795202158       4.761904761904762E-008
   2553071.58059598       2.865079365079365E-006
   2787012.96974381       3.087301587301587E-006
   13580703.4949153       1.385714285714286E-005
   11586125.8779131       1.186507936507937E-005
   23237656.4264972       2.350793650793651E-005
   36480080.2259817       3.673809523809524E-005
   31172299.6914543       3.142857142857144E-005
   34715701.9864930       3.496825396825396E-005
   26603055.3762958       2.684126984126984E-005
   26552525.1937816       2.678571428571428E-005
   9793041.05780132       1.002380952380953E-005
   8049128.34721716       8.277777777777778E-006
   10740008.9895196       1.096825396825397E-005
   6693125.28767378       6.920634920634921E-006
   9464461.15885904       9.690476190476191E-006
   15874659.7832500       1.610317460317460E-005
   9169201.42974238       9.396825396825398E-006
   6375015.05140064       6.603174603174605E-006
   5510589.01405056       5.738095238095239E-006
   6917591.38063831       7.142857142857143E-006
   5397641.72673631       5.626984126984127E-006
   2260150.62770787       2.484126984126984E-006
   3923226.53701906       4.150793650793651E-006
   5889080.71244042       6.119047619047619E-006
   3404197.01753592       3.634920634920635E-006
   8580044.72500220       8.809523809523810E-006
   15583060.1665180       1.580952380952381E-005
   1933494.24456554       2.158730158730159E-006
   5437975.22570427       5.666666666666668E-006
   6766184.56910494       6.992063492063492E-006
   5095483.06059315       5.317460317460318E-006
   3125348.70475452       3.349206349206350E-006
   3957055.74030242       4.182539682539683E-006
   2062932.26136334       2.285714285714286E-006
   2991449.76525622       3.214285714285714E-006
   13319180.7865094       1.354761904761905E-005
   13971514.2448101       1.420634920634921E-005
   13509142.4795311       1.375396825396825E-005
   18840281.4926897       1.907936507936508E-005
   22735038.2852669       2.297619047619048E-005
   16997658.9085580       1.723015873015873E-005
   6683764.92652171       6.912698412698413E-006
   5508154.82340439       5.738095238095238E-006
   3393230.49113991       3.619047619047619E-006
   3298557.41179311       3.523809523809524E-006
   7257086.58135519       7.484126984126984E-006
   8072604.79898506       8.301587301587304E-006
   19560895.7535784       1.979365079365080E-005
   8072604.79898506       8.301587301587304E-006
   22846906.8283928       2.307936507936508E-005
   14908790.1785489       1.514285714285714E-005
   21166514.1112588       2.140476190476190E-005
   23755405.2923134       2.399206349206349E-005
   25422975.4967863       2.565873015873016E-005
   10014047.9797568       1.024603174603175E-005
   19552436.1938280       1.978571428571428E-005
   9788127.69139144       1.001587301587301E-005
   11937751.6143230       1.216666666666666E-005
   16139431.7153874       1.637301587301587E-005
   13418540.2808826       1.366666666666667E-005
   14796203.8901251       1.503174603174603E-005
   6253428.92966363       6.500000000000000E-006
   24260308.3226899       2.449206349206349E-005
   4110076.47855619       4.357142857142857E-006
   6012029.33174543       6.269841269841270E-006
   11011965.8188708       1.126190476190476E-005
   9447972.19128899       9.690476190476189E-006
   5182339.05978215       5.452380952380952E-006
   16487265.0679471       1.673809523809524E-005
   8645877.98170922       8.904761904761907E-006
   10272028.5201627       1.053174603174603E-005
   3969188.94577094       4.238095238095238E-006
   15388476.2326758       1.565079365079365E-005
   2105624.96650174       2.380952380952381E-006
   7248392.20775361       7.515873015873017E-006
   13862743.7333630       1.413492063492063E-005
   11899086.2373049       1.217460317460317E-005
   4878755.55627131       5.150793650793651E-006
   25220181.1875650       2.549206349206349E-005
   15413688.8496332       1.566666666666666E-005
   19754505.8052978       2.000793650793651E-005
   21478925.1264340       2.172222222222222E-005
   30261583.5799612       3.050793650793651E-005
   20687593.5343969       2.094444444444444E-005
   18159894.9425061       1.842857142857142E-005
   14994822.6265470       1.524603174603174E-005
   26071442.2625809       2.633333333333333E-005
   9817874.66074068       1.008730158730159E-005
   19445921.2404561       1.971428571428571E-005
   30615910.5198280       3.088095238095238E-005
   9367558.51437225       9.634920634920633E-006
   12071495.8447167       1.234126984126984E-005
   6258032.39010747       6.539682539682540E-006
   6340298.63077263       6.626984126984127E-006
   17654156.0026659       1.794444444444444E-005
