       0.1208E+00       0.1126E+00       0.2943E-04       0.3008E-04
       0.1164E+00       0.1263E+00       0.3073E-04       0.2754E-04
       0.1094E+00       0.1404E+00       0.3966E-04       0.3581E-04
       0.1006E+00       0.1520E+00       0.6169E-04       0.5394E-04
       0.9280E-01       0.1584E+00       0.9356E-04       0.7847E-04
       0.8206E-01       0.1617E+00       0.1305E-03       0.1197E-03
       0.7199E-01       0.1583E+00       0.1983E-03       0.1678E-03
       0.6105E-01       0.1494E+00       0.2598E-03       0.2290E-03
       0.5147E-01       0.1354E+00       0.3170E-03       0.2899E-03
       0.4282E-01       0.1195E+00       0.3614E-03       0.3408E-03
       0.3506E-01       0.1006E+00       0.3838E-03       0.3729E-03
       0.2753E-01       0.8181E-01       0.3619E-03       0.3781E-03
       0.2102E-01       0.6345E-01       0.3303E-03       0.3364E-03
       0.1589E-01       0.4872E-01       0.2767E-03       0.3046E-03
       0.1132E-01       0.3607E-01       0.2144E-03       0.2546E-03
       0.1217E+00       0.1099E+00       0.2800E-04       0.2553E-04
       0.1160E+00       0.1275E+00       0.2935E-04       0.3065E-04
       0.1094E+00       0.1410E+00       0.3923E-04       0.3534E-04
       0.1013E+00       0.1520E+00       0.5900E-04       0.5282E-04
       0.9278E-01       0.1603E+00       0.9133E-04       0.8040E-04
       0.8163E-01       0.1626E+00       0.1364E-03       0.1177E-03
       0.7102E-01       0.1579E+00       0.1974E-03       0.1706E-03
       0.6147E-01       0.1500E+00       0.2603E-03       0.2293E-03
       0.5153E-01       0.1353E+00       0.3073E-03       0.2884E-03
       0.4278E-01       0.1192E+00       0.3633E-03       0.3367E-03
       0.3469E-01       0.1009E+00       0.3801E-03       0.3828E-03
       0.2779E-01       0.8206E-01       0.3716E-03       0.3733E-03
       0.2119E-01       0.6367E-01       0.3322E-03       0.3566E-03
       0.1594E-01       0.4912E-01       0.2814E-03       0.3096E-03
       0.1131E-01       0.3574E-01       0.2150E-03       0.2440E-03
       0.1205E+00       0.1124E+00       0.2871E-04       0.2876E-04
       0.1165E+00       0.1244E+00       0.3097E-04       0.2887E-04
       0.1090E+00       0.1404E+00       0.3840E-04       0.3699E-04
       0.1004E+00       0.1530E+00       0.5755E-04       0.5204E-04
       0.9205E-01       0.1594E+00       0.9142E-04       0.7956E-04
       0.8172E-01       0.1608E+00       0.1310E-03       0.1182E-03
       0.7202E-01       0.1580E+00       0.2000E-03       0.1721E-03
       0.6140E-01       0.1492E+00       0.2591E-03       0.2269E-03
       0.5192E-01       0.1358E+00       0.3162E-03       0.2837E-03
       0.4324E-01       0.1191E+00       0.3681E-03       0.3359E-03
       0.3455E-01       0.1001E+00       0.3825E-03       0.3637E-03
       0.2770E-01       0.8185E-01       0.3659E-03       0.3712E-03
       0.2121E-01       0.6447E-01       0.3285E-03       0.3599E-03
       0.1571E-01       0.4849E-01       0.2725E-03       0.3047E-03
       0.1134E-01       0.3570E-01       0.2156E-03       0.2455E-03
