  0.24242220000000000       0.64148819999999995        7.8732999999999997E-003   7.5144499999999998E-003
  0.26504715000000001       0.61668495000000001        7.3565000000000002E-003   7.5339999999999999E-003
  0.31048429999999999       0.55878355000000002        8.5463499999999994E-003   8.4367499999999998E-003
  0.30445624999999998       0.54784995000000003        1.0391900000000001E-002   1.0305099999999999E-002
  0.33041880000000001       0.50973835000000001        1.3750900000000000E-002   1.3194400000000000E-002
  0.32273279999999999       0.48876415000000001        1.7812250000000002E-002   1.7209149999999999E-002
  0.33753454999999999       0.44190174999999998        2.1828549999999999E-002   2.1170100000000001E-002
  0.33207039999999999       0.39329829999999999        2.6518000000000000E-002   2.4525900000000000E-002
  0.33460679999999998       0.35491054999999999        3.2202250000000002E-002   2.8544350000000000E-002
  0.31858385000000000       0.29646539999999999        3.4784549999999997E-002   2.9542650000000000E-002
  0.29592920000000000       0.24749510000000000        3.7073450000000001E-002   2.9381399999999998E-002
  0.25808900000000001       0.19453210000000001        3.4221000000000001E-002   2.6825300000000000E-002
  0.21511815000000001       0.14828110000000000        3.0165600000000001E-002   2.3915900000000000E-002
  0.17061585000000001       0.11173660000000001        2.5965100000000001E-002   1.9399900000000001E-002
  0.13403424999999999        7.7118350000000002E-002   1.9649099999999999E-002   1.4236000000000000E-002
