   5.08486203149614        1.71019844537389     
   5.13486203224120        1.65982385303535     
   5.03486203075109        1.63982385348239     
   5.13486203224120        1.53982385199227     
   5.23486203373132        1.43982385050215     
   5.28486203447638        1.39635869952298     
   5.38486203596649        1.30414558901613     
   5.48486203745661        1.20414558752602     
   5.53486203820167        1.13628455502224     
   5.63486203969178        1.03628455353212     
   5.58486203894672       0.936284552042008     
   5.48486203745661        1.03628455353212     
   5.43486203671155        1.05628455308509     
   5.49453815130927       0.956284551594973     
   5.59453815279938       0.900696767440775     
   5.49453815130927       0.993804352655073     
   5.54453815205433       0.934187169937073     
   5.59453815279938       0.914187170384108     
   5.54453815205433       0.825375139866337     
   5.44453815056421       0.845375139419302     
   5.54453815205433       0.807668544130325     
   5.45995785446815       0.734703204422687     
   5.39391291965075       0.834703205912803     
   5.34391291890569       0.876059706911355     
   5.39391291965075       0.795613106924851     
   5.34391291890569       0.825108793543613     
   5.40988787333896       0.726689932421839     
   5.35988787259390       0.746689931974804     
   5.45988787408402       0.646689930484688     
   5.35988787259390       0.746689931974804     
   5.30988787184885       0.779432800850211     
   5.40988787333896       0.833201599421702     
   5.30988787184885       0.813201599868736     
   5.35988787259390       0.793201600315771     
   5.25988787110379       0.828684031848672     
   5.35988787259390       0.848684031401638     
   5.40988787333896       0.902185068412543     
   5.30988787184885       0.949923478265801     
   5.37028518774899       0.871591240384356     
   5.32028518700394       0.891591239937321     
   5.22028518551382       0.954690058200322     
   5.17028518476876        1.05469005969044     
   5.07028518327865        1.12602715048048     
   5.17028518476876        1.05117093630636     
   5.22028518551382        1.07117093585933     
   5.32028518700394       0.971170934369213     
   5.25883837466924       0.894201361892981     
   5.30883837541430       0.914201361445946     
   5.36763687180459       0.821941324333169     
   5.46763687329470       0.721941322843053     
   5.36763687180459       0.821941324333169     
   5.41763687254965       0.786563465540889     
   5.31763687105953       0.886563467031005     
   5.41763687254965       0.786563465540889     
   5.36763687180459       0.849879661450124     
   5.31763687105953       0.947163669049077     
   5.21763686956941        1.02890247369315     
   5.30164845135052        1.12890247518327     
   5.25164845060546        1.07268606344840     
   5.35164845209558       0.980618079607548     
   5.25164845060546        1.07821275359278     
   5.35164845209558        1.05821275403982     
   5.28342118164075        1.15821275552993     
   5.18342118015063        1.25821275702005     
   5.09486751844252        1.35821275851016     
   5.04486751769746        1.33821275895720     
   4.94486751620735        1.35821275851016     
   4.89486751546229        1.32254103788351     
   4.80982192088815        1.39432477724259     
   4.85982192163321        1.41564522163335     
   4.94101359255795        1.39132817428382     
   5.04101359404807        1.30566604814075     
   4.95373831548929        1.38698816073542     
   5.05373831697941        1.31841605837630     
   5.10373831772446        1.28385246190915     
   5.05373831697941        1.32419882182998     
   5.10373831772446        1.35461611841653     
   5.05373831697941        1.32074004909992     
   5.15373831846952        1.38352268407137     
   5.20373831921458        1.35659498591840     
   5.30373832070470        1.29886185500633     
   5.40373832219481        1.32496025685638     
   5.45373832293987        1.28219524154743     
   5.50373832368493        1.26219524199447     
   5.45373832293987        1.20197753305819     
   5.40373832219481        1.18091449143766     
   5.50373832368493        1.08091448994755     
   5.55373832442999        1.10091448950051     
   5.45373832293987        1.20091449099063     
   5.50373832368493        1.22091449054359     
   5.60373832517504        1.12091448905348     
   5.68662217690986        1.14091448860644     
   5.58662217541975        1.24091449009656     
   5.53662217467469        1.26091448964952     
   5.63662217616481        1.16091448815941     
   5.53662217467469        1.18091448771237     
   5.48662217392963        1.20427286089057     
   5.38662217243952        1.28744239990599     
   5.45618766203019        1.26744240035303     
   5.50618766277525        1.16744239886291     
