9.587355113015469499e+00
9.836242725754630101e+00
2.133705538827490145e+00
9.846397548492799245e+00
9.828311843978500661e+00
9.829213960428599961e+00
9.629624239347739589e+00
2.401046672289099959e+00
1.000000000000000000e+01
9.702172374005780142e+00
1.000000000000000000e+01
2.092519271886169818e+00
9.620986540584919311e+00
9.999916968143590879e+00
1.000000000000000000e+01
1.000000000000000000e+01
1.000000000000000000e+01
5.380342169576110223e+00
1.916045868729099988e+00
2.862293128855399882e-01
0.000000000000000000e+00

