       0.5765E-01       0.3066E+00       0.2837E-04       0.2782E-04
       0.5613E-01       0.2799E+00       0.2539E-04       0.2654E-04
       0.5295E-01       0.2586E+00       0.3077E-04       0.3403E-04
       0.4970E-01       0.2267E+00       0.3659E-04       0.4437E-04
       0.4537E-01       0.2019E+00       0.5328E-04       0.6500E-04
       0.4117E-01       0.1751E+00       0.7060E-04       0.8962E-04
       0.3684E-01       0.1514E+00       0.8605E-04       0.1254E-03
       0.3226E-01       0.1283E+00       0.9487E-04       0.1529E-03
       0.2741E-01       0.1075E+00       0.9877E-04       0.1909E-03
       0.2254E-01       0.8660E-01       0.1054E-03       0.2119E-03
       0.1810E-01       0.6833E-01       0.1071E-03       0.2236E-03
       0.1419E-01       0.5267E-01       0.1034E-03       0.2153E-03
       0.1023E-01       0.3760E-01       0.8629E-04       0.1940E-03
       0.7653E-02       0.2727E-01       0.7636E-04       0.1642E-03
       0.5389E-02       0.1869E-01       0.6073E-04       0.1294E-03
       0.5806E-01       0.3039E+00       0.2895E-04       0.2910E-04
       0.5623E-01       0.2846E+00       0.2590E-04       0.2840E-04
       0.5360E-01       0.2565E+00       0.2949E-04       0.3148E-04
       0.4962E-01       0.2269E+00       0.3894E-04       0.4660E-04
       0.4554E-01       0.2020E+00       0.5427E-04       0.6732E-04
       0.4152E-01       0.1745E+00       0.6898E-04       0.9047E-04
       0.3656E-01       0.1512E+00       0.8648E-04       0.1259E-03
       0.3208E-01       0.1293E+00       0.9377E-04       0.1545E-03
       0.2732E-01       0.1070E+00       0.9850E-04       0.1888E-03
       0.2263E-01       0.8684E-01       0.1036E-03       0.2142E-03
       0.1800E-01       0.6813E-01       0.1026E-03       0.2233E-03
       0.1403E-01       0.5124E-01       0.9753E-04       0.2182E-03
       0.1033E-01       0.3740E-01       0.8941E-04       0.1963E-03
       0.7616E-02       0.2739E-01       0.7627E-04       0.1659E-03
       0.5344E-02       0.1876E-01       0.5997E-04       0.1284E-03
       0.5756E-01       0.3070E+00       0.2755E-04       0.2718E-04
       0.5630E-01       0.2819E+00       0.2705E-04       0.2392E-04
       0.5361E-01       0.2559E+00       0.3154E-04       0.3500E-04
       0.4937E-01       0.2287E+00       0.4213E-04       0.4581E-04
       0.4543E-01       0.2005E+00       0.5329E-04       0.6315E-04
       0.4130E-01       0.1754E+00       0.7183E-04       0.8868E-04
       0.3675E-01       0.1509E+00       0.8208E-04       0.1191E-03
       0.3174E-01       0.1293E+00       0.8776E-04       0.1551E-03
       0.2741E-01       0.1070E+00       0.1023E-03       0.1955E-03
       0.2279E-01       0.8651E-01       0.1033E-03       0.2141E-03
       0.1796E-01       0.6800E-01       0.1030E-03       0.2193E-03
       0.1385E-01       0.5124E-01       0.9557E-04       0.2145E-03
       0.1056E-01       0.3824E-01       0.9647E-04       0.2015E-03
       0.7581E-02       0.2701E-01       0.7149E-04       0.1678E-03
       0.5294E-02       0.1848E-01       0.5905E-04       0.1308E-03
