1.000000000000000000e+01
1.000000000000000000e+01
1.000000000000000000e+01
1.000000000000000000e+01
1.000000000000000000e+01
1.000000000000000000e+01
2.825556634682400148e+00
2.172642328483719965e+00
1.000000000000000000e+01
9.986604377834089163e+00
1.000000000000000000e+01
5.877716625601379974e+00
9.977122076140810591e+00
1.000000000000000000e+01
1.000000000000000000e+01
9.988037040031999325e+00
1.000000000000000000e+01
1.000000000000000000e+01
0.000000000000000000e+00
0.000000000000000000e+00
4.664575373014530346e-02
