1.000000000000000000e+01
4.269364160919430162e+00
9.708276788025669291e+00
1.000000000000000000e+01
1.000000000000000000e+01
2.400516900878379989e+00
1.000000000000000000e+01
9.749914562043830557e+00
1.000000000000000000e+01
1.019622193087210027e+00
1.000000000000000000e+01
2.218624977543130150e+00
1.525786584078669961e-01
1.000000000000000000e+01
9.890029515579509933e+00
9.930271396143989904e+00
1.000000000000000000e+01
1.770112216646759995e+00
9.551867495657216656e-02
8.133365456884798783e-02
1.000000000000000000e+01
