6.060839144951230217e+00
1.000000000000000000e+01
5.610363181468859928e+00
6.205219977312060209e+00
6.357786357795210286e+00
6.756174955023009687e+00
6.470578442913420325e+00
0.000000000000000000e+00
1.000000000000000000e+01
0.000000000000000000e+00
9.977124823250999697e+00
5.779312214746100018e+00
5.464417468106810283e+00
7.192738793264459751e+00
6.771905019709019591e+00
1.000000000000000000e+01
1.000000000000000000e+01
0.000000000000000000e+00
0.000000000000000000e+00
0.000000000000000000e+00
0.000000000000000000e+00
