9.973269339782529386e+00
1.119182209081799995e+00
9.709972841145729561e+00
1.000000000000000000e+01
1.000000000000000000e+01
1.000000000000000000e+01
9.990696578971769881e+00
1.000000000000000000e+01
1.000000000000000000e+01
0.000000000000000000e+00
9.838582599090500480e+00
1.000000000000000000e+01
9.835952908629805314e-02
1.000000000000000000e+01
1.000000000000000000e+01
1.000000000000000000e+01
9.755001282217889980e+00
1.116769041707830062e-01
0.000000000000000000e+00
5.445720332884165099e-02
1.538646816890339997e+00
