4.210616072276270216e+00
7.669990611214600129e+00
9.820162728356770288e+00
7.935390643244059738e+00
6.328496329992580272e+00
7.317693381617139892e+00
1.903626977427667899e-02
8.854565646285049496e+00
7.491622637895719805e+00
1.286103841546610005e-01
1.000000000000000000e+01
1.000000000000000000e+01
1.439537416299979944e-01
8.323704851429630125e+00
9.449621857616479659e+00
7.376579585296349606e+00
6.489218796458220417e+00
7.162926580236670393e-01
0.000000000000000000e+00
3.501053156060920241e-02
5.894377921785980412e-01
