9.831015830373319275e+00
1.000000000000000000e+01
1.000000000000000000e+01
1.000000000000000000e+01
1.000000000000000000e+01
1.000000000000000000e+01
9.987802824707619820e+00
9.987405826645199269e+00
1.000000000000000000e+01
4.286840673011170111e+00
5.929961291483880181e+00
1.000000000000000000e+01
1.618375787406340027e+00
9.929774064356760022e+00
1.000000000000000000e+01
9.844487487799060688e+00
5.830476968443560004e+00
5.048481924136550170e+00
5.384424717130340543e-01
3.955062167277410001e-01
1.709648999153809967e+00
