1.000000000000000000e+01
1.000000000000000000e+01
2.988946379280299936e+00
1.000000000000000000e+01
1.000000000000000000e+01
1.000000000000000000e+01
9.050460694528370542e-01
1.000000000000000000e+01
1.000000000000000000e+01
0.000000000000000000e+00
1.000000000000000000e+01
1.000000000000000000e+01
0.000000000000000000e+00
1.000000000000000000e+01
1.000000000000000000e+01
1.000000000000000000e+01
1.000000000000000000e+01
7.740700936750839478e-01
4.882833904383639734e+00
2.220644010180677919e-02
0.000000000000000000e+00
