       0.8194E+00       0.6924E-01       0.1325E-03       0.1354E-03
       0.7990E+00       0.8600E-01       0.1452E-03       0.1445E-03
       0.7272E+00       0.1213E+00       0.2536E-03       0.2542E-03
       0.6580E+00       0.1477E+00       0.4728E-03       0.4710E-03
       0.5761E+00       0.1689E+00       0.8268E-03       0.8283E-03
       0.4852E+00       0.1808E+00       0.1364E-02       0.1383E-02
       0.3904E+00       0.1818E+00       0.1931E-02       0.2078E-02
       0.3015E+00       0.1665E+00       0.2459E-02       0.2698E-02
       0.2255E+00       0.1445E+00       0.2765E-02       0.3131E-02
       0.1598E+00       0.1168E+00       0.2738E-02       0.3168E-02
       0.1076E+00       0.8880E-01       0.2448E-02       0.2927E-02
       0.7272E-01       0.6491E-01       0.2063E-02       0.2482E-02
       0.4589E-01       0.4558E-01       0.1545E-02       0.1876E-02
       0.2870E-01       0.3060E-01       0.1112E-02       0.1328E-02
       0.1702E-01       0.2028E-01       0.7395E-03       0.8577E-03
       0.8166E+00       0.7224E-01       0.1339E-03       0.1306E-03
       0.7753E+00       0.9572E-01       0.1633E-03       0.1645E-03
       0.7363E+00       0.1153E+00       0.2532E-03       0.2487E-03
       0.6549E+00       0.1500E+00       0.4749E-03       0.4730E-03
       0.5702E+00       0.1715E+00       0.8470E-03       0.8298E-03
       0.4805E+00       0.1830E+00       0.1369E-02       0.1386E-02
       0.3970E+00       0.1814E+00       0.1957E-02       0.2082E-02
       0.3007E+00       0.1667E+00       0.2418E-02       0.2663E-02
       0.2271E+00       0.1439E+00       0.2774E-02       0.3104E-02
       0.1617E+00       0.1161E+00       0.2747E-02       0.3212E-02
       0.1097E+00       0.8908E-01       0.2443E-02       0.2929E-02
       0.7175E-01       0.6469E-01       0.2030E-02       0.2473E-02
       0.4609E-01       0.4543E-01       0.1578E-02       0.1882E-02
       0.2805E-01       0.3061E-01       0.1079E-02       0.1296E-02
       0.1724E-01       0.2041E-01       0.7548E-03       0.8930E-03
       0.8124E+00       0.7126E-01       0.1287E-03       0.1253E-03
       0.7993E+00       0.8687E-01       0.1508E-03       0.1498E-03
       0.7392E+00       0.1139E+00       0.2396E-03       0.2482E-03
       0.6573E+00       0.1479E+00       0.4756E-03       0.4772E-03
       0.5807E+00       0.1694E+00       0.8402E-03       0.8277E-03
       0.4834E+00       0.1826E+00       0.1347E-02       0.1382E-02
       0.3913E+00       0.1830E+00       0.1954E-02       0.2098E-02
       0.3039E+00       0.1671E+00       0.2486E-02       0.2704E-02
       0.2272E+00       0.1442E+00       0.2792E-02       0.3123E-02
       0.1603E+00       0.1163E+00       0.2723E-02       0.3190E-02
       0.1096E+00       0.8918E-01       0.2446E-02       0.2967E-02
       0.7145E-01       0.6565E-01       0.2073E-02       0.2488E-02
       0.4614E-01       0.4538E-01       0.1554E-02       0.1900E-02
       0.2802E-01       0.3072E-01       0.1084E-02       0.1347E-02
       0.1704E-01       0.2046E-01       0.7314E-03       0.8694E-03
