  0.427346280000000       1.627860000000000E-003  0.000000000000000E+000
  0.442919160000000       1.393680000000000E-003  0.000000000000000E+000
  0.435369840000000       1.466479999999999E-003  8.000000000000000E-008
  0.480107760000000       1.917880000000000E-003  8.000000000000000E-008
  0.528728400000000       2.214299999999999E-003  1.740000000000000E-006
  0.683560320000000       4.000300000000001E-003  0.000000000000000E+000
  0.763513680000000       4.983099999999998E-003  2.200000000000000E-006
  0.476976720000000       2.036020000000000E-003  6.200000000000000E-007
  6.843348000000000E-002  2.444600000000000E-004  0.000000000000000E+000
  3.289536000000000E-002  1.186400000000000E-004  0.000000000000000E+000
  4.795199999999999E-004  0.000000000000000E+000  0.000000000000000E+000
  2.671200000000000E-004  0.000000000000000E+000  0.000000000000000E+000
  6.925200000000001E-004  0.000000000000000E+000  0.000000000000000E+000
  1.111920000000000E-003  0.000000000000000E+000  0.000000000000000E+000
  2.458200000000000E-003  0.000000000000000E+000  0.000000000000000E+000
  8.137319999999998E-003  0.000000000000000E+000  0.000000000000000E+000
  4.561716000000002E-002  2.400000000000000E-007  0.000000000000000E+000
  0.278282280000000       6.575200000000002E-004  0.000000000000000E+000
  0.591638760000000       3.208420000000000E-003  6.000000000000001E-008
  4.932467999999999E-002  9.288000000000001E-005  0.000000000000000E+000
  0.000000000000000E+000  0.000000000000000E+000  0.000000000000000E+000
  0.000000000000000E+000  0.000000000000000E+000  0.000000000000000E+000
  0.000000000000000E+000  0.000000000000000E+000  0.000000000000000E+000
  0.000000000000000E+000  0.000000000000000E+000  0.000000000000000E+000
  0.000000000000000E+000  0.000000000000000E+000  0.000000000000000E+000
  1.200000000000000E-007  0.000000000000000E+000  0.000000000000000E+000
  6.446399999999999E-004  0.000000000000000E+000  0.000000000000000E+000
  3.884808000000000E-002  2.552000000000000E-005  6.799999999999999E-007
  0.449689560000000       1.571100000000000E-003  1.100000000000000E-006
  0.113175840000000       3.879800000000000E-004  0.000000000000000E+000
  0.000000000000000E+000  0.000000000000000E+000  0.000000000000000E+000
  0.000000000000000E+000  0.000000000000000E+000  0.000000000000000E+000
  0.000000000000000E+000  0.000000000000000E+000  0.000000000000000E+000
  0.000000000000000E+000  0.000000000000000E+000  0.000000000000000E+000
  0.000000000000000E+000  0.000000000000000E+000  0.000000000000000E+000
  2.160000000000000E-006  0.000000000000000E+000  0.000000000000000E+000
  3.600000000000000E-007  0.000000000000000E+000  0.000000000000000E+000
  2.405760000000001E-003  0.000000000000000E+000  0.000000000000000E+000
  0.227507640000000       4.686800000000000E-004  0.000000000000000E+000
  0.328635120000000       1.225860000000000E-003  4.000000000000000E-008
  0.000000000000000E+000  0.000000000000000E+000  0.000000000000000E+000
  0.000000000000000E+000  0.000000000000000E+000  0.000000000000000E+000
  0.000000000000000E+000  0.000000000000000E+000  0.000000000000000E+000
  0.000000000000000E+000  0.000000000000000E+000  0.000000000000000E+000
  0.000000000000000E+000  0.000000000000000E+000  0.000000000000000E+000
  0.000000000000000E+000  0.000000000000000E+000  0.000000000000000E+000
  0.000000000000000E+000  0.000000000000000E+000  0.000000000000000E+000
  5.449200000000000E-004  0.000000000000000E+000  0.000000000000000E+000
  8.452715999999999E-002  5.484000000000000E-005  0.000000000000000E+000
  0.514865760000000       2.021160000000000E-003  5.220000000000001E-006
   1.27796220000000       1.400456000000000E-002  3.600000000000000E-006
   1.13413692000000       1.311544000000000E-002  1.600000000000000E-007
   1.09898496000000       1.091866000000000E-002  0.000000000000000E+000
  0.837000360000000       5.640600000000001E-003  0.000000000000000E+000
  0.516177600000000       2.881100000000000E-003  2.440000000000000E-006
  9.291492000000000E-002  2.603000000000000E-004  0.000000000000000E+000
  6.070799999999999E-003  0.000000000000000E+000  0.000000000000000E+000
  0.000000000000000E+000  0.000000000000000E+000  0.000000000000000E+000
  3.215028000000000E-002  0.000000000000000E+000  0.000000000000000E+000
  2.282304000000000E-002  0.000000000000000E+000  0.000000000000000E+000
  8.907444000000000E-002  9.304000000000000E-005  0.000000000000000E+000
  0.119526720000000       5.010000000000000E-005  0.000000000000000E+000
  0.136969560000000       1.234000000000000E-004  0.000000000000000E+000
  0.176076600000000       1.761000000000000E-004  0.000000000000000E+000
  0.302811600000000       5.192000000000000E-004  0.000000000000000E+000
  0.839883960000000       4.845620000000000E-003  0.000000000000000E+000
   2.14639668000000       3.594974000000000E-002  9.600000000000001E-007
  0.187845720000000       5.878799999999999E-004  0.000000000000000E+000
  4.030320000000000E-003  0.000000000000000E+000  0.000000000000000E+000
  3.528000000000000E-005  0.000000000000000E+000  0.000000000000000E+000
  0.000000000000000E+000  0.000000000000000E+000  0.000000000000000E+000
  0.000000000000000E+000  0.000000000000000E+000  0.000000000000000E+000
  6.828000000000000E-005  0.000000000000000E+000  0.000000000000000E+000
  3.108000000000000E-005  0.000000000000000E+000  0.000000000000000E+000
  3.691200000000000E-004  0.000000000000000E+000  0.000000000000000E+000
  4.123800000000000E-003  0.000000000000000E+000  0.000000000000000E+000
  0.156509520000000       2.840000000000000E-004  0.000000000000000E+000
   1.51599264000000       1.959868000000000E-002  3.080000000000000E-006
  1.844220000000000E-002  0.000000000000000E+000  0.000000000000000E+000
  2.712000000000000E-005  0.000000000000000E+000  0.000000000000000E+000
  0.000000000000000E+000  0.000000000000000E+000  0.000000000000000E+000
  0.000000000000000E+000  0.000000000000000E+000  0.000000000000000E+000
  0.000000000000000E+000  0.000000000000000E+000  0.000000000000000E+000
  0.000000000000000E+000  0.000000000000000E+000  0.000000000000000E+000
  0.000000000000000E+000  0.000000000000000E+000  0.000000000000000E+000
  0.000000000000000E+000  0.000000000000000E+000  0.000000000000000E+000
  2.985360000000000E-003  0.000000000000000E+000  0.000000000000000E+000
  0.425346360000000       1.282940000000000E-003  0.000000000000000E+000
  4.248324000000001E-002  2.988000000000000E-005  0.000000000000000E+000
  2.397156000000000E-002  0.000000000000000E+000  0.000000000000000E+000
  0.000000000000000E+000  0.000000000000000E+000  0.000000000000000E+000
  0.000000000000000E+000  0.000000000000000E+000  0.000000000000000E+000
  0.000000000000000E+000  0.000000000000000E+000  0.000000000000000E+000
  0.000000000000000E+000  0.000000000000000E+000  0.000000000000000E+000
  0.000000000000000E+000  0.000000000000000E+000  0.000000000000000E+000
  0.000000000000000E+000  0.000000000000000E+000  0.000000000000000E+000
  0.000000000000000E+000  0.000000000000000E+000  0.000000000000000E+000
  6.101315999999999E-002  6.600000000000000E-006  0.000000000000000E+000
  0.638397480000000       3.740040000000000E-003  0.000000000000000E+000
  9.024000000000000E-004  0.000000000000000E+000  0.000000000000000E+000
  1.620000000000000E-005  0.000000000000000E+000  0.000000000000000E+000
  3.235679999999999E-003  0.000000000000000E+000  0.000000000000000E+000
  6.266436000000000E-002  0.000000000000000E+000  0.000000000000000E+000
  5.508000000000000E-005  0.000000000000000E+000  0.000000000000000E+000
  0.000000000000000E+000  0.000000000000000E+000  0.000000000000000E+000
  0.000000000000000E+000  0.000000000000000E+000  0.000000000000000E+000
  0.000000000000000E+000  0.000000000000000E+000  0.000000000000000E+000
  0.000000000000000E+000  0.000000000000000E+000  0.000000000000000E+000
  0.000000000000000E+000  0.000000000000000E+000  0.000000000000000E+000
  0.000000000000000E+000  0.000000000000000E+000  0.000000000000000E+000
   5.22796764000000       0.201106480000000       2.980000000000000E-006
   5.58021348000000       0.216762980000000       9.799999999999999E-006
   5.98481484000000       0.237409100000000       1.660000000000000E-006
   6.12794292000000       0.250527360000000       1.660000000000000E-006
   6.13720488000000       0.237803080000000       3.018000000000000E-005
   3.03566832000000       4.693679999999999E-002  1.052000000000000E-005
  0.206237760000000       9.600000000000001E-007  0.000000000000000E+000
  0.000000000000000E+000  0.000000000000000E+000  0.000000000000000E+000
  0.000000000000000E+000  0.000000000000000E+000  0.000000000000000E+000
  0.000000000000000E+000  0.000000000000000E+000  0.000000000000000E+000
  3.519180000000000E-002  0.000000000000000E+000  0.000000000000000E+000
  2.462772000000001E-002  0.000000000000000E+000  0.000000000000000E+000
  4.513643999999999E-002  0.000000000000000E+000  0.000000000000000E+000
  7.609379999999999E-002  2.670000000000000E-005  0.000000000000000E+000
  0.188623080000000       4.364000000000001E-005  0.000000000000000E+000
   1.00945128000000       9.089720000000001E-003  2.360000000000000E-006
   4.33715496000000       0.134989100000000       9.360000000000000E-006
  9.667259999999998E-002  0.000000000000000E+000  0.000000000000000E+000
  1.608480000000000E-003  0.000000000000000E+000  0.000000000000000E+000
  2.184000000000000E-005  0.000000000000000E+000  0.000000000000000E+000
  0.000000000000000E+000  0.000000000000000E+000  0.000000000000000E+000
  1.651200000000000E-004  0.000000000000000E+000  0.000000000000000E+000
  0.000000000000000E+000  0.000000000000000E+000  0.000000000000000E+000
  0.000000000000000E+000  0.000000000000000E+000  0.000000000000000E+000
  5.673599999999999E-004  0.000000000000000E+000  0.000000000000000E+000
  7.003920000000000E-003  0.000000000000000E+000  0.000000000000000E+000
  0.564217440000000       1.898319999999999E-003  3.180000000000000E-006
   1.84245576000000       2.664512000000001E-002  2.400000000000000E-007
  7.137960000000000E-003  0.000000000000000E+000  0.000000000000000E+000
  8.040000000000001E-006  0.000000000000000E+000  0.000000000000000E+000
  0.000000000000000E+000  0.000000000000000E+000  0.000000000000000E+000
  0.000000000000000E+000  0.000000000000000E+000  0.000000000000000E+000
  0.000000000000000E+000  0.000000000000000E+000  0.000000000000000E+000
  0.000000000000000E+000  0.000000000000000E+000  0.000000000000000E+000
  0.000000000000000E+000  0.000000000000000E+000  0.000000000000000E+000
  0.000000000000000E+000  0.000000000000000E+000  0.000000000000000E+000
  1.204344000000000E-002  0.000000000000000E+000  0.000000000000000E+000
   2.57550960000000       5.251356000000001E-002  3.220000000000000E-006
  0.000000000000000E+000  0.000000000000000E+000  0.000000000000000E+000
  0.000000000000000E+000  0.000000000000000E+000  0.000000000000000E+000
  2.767500000000000E-002  0.000000000000000E+000  0.000000000000000E+000
  8.727864000000000E-002  0.000000000000000E+000  0.000000000000000E+000
  3.240000000000000E-005  0.000000000000000E+000  0.000000000000000E+000
  2.725200000000000E-004  0.000000000000000E+000  0.000000000000000E+000
  2.280000000000000E-005  0.000000000000000E+000  0.000000000000000E+000
  0.000000000000000E+000  0.000000000000000E+000  0.000000000000000E+000
  2.640000000000000E-006  0.000000000000000E+000  0.000000000000000E+000
  0.000000000000000E+000  0.000000000000000E+000  0.000000000000000E+000
  5.783748000000000E-002  0.000000000000000E+000  0.000000000000000E+000
  0.000000000000000E+000  0.000000000000000E+000  0.000000000000000E+000
   3.13434684000000       6.389140000000000E-003  0.000000000000000E+000
   3.47907348000000       9.875979999999999E-003  0.000000000000000E+000
   3.17375772000000       6.013479999999999E-003  2.220000000000000E-006
   2.04703800000000       1.304840000000000E-003  0.000000000000000E+000
   1.12366212000000       3.990680000000000E-003  0.000000000000000E+000
  0.114143880000000       0.000000000000000E+000  0.000000000000000E+000
  0.119391480000000       0.000000000000000E+000  0.000000000000000E+000
  0.000000000000000E+000  0.000000000000000E+000  0.000000000000000E+000
  0.000000000000000E+000  0.000000000000000E+000  0.000000000000000E+000
  0.000000000000000E+000  0.000000000000000E+000  0.000000000000000E+000
   2.84861424000000       6.051066000000001E-002  0.000000000000000E+000
   2.76181548000000       5.635868000000000E-002  0.000000000000000E+000
   3.62490516000000       8.368550000000001E-002  2.340000000000000E-006
   4.89692748000000       0.151074680000000       2.000000000000000E-007
   8.22170892000000       0.353797640000000       1.800000000000000E-006
   8.76938820000000       0.210512740000000       4.680000000000000E-006
  0.195897360000000       0.000000000000000E+000  0.000000000000000E+000
  0.140357880000000       0.000000000000000E+000  0.000000000000000E+000
  0.000000000000000E+000  0.000000000000000E+000  0.000000000000000E+000
  0.000000000000000E+000  0.000000000000000E+000  0.000000000000000E+000
  7.755719999999999E-003  0.000000000000000E+000  0.000000000000000E+000
  8.024399999999999E-003  0.000000000000000E+000  0.000000000000000E+000
  1.547196000000000E-002  0.000000000000000E+000  0.000000000000000E+000
  2.740512000000000E-002  2.160000000000000E-005  0.000000000000000E+000
  0.104390400000000       9.362000000000000E-005  0.000000000000000E+000
   1.43394972000000       1.639972000000000E-002  0.000000000000000E+000
   7.45545504000000       0.250183020000000       4.820000000000000E-006
  9.075480000000000E-003  0.000000000000000E+000  0.000000000000000E+000
  0.000000000000000E+000  0.000000000000000E+000  0.000000000000000E+000
  0.000000000000000E+000  0.000000000000000E+000  0.000000000000000E+000
  0.000000000000000E+000  0.000000000000000E+000  0.000000000000000E+000
  0.000000000000000E+000  0.000000000000000E+000  0.000000000000000E+000
  0.000000000000000E+000  0.000000000000000E+000  0.000000000000000E+000
  0.000000000000000E+000  0.000000000000000E+000  0.000000000000000E+000
  3.624000000000000E-005  0.000000000000000E+000  0.000000000000000E+000
  2.030700000000001E-002  3.578000000000000E-005  0.000000000000000E+000
   1.76437716000000       2.767310000000000E-002  2.760000000000000E-006
  0.464684040000000       1.283280000000000E-003  0.000000000000000E+000
  5.292000000000000E-005  0.000000000000000E+000  0.000000000000000E+000
  0.000000000000000E+000  0.000000000000000E+000  0.000000000000000E+000
  0.000000000000000E+000  0.000000000000000E+000  0.000000000000000E+000
  0.115293240000000       0.000000000000000E+000  0.000000000000000E+000
  0.115177440000000       0.000000000000000E+000  0.000000000000000E+000
  0.000000000000000E+000  0.000000000000000E+000  0.000000000000000E+000
  0.120037680000000       0.000000000000000E+000  0.000000000000000E+000
  0.000000000000000E+000  0.000000000000000E+000  0.000000000000000E+000
  0.000000000000000E+000  0.000000000000000E+000  0.000000000000000E+000
  0.000000000000000E+000  0.000000000000000E+000  0.000000000000000E+000
  0.000000000000000E+000  0.000000000000000E+000  0.000000000000000E+000
  0.000000000000000E+000  0.000000000000000E+000  0.000000000000000E+000
   2.22399564000000       0.000000000000000E+000  0.000000000000000E+000
   2.59627512000000       0.000000000000000E+000  0.000000000000000E+000
   1.27285596000000       0.000000000000000E+000  0.000000000000000E+000
  0.714988080000000       0.000000000000000E+000  0.000000000000000E+000
  0.648773160000000       0.000000000000000E+000  0.000000000000000E+000
  1.222428000000000E-002  0.000000000000000E+000  0.000000000000000E+000
  0.119735280000000       0.000000000000000E+000  0.000000000000000E+000
  0.000000000000000E+000  0.000000000000000E+000  0.000000000000000E+000
  0.000000000000000E+000  0.000000000000000E+000  0.000000000000000E+000
  0.000000000000000E+000  0.000000000000000E+000  0.000000000000000E+000
   16.7932839600000       0.173410240000000       6.080000000000000E-006
   16.7859979200000       0.183438880000000       0.000000000000000E+000
   15.6749086800000       0.103033700000000       3.400000000000000E-006
   12.6532036800000       9.132440000000001E-002  0.000000000000000E+000
   8.10288204000000       2.326608000000000E-002  0.000000000000000E+000
   1.66730388000000       6.600000000000000E-007  0.000000000000000E+000
  0.308496120000000       0.000000000000000E+000  0.000000000000000E+000
  0.000000000000000E+000  0.000000000000000E+000  0.000000000000000E+000
  0.000000000000000E+000  0.000000000000000E+000  0.000000000000000E+000
  0.000000000000000E+000  0.000000000000000E+000  0.000000000000000E+000
   1.17728616000000       8.767959999999998E-003  0.000000000000000E+000
   1.37032716000000       8.769240000000001E-003  0.000000000000000E+000
   1.53500688000000       9.849259999999997E-003  0.000000000000000E+000
   2.69247480000000       3.525886000000000E-002  0.000000000000000E+000
   6.09858948000000       0.119925800000000       1.000000000000000E-007
   13.2043836000000       0.254656480000000       2.720000000000000E-006
   1.17786096000000       4.144240000000000E-003  0.000000000000000E+000
  4.442063999999999E-002  0.000000000000000E+000  0.000000000000000E+000
  0.000000000000000E+000  0.000000000000000E+000  0.000000000000000E+000
  0.000000000000000E+000  0.000000000000000E+000  0.000000000000000E+000
  3.672840000000001E-003  0.000000000000000E+000  0.000000000000000E+000
  2.704800000000000E-004  0.000000000000000E+000  0.000000000000000E+000
  3.628320000000000E-003  0.000000000000000E+000  0.000000000000000E+000
  1.703868000000000E-002  0.000000000000000E+000  0.000000000000000E+000
  5.030004000000000E-002  0.000000000000000E+000  0.000000000000000E+000
   1.69479444000000       1.806326000000000E-002  0.000000000000000E+000
   9.90534804000000       0.205730800000000       4.640000000000000E-006
  1.327224000000000E-002  0.000000000000000E+000  0.000000000000000E+000
  0.000000000000000E+000  0.000000000000000E+000  0.000000000000000E+000
  0.000000000000000E+000  0.000000000000000E+000  0.000000000000000E+000
  0.175326000000000       0.000000000000000E+000  0.000000000000000E+000
  2.526552000000000E-002  0.000000000000000E+000  0.000000000000000E+000
  0.000000000000000E+000  0.000000000000000E+000  0.000000000000000E+000
  0.000000000000000E+000  0.000000000000000E+000  0.000000000000000E+000
  1.331568000000000E-002  0.000000000000000E+000  0.000000000000000E+000
  0.120000000000000       0.000000000000000E+000  0.000000000000000E+000
  0.000000000000000E+000  0.000000000000000E+000  0.000000000000000E+000
  0.000000000000000E+000  0.000000000000000E+000  0.000000000000000E+000
  0.000000000000000E+000  0.000000000000000E+000  0.000000000000000E+000
  0.000000000000000E+000  0.000000000000000E+000  0.000000000000000E+000
  0.893113080000000       0.000000000000000E+000  0.000000000000000E+000
   1.53350148000000       0.000000000000000E+000  0.000000000000000E+000
   1.22129256000000       0.000000000000000E+000  0.000000000000000E+000
  0.970472880000000       0.000000000000000E+000  0.000000000000000E+000
  0.437717280000000       0.000000000000000E+000  0.000000000000000E+000
  0.000000000000000E+000  0.000000000000000E+000  0.000000000000000E+000
  0.206349240000000       0.000000000000000E+000  0.000000000000000E+000
  0.000000000000000E+000  0.000000000000000E+000  0.000000000000000E+000
  0.000000000000000E+000  0.000000000000000E+000  0.000000000000000E+000
  0.000000000000000E+000  0.000000000000000E+000  0.000000000000000E+000
   13.6863777600000       4.016420000000001E-003  0.000000000000000E+000
   14.5511010000000       2.043538000000000E-002  5.420000000000000E-006
   13.8252465600000       3.510392000000000E-002  0.000000000000000E+000
   10.9251158400000       1.726240000000000E-003  0.000000000000000E+000
   6.33568008000000       1.810980000000000E-003  0.000000000000000E+000
   1.89504948000000       0.000000000000000E+000  0.000000000000000E+000
  0.118380720000000       0.000000000000000E+000  0.000000000000000E+000
  0.000000000000000E+000  0.000000000000000E+000  0.000000000000000E+000
  0.000000000000000E+000  0.000000000000000E+000  0.000000000000000E+000
  0.000000000000000E+000  0.000000000000000E+000  0.000000000000000E+000
   16.3587610800000       0.139895780000000       0.000000000000000E+000
   15.9965608800000       0.113408860000000       0.000000000000000E+000
   17.8617578400000       0.120949660000000       0.000000000000000E+000
   19.0599542400000       0.142855160000000       0.000000000000000E+000
   17.9138828400000       7.327552000000001E-002  0.000000000000000E+000
   10.5463556400000       2.506306000000000E-002  0.000000000000000E+000
  0.878909280000000       0.000000000000000E+000  0.000000000000000E+000
  0.000000000000000E+000  0.000000000000000E+000  0.000000000000000E+000
  0.000000000000000E+000  0.000000000000000E+000  0.000000000000000E+000
  0.000000000000000E+000  0.000000000000000E+000  0.000000000000000E+000
  0.342209040000000       7.027400000000000E-004  0.000000000000000E+000
  0.454209720000000       2.504400000000000E-004  0.000000000000000E+000
  0.693139560000000       4.520400000000000E-004  0.000000000000000E+000
   1.16560848000000       1.369080000000000E-003  0.000000000000000E+000
   4.81673268000000       3.514652000000000E-002  0.000000000000000E+000
   18.2033761200000       0.190593760000000       2.360000000000000E-006
   3.75440028000000       1.087640000000000E-003  0.000000000000000E+000
  0.119949240000000       0.000000000000000E+000  0.000000000000000E+000
  0.000000000000000E+000  0.000000000000000E+000  0.000000000000000E+000
  0.000000000000000E+000  0.000000000000000E+000  0.000000000000000E+000
   10.5019575600000       1.637000000000000E-004  0.000000000000000E+000
   11.4963250800000       5.312720000000000E-003  0.000000000000000E+000
   12.0270350400000       1.340380000000000E-002  2.000000000000000E-007
   7.42695060000000       0.000000000000000E+000  0.000000000000000E+000
   5.57206980000000       0.000000000000000E+000  0.000000000000000E+000
   1.63181760000000       0.000000000000000E+000  0.000000000000000E+000
  2.125308000000000E-002  0.000000000000000E+000  0.000000000000000E+000
  0.000000000000000E+000  0.000000000000000E+000  0.000000000000000E+000
  2.774988000000000E-002  0.000000000000000E+000  0.000000000000000E+000
  0.000000000000000E+000  0.000000000000000E+000  0.000000000000000E+000
   22.2791668800000       4.585240000000001E-002  0.000000000000000E+000
   20.4385194000000       1.775024000000000E-002  0.000000000000000E+000
   25.0648536000000       8.022739999999999E-003  0.000000000000000E+000
   20.7502969200000       2.299000000000000E-002  0.000000000000000E+000
   17.2294824000000       1.684812000000000E-002  0.000000000000000E+000
   7.74144816000000       0.000000000000000E+000  0.000000000000000E+000
  0.465602160000000       0.000000000000000E+000  0.000000000000000E+000
  0.000000000000000E+000  0.000000000000000E+000  0.000000000000000E+000
  0.000000000000000E+000  0.000000000000000E+000  0.000000000000000E+000
  0.000000000000000E+000  0.000000000000000E+000  0.000000000000000E+000
   7.34311200000000       2.198342000000000E-002  0.000000000000000E+000
   9.53143512000000       2.723291999999999E-002  0.000000000000000E+000
   10.6327617600000       3.342117999999999E-002  0.000000000000000E+000
   14.0255661600000       4.125506000000000E-002  0.000000000000000E+000
   18.9697111200000       7.087230000000001E-002  0.000000000000000E+000
   16.9764566400000       8.091340000000001E-003  0.000000000000000E+000
   3.04136772000000       0.000000000000000E+000  0.000000000000000E+000
  0.000000000000000E+000  0.000000000000000E+000  0.000000000000000E+000
  0.000000000000000E+000  0.000000000000000E+000  0.000000000000000E+000
  0.000000000000000E+000  0.000000000000000E+000  0.000000000000000E+000
   16.7840990400000       7.453920000000000E-003  0.000000000000000E+000
   16.3097893200000       1.247006000000000E-002  0.000000000000000E+000
   18.8812296000000       0.000000000000000E+000  0.000000000000000E+000
   19.7301006000000       2.590596000000000E-002  0.000000000000000E+000
   20.1665805600000       5.546740000000000E-003  0.000000000000000E+000
   14.0463430800000       0.000000000000000E+000  0.000000000000000E+000
   2.24823372000000       0.000000000000000E+000  0.000000000000000E+000
  0.260832600000000       0.000000000000000E+000  0.000000000000000E+000
  0.000000000000000E+000  0.000000000000000E+000  0.000000000000000E+000
  0.000000000000000E+000  0.000000000000000E+000  0.000000000000000E+000
