   3.00000000000000     
   3.00000000000000     
   3.00000000000000     
   3.00000000000000     
   3.00000000000000     
   3.00000000000000     
   3.00000000000000     
   3.00000000000000     
   3.00000000000000     
   3.00000000000000     
   4.00000000000000     
   4.00000000000000     
   4.00000000000000     
   4.00000000000000     
   4.00000000000000     
   4.00000000000000     
   4.00000000000000     
   4.00000000000000     
   4.00000000000000     
   4.00000000000000     
   5.00000000000000     
   5.00000000000000     
   5.00000000000000     
   5.00000000000000     
   5.00000000000000     
   5.00000000000000     
   5.00000000000000     
   5.00000000000000     
