   11.0000000000000       0.100000000000000     
   11.0000000000000       0.145923280296109     
   11.0000000000000       0.212936037323766     
   11.0000000000000       0.310723250595386     
   11.0000000000000       0.453417559911485     
   11.0000000000000       0.661641776861411     
   11.0000000000000       0.965489384605630     
   11.0000000000000        1.40887378092725     
   11.0000000000000        2.05587483636085     
   11.0000000000000        3.00000000000000     
   11.0000000000000       0.100000000000000     
   11.0000000000000       0.145923280296109     
   11.0000000000000       0.212936037323766     
   11.0000000000000       0.310723250595386     
   11.0000000000000       0.453417559911485     
   11.0000000000000       0.661641776861411     
   11.0000000000000       0.965489384605630     
   11.0000000000000        1.40887378092725     
   11.0000000000000        2.05587483636085     
   11.0000000000000        3.00000000000000     
   11.0000000000000       0.100000000000000     
   11.0000000000000       0.145923280296109     
   11.0000000000000       0.212936037323766     
   11.0000000000000       0.310723250595386     
   11.0000000000000       0.453417559911485     
   11.0000000000000       0.661641776861411     
   11.0000000000000       0.965489384605630     
   11.0000000000000        1.40887378092725     
