  0.000000000000000E+000  0.000000000000000E+000  0.000000000000000E+000
  0.000000000000000E+000  0.000000000000000E+000  0.000000000000000E+000
  0.000000000000000E+000  0.000000000000000E+000  0.000000000000000E+000
  0.000000000000000E+000  0.000000000000000E+000  0.000000000000000E+000
  0.000000000000000E+000  0.000000000000000E+000  0.000000000000000E+000
  0.000000000000000E+000  0.000000000000000E+000  0.000000000000000E+000
  1.104000000000000E-005  0.000000000000000E+000  0.000000000000000E+000
  4.560000000000001E-004  0.000000000000000E+000  0.000000000000000E+000
  1.358328000000000E-002  1.000000000000000E-007  0.000000000000000E+000
  0.104994480000000       4.152000000000000E-005  0.000000000000000E+000
  0.000000000000000E+000  0.000000000000000E+000  0.000000000000000E+000
  0.000000000000000E+000  0.000000000000000E+000  0.000000000000000E+000
  0.000000000000000E+000  0.000000000000000E+000  0.000000000000000E+000
  0.000000000000000E+000  0.000000000000000E+000  0.000000000000000E+000
  8.400000000000000E-007  0.000000000000000E+000  0.000000000000000E+000
  1.153200000000000E-004  0.000000000000000E+000  0.000000000000000E+000
  1.003680000000000E-003  0.000000000000000E+000  0.000000000000000E+000
  1.827240000000001E-002  2.740000000000000E-006  0.000000000000000E+000
  0.284150640000000       5.482599999999998E-004  1.640000000000000E-006
  3.434207999999999E-002  1.268000000000000E-005  0.000000000000000E+000
  1.905600000000000E-004  0.000000000000000E+000  0.000000000000000E+000
  7.452000000000000E-005  0.000000000000000E+000  0.000000000000000E+000
  5.064000000000000E-005  0.000000000000000E+000  0.000000000000000E+000
  1.395600000000000E-004  0.000000000000000E+000  0.000000000000000E+000
  7.044000000000000E-004  0.000000000000000E+000  0.000000000000000E+000
  2.780160000000000E-003  0.000000000000000E+000  0.000000000000000E+000
  2.555556000000000E-002  9.200000000000000E-007  0.000000000000000E+000
  0.357875160000000       1.089780000000000E-003  0.000000000000000E+000
  0.385109640000000       1.822360000000000E-003  7.699999999999999E-006
  9.608303999999998E-002  3.161600000000001E-004  0.000000000000000E+000
  4.564079999999999E-003  0.000000000000000E+000  0.000000000000000E+000
  4.077120000000000E-003  0.000000000000000E+000  0.000000000000000E+000
  7.593959999999999E-003  0.000000000000000E+000  0.000000000000000E+000
  7.345199999999999E-003  0.000000000000000E+000  0.000000000000000E+000
  1.573847999999999E-002  0.000000000000000E+000  0.000000000000000E+000
  6.476364000000000E-002  2.987999999999999E-005  0.000000000000000E+000
  0.444759720000000       1.533220000000000E-003  1.200000000000000E-007
   2.37064392000000       4.479168000000001E-002  7.260000000000001E-006
  0.196381200000000       4.908200000000000E-004  0.000000000000000E+000
  0.112963920000000       1.713600000000000E-004  2.200000000000000E-007
  0.109733520000000       6.406000000000001E-005  0.000000000000000E+000
  0.110019960000000       1.362800000000000E-004  0.000000000000000E+000
  0.114241080000000       1.467400000000000E-004  0.000000000000000E+000
  0.175172880000000       3.367800000000001E-004  3.040000000000000E-006
  0.311452920000000       6.551000000000000E-004  0.000000000000000E+000
  0.967042560000000       7.715740000000000E-003  0.000000000000000E+000
   3.57323124000000       0.107092440000000       3.798000000000001E-005
   3.38189808000000       8.394338000000000E-002  1.510000000000000E-005
  0.179480400000000       3.883600000000000E-004  0.000000000000000E+000
  7.393764000000000E-002  9.270000000000000E-005  0.000000000000000E+000
   1.34116848000000       1.394360000000001E-002  0.000000000000000E+000
   1.47791100000000       1.779798000000000E-002  6.400000000000000E-007
   1.67025276000000       2.229846000000000E-002  1.940000000000000E-006
   1.94198508000000       3.424128000000000E-002  2.000000000000000E-007
   3.27219732000000       8.357840000000001E-002  1.938000000000000E-005
   6.46165464000000       0.340889140000000       4.780000000000000E-006
   7.29743556000000       0.351194880000000       2.916000000000001E-005
   1.78680900000000       1.297112000000000E-002  1.900000000000000E-006
  9.768708000000000E-002  2.037400000000000E-004  2.000000000000000E-008
  3.900708000000000E-002  7.400000000000000E-007  0.000000000000000E+000
   9.52204656000000       0.676637220000000       1.218000000000000E-005
   9.58901784000000       0.682722560000000       3.544000000000001E-005
   10.0530901200000       0.761328540000000       5.118000000000000E-005
   11.1007930800000       0.850747740000000       3.218000000000000E-005
   12.2265074400000       0.918639180000000       4.152000000000000E-005
   10.4341101600000       0.449066280000000       2.368000000000000E-005
   3.50850840000000       3.545364000000000E-002  1.240000000000000E-006
  0.856406400000000       3.242500000000000E-003  5.800000000000000E-007
  5.263211999999999E-002  1.570200000000000E-004  0.000000000000000E+000
  5.158356000000001E-002  9.032000000000000E-005  0.000000000000000E+000
   14.4740001600000       0.578665940000000       3.668000000000001E-005
   14.7962430000000       0.554655700000000       3.482000000000000E-005
   13.7732840400000       0.478149680000000       0.000000000000000E+000
   13.5306358800000       0.399694740000000       3.020000000000000E-005
   9.49540272000000       0.144683200000000       6.980000000000001E-006
   3.79845576000000       1.712260000000000E-002  2.640000000000000E-006
   1.54695972000000       4.690520000000000E-003  9.120000000000001E-006
  0.544443720000000       8.599400000000000E-004  0.000000000000000E+000
  7.978380000000000E-002  1.842000000000000E-005  0.000000000000000E+000
  0.115203600000000       0.000000000000000E+000  0.000000000000000E+000
   7.81472808000000       3.418995999999999E-002  2.000000000000000E-008
   6.32074644000000       3.623473999999999E-002  9.720000000000000E-006
   5.93161524000000       3.830656000000001E-002  0.000000000000000E+000
   5.91030888000000       2.355710000000001E-002  3.000000000000000E-007
   2.99173956000000       1.435820000000000E-002  3.800000000000000E-007
   1.35023952000000       1.040940000000000E-003  0.000000000000000E+000
  0.628347600000000       2.985200000000000E-004  0.000000000000000E+000
  0.163227480000000       2.210000000000000E-005  0.000000000000000E+000
  0.334791480000000       2.103600000000000E-004  0.000000000000000E+000
  0.650523840000000       6.044200000000000E-004  0.000000000000000E+000
  0.000000000000000E+000  0.000000000000000E+000  0.000000000000000E+000
  0.000000000000000E+000  0.000000000000000E+000  0.000000000000000E+000
  0.000000000000000E+000  0.000000000000000E+000  0.000000000000000E+000
  0.000000000000000E+000  0.000000000000000E+000  0.000000000000000E+000
  0.000000000000000E+000  0.000000000000000E+000  0.000000000000000E+000
  0.000000000000000E+000  0.000000000000000E+000  0.000000000000000E+000
  1.620000000000000E-005  0.000000000000000E+000  0.000000000000000E+000
  6.544799999999998E-004  0.000000000000000E+000  0.000000000000000E+000
  1.596888000000000E-002  3.200000000000000E-007  0.000000000000000E+000
  0.110344080000000       1.014800000000000E-004  2.000000000000000E-008
  0.000000000000000E+000  0.000000000000000E+000  0.000000000000000E+000
  0.000000000000000E+000  0.000000000000000E+000  0.000000000000000E+000
  0.000000000000000E+000  0.000000000000000E+000  0.000000000000000E+000
  0.000000000000000E+000  0.000000000000000E+000  0.000000000000000E+000
  0.000000000000000E+000  0.000000000000000E+000  0.000000000000000E+000
  5.280000000000000E-005  0.000000000000000E+000  0.000000000000000E+000
  9.333600000000000E-004  0.000000000000000E+000  0.000000000000000E+000
  1.978019999999999E-002  1.840000000000000E-006  0.000000000000000E+000
  0.284002080000000       6.402600000000001E-004  5.960000000000000E-006
  3.618299999999999E-002  4.228000000000000E-005  0.000000000000000E+000
  7.080000000000000E-005  0.000000000000000E+000  0.000000000000000E+000
  5.219999999999999E-005  0.000000000000000E+000  0.000000000000000E+000
  4.680000000000000E-005  0.000000000000000E+000  0.000000000000000E+000
  3.086400000000000E-004  0.000000000000000E+000  0.000000000000000E+000
  6.306000000000000E-004  0.000000000000000E+000  0.000000000000000E+000
  2.265600000000001E-003  0.000000000000000E+000  0.000000000000000E+000
  2.440764000000000E-002  5.900000000000000E-006  0.000000000000000E+000
  0.361563120000000       1.016980000000000E-003  1.260000000000000E-006
  0.390687720000000       2.081340000000001E-003  6.000000000000000E-007
  6.139380000000001E-002  1.145200000000000E-004  1.440000000000000E-006
  3.449880000000001E-003  0.000000000000000E+000  0.000000000000000E+000
  4.874880000000001E-003  0.000000000000000E+000  0.000000000000000E+000
  4.636680000000000E-003  0.000000000000000E+000  0.000000000000000E+000
  6.137759999999999E-003  0.000000000000000E+000  0.000000000000000E+000
  1.790376000000000E-002  1.440000000000000E-006  0.000000000000000E+000
  6.232044000000002E-002  1.924000000000000E-005  0.000000000000000E+000
  0.462809280000000       1.794139999999999E-003  0.000000000000000E+000
   2.37340320000000       4.682451999999999E-002  1.120000000000000E-005
  0.215906760000000       1.007680000000000E-003  0.000000000000000E+000
  0.107436360000000       2.004600000000000E-004  0.000000000000000E+000
  9.853727999999996E-002  1.422800000000000E-004  0.000000000000000E+000
  9.832679999999999E-002  4.228000000000000E-005  0.000000000000000E+000
  0.132525240000000       1.322000000000000E-004  0.000000000000000E+000
  0.158851440000000       2.480200000000000E-004  0.000000000000000E+000
  0.332595960000000       1.022700000000000E-003  0.000000000000000E+000
  0.901617960000000       6.576000000000003E-003  0.000000000000000E+000
   3.49966260000000       0.100728220000000       1.922000000000000E-005
   3.37665120000000       8.108761999999999E-002  2.248000000000000E-005
  0.136455720000000       1.716400000000000E-004  0.000000000000000E+000
  7.719912000000000E-002  6.131999999999999E-005  0.000000000000000E+000
   1.43709348000000       1.850872000000000E-002  0.000000000000000E+000
   1.54772928000000       1.820768000000000E-002  6.580000000000001E-006
   1.65044688000000       2.062700000000000E-002  0.000000000000000E+000
   2.08695492000000       3.654962000000000E-002  8.140000000000000E-006
   3.25810812000000       8.677061999999999E-002  1.570000000000000E-005
   6.57320580000000       0.342468100000000       2.468000000000000E-005
   7.12728864000000       0.319833520000000       4.500000000000000E-005
   2.02663692000000       1.558512000000000E-002  6.140000000000000E-006
  0.115373400000000       1.121600000000000E-004  0.000000000000000E+000
  4.900548000000000E-002  5.590000000000000E-005  0.000000000000000E+000
   9.29654832000000       0.644912520000000       2.660000000000000E-005
   9.59381940000000       0.672834100000000       3.242000000000000E-005
   10.0696297200000       0.739315420000000       3.924000000000000E-005
   10.9595096400000       0.857201040000001       5.144000000000001E-005
   12.5166168000000       0.967428920000000       5.906000000000001E-005
   10.6904320800000       0.450418280000000       9.259999999999999E-006
   3.31641060000000       2.158246000000000E-002  3.859999999999999E-006
  0.967429920000000       3.739320000000001E-003  0.000000000000000E+000
  6.894216000000002E-002  3.336000000000000E-005  0.000000000000000E+000
  3.906096000000000E-002  0.000000000000000E+000  0.000000000000000E+000
   14.8706472000000       0.580377940000000       2.192000000000000E-005
   14.0907646800000       0.556952480000000       2.478000000000000E-005
   13.9865318400000       0.512813260000000       2.124000000000000E-005
   12.5378941200000       0.366477500000000       1.294000000000000E-005
   9.88586928000000       0.170161860000000       6.340000000000000E-006
   4.31269716000000       1.538024000000000E-002  7.940000000000002E-006
   1.42219392000000       4.491480000000000E-003  0.000000000000000E+000
  0.367335360000000       7.016600000000001E-004  0.000000000000000E+000
  3.192156000000000E-002  7.600000000000000E-006  0.000000000000000E+000
  0.240365160000000       1.540000000000000E-005  0.000000000000000E+000
   7.33774224000000       4.346562000000000E-002  6.220000000000001E-006
   7.63156656000000       3.338202000000000E-002  6.980000000000001E-006
   6.49976040000000       3.048716000000000E-002  7.839999999999999E-006
   5.49641532000000       2.839788000000000E-002  6.799999999999999E-007
   4.25348892000000       5.554780000000000E-003  1.840000000000000E-006
   1.37090748000000       1.349040000000000E-003  0.000000000000000E+000
  0.435674880000000       4.676800000000000E-004  0.000000000000000E+000
  0.166077480000000       1.136200000000000E-004  0.000000000000000E+000
  0.185679840000000       1.191400000000000E-004  0.000000000000000E+000
  0.257592240000000       2.964000000000000E-005  0.000000000000000E+000
  0.000000000000000E+000  0.000000000000000E+000  0.000000000000000E+000
  0.000000000000000E+000  0.000000000000000E+000  0.000000000000000E+000
  0.000000000000000E+000  0.000000000000000E+000  0.000000000000000E+000
  0.000000000000000E+000  0.000000000000000E+000  0.000000000000000E+000
  0.000000000000000E+000  0.000000000000000E+000  0.000000000000000E+000
  0.000000000000000E+000  0.000000000000000E+000  0.000000000000000E+000
  1.632000000000000E-005  0.000000000000000E+000  0.000000000000000E+000
  5.015999999999999E-004  0.000000000000000E+000  0.000000000000000E+000
  1.477692000000000E-002  1.020000000000000E-006  0.000000000000000E+000
  0.108260400000000       7.562000000000000E-005  4.000000000000000E-007
  0.000000000000000E+000  0.000000000000000E+000  0.000000000000000E+000
  3.480000000000000E-006  0.000000000000000E+000  0.000000000000000E+000
  0.000000000000000E+000  0.000000000000000E+000  0.000000000000000E+000
  0.000000000000000E+000  0.000000000000000E+000  0.000000000000000E+000
  0.000000000000000E+000  0.000000000000000E+000  0.000000000000000E+000
  7.727999999999999E-005  0.000000000000000E+000  0.000000000000000E+000
  5.742000000000001E-004  0.000000000000000E+000  0.000000000000000E+000
  2.015268000000000E-002  5.400000000000000E-006  0.000000000000000E+000
  0.293186760000000       6.570799999999999E-004  0.000000000000000E+000
  3.279408000000000E-002  2.848000000000000E-005  0.000000000000000E+000
  2.976000000000000E-005  0.000000000000000E+000  0.000000000000000E+000
  1.542000000000000E-004  0.000000000000000E+000  0.000000000000000E+000
  1.668000000000000E-005  0.000000000000000E+000  0.000000000000000E+000
  1.640400000000000E-004  0.000000000000000E+000  0.000000000000000E+000
  4.724400000000000E-004  0.000000000000000E+000  0.000000000000000E+000
  1.597560000000000E-003  0.000000000000000E+000  0.000000000000000E+000
  2.564256000000000E-002  3.560000000000000E-006  0.000000000000000E+000
  0.365365800000000       8.502200000000001E-004  0.000000000000000E+000
  0.357975600000000       1.268420000000000E-003  2.040000000000000E-006
  5.501916000000000E-002  1.130800000000000E-004  0.000000000000000E+000
  4.171079999999999E-003  0.000000000000000E+000  0.000000000000000E+000
  4.088759999999999E-003  0.000000000000000E+000  0.000000000000000E+000
  5.354160000000000E-003  0.000000000000000E+000  0.000000000000000E+000
  7.755959999999999E-003  0.000000000000000E+000  0.000000000000000E+000
  1.730472000000000E-002  1.068000000000000E-005  0.000000000000000E+000
  5.869944000000001E-002  2.366000000000000E-005  0.000000000000000E+000
  0.453170880000000       1.357960000000000E-003  0.000000000000000E+000
   2.44507476000000       4.856218000000001E-002  1.624000000000000E-005
  0.216298200000000       5.447800000000000E-004  2.000000000000000E-008
  0.105715440000000       1.265000000000000E-004  0.000000000000000E+000
  0.102624840000000       6.277999999999999E-005  0.000000000000000E+000
  0.111060480000000       5.160000000000001E-005  0.000000000000000E+000
  0.124735680000000       1.082400000000000E-004  0.000000000000000E+000
  0.181465200000000       2.228400000000001E-004  0.000000000000000E+000
  0.319372080000000       8.234599999999997E-004  0.000000000000000E+000
  0.932809320000000       7.678160000000002E-003  0.000000000000000E+000
   3.49681488000000       0.103825360000000       3.800000000000000E-006
   3.45089820000000       8.379036000000002E-002  1.622000000000000E-005
  0.150663360000000       2.759000000000000E-004  0.000000000000000E+000
  0.107292960000000       4.057000000000001E-004  0.000000000000000E+000
   1.36120680000000       1.474174000000000E-002  7.600000000000000E-006
   1.46372328000000       1.822364000000000E-002  4.680000000000000E-006
   1.56686112000000       2.045896000000000E-002  5.400000000000000E-007
   2.01374076000000       3.502488000000000E-002  1.200000000000000E-007
   3.32978580000000       8.884859999999999E-002  1.680000000000000E-005
   6.33622272000000       0.337138640000000       2.586000000000000E-005
   7.42437876000000       0.374150100000000       2.702000000000000E-005
   1.80237840000000       1.440692000000000E-002  7.160000000000001E-006
  0.119438040000000       1.194200000000000E-004  0.000000000000000E+000
  4.236972000000001E-002  7.574000000000000E-005  0.000000000000000E+000
   9.05901180000000       0.631082540000000       3.857999999999999E-005
   9.60506772000000       0.672288980000000       2.822000000000000E-005
   10.0661293200000       0.726153480000000       2.744000000000000E-005
   11.0711403600000       0.870434880000000       3.210000000000000E-005
   12.1348591200000       0.928028120000000       3.784000000000000E-005
   10.2881365200000       0.477677400000000       1.456000000000000E-005
   3.45861744000000       3.426427999999999E-002  4.880000000000000E-006
  0.806383440000000       3.138440000000000E-003  0.000000000000000E+000
  9.706019999999997E-002  2.994000000000000E-005  0.000000000000000E+000
  1.824156000000000E-002  0.000000000000000E+000  0.000000000000000E+000
   15.3638714400000       0.610569160000000       5.800000000000000E-007
   14.2729465200000       0.542478040000000       2.886000000000000E-005
   13.9615129200000       0.491527700000000       2.106000000000000E-005
   12.1425382800000       0.300162820000000       2.604000000000000E-005
   9.87363948000000       0.170431000000000       7.260000000000000E-006
   3.79737588000000       1.586532000000000E-002  1.000000000000000E-007
  0.989848320000000       1.728200000000000E-003  0.000000000000000E+000
  0.401274360000000       3.348200000000000E-004  0.000000000000000E+000
  0.168133920000000       8.608000000000002E-005  0.000000000000000E+000
  5.551416000000001E-002  3.934000000000000E-005  0.000000000000000E+000
   7.17931140000000       4.895579999999999E-002  3.000000000000000E-007
   6.77243724000000       4.529771999999999E-002  2.400000000000000E-006
   6.60967404000000       2.580900000000000E-002  1.560000000000000E-006
   5.30370960000000       1.498656000000000E-002  0.000000000000000E+000
   3.46620972000000       9.537300000000000E-003  0.000000000000000E+000
   1.50167100000000       1.034320000000000E-003  0.000000000000000E+000
  0.704717400000000       4.820400000000001E-004  0.000000000000000E+000
  0.212977080000000       3.482400000000001E-004  0.000000000000000E+000
  0.500594640000000       1.843200000000000E-004  0.000000000000000E+000
  0.429523680000000       3.975200000000000E-004  0.000000000000000E+000
  0.000000000000000E+000  0.000000000000000E+000  0.000000000000000E+000
  0.000000000000000E+000  0.000000000000000E+000  0.000000000000000E+000
  0.000000000000000E+000  0.000000000000000E+000  0.000000000000000E+000
  0.000000000000000E+000  0.000000000000000E+000  0.000000000000000E+000
  0.000000000000000E+000  0.000000000000000E+000  0.000000000000000E+000
  0.000000000000000E+000  0.000000000000000E+000  0.000000000000000E+000
  4.920000000000000E-005  0.000000000000000E+000  0.000000000000000E+000
  5.422800000000000E-004  0.000000000000000E+000  0.000000000000000E+000
  1.477620000000000E-002  1.580000000000000E-006  0.000000000000000E+000
  0.110484120000000       1.260800000000000E-004  0.000000000000000E+000
  0.000000000000000E+000  0.000000000000000E+000  0.000000000000000E+000
  0.000000000000000E+000  0.000000000000000E+000  0.000000000000000E+000
  0.000000000000000E+000  0.000000000000000E+000  0.000000000000000E+000
  0.000000000000000E+000  0.000000000000000E+000  0.000000000000000E+000
  0.000000000000000E+000  0.000000000000000E+000  0.000000000000000E+000
  6.288000000000001E-005  0.000000000000000E+000  0.000000000000000E+000
  7.306799999999998E-004  0.000000000000000E+000  0.000000000000000E+000
  2.036688000000000E-002  1.656000000000000E-005  0.000000000000000E+000
  0.287381160000000       6.357600000000000E-004  3.600000000000000E-007
  3.359964000000001E-002  1.716000000000000E-005  0.000000000000000E+000
  5.904000000000001E-005  0.000000000000000E+000  0.000000000000000E+000
  7.379999999999999E-005  0.000000000000000E+000  0.000000000000000E+000
  1.618800000000000E-004  0.000000000000000E+000  0.000000000000000E+000
  1.718400000000000E-004  0.000000000000000E+000  0.000000000000000E+000
  5.889600000000000E-004  0.000000000000000E+000  0.000000000000000E+000
  1.304400000000000E-003  0.000000000000000E+000  0.000000000000000E+000
  2.602943999999999E-002  3.384000000000000E-005  0.000000000000000E+000
  0.361316280000000       8.879800000000000E-004  0.000000000000000E+000
  0.384834480000000       1.660840000000000E-003  1.460000000000000E-006
  8.254151999999999E-002  1.019800000000000E-004  3.040000000000000E-006
  4.494479999999999E-003  0.000000000000000E+000  0.000000000000000E+000
  3.515520000000000E-003  0.000000000000000E+000  0.000000000000000E+000
  4.761720000000001E-003  0.000000000000000E+000  0.000000000000000E+000
  6.940680000000002E-003  0.000000000000000E+000  0.000000000000000E+000
  1.380624000000000E-002  0.000000000000000E+000  0.000000000000000E+000
  6.232380000000001E-002  1.736000000000000E-005  0.000000000000000E+000
  0.454676400000000       1.967200000000000E-003  0.000000000000000E+000
   2.36789076000000       4.634862000000000E-002  9.420000000000000E-006
  0.188690760000000       4.913399999999999E-004  3.900000000000000E-006
  0.111946680000000       2.117400000000000E-004  1.000000000000000E-007
  9.782952000000002E-002  1.004200000000000E-004  0.000000000000000E+000
  9.959148000000002E-002  3.458000000000000E-005  0.000000000000000E+000
  0.136248840000000       7.032000000000000E-005  0.000000000000000E+000
  0.173350920000000       1.693400000000000E-004  0.000000000000000E+000
  0.322976520000000       1.059580000000000E-003  0.000000000000000E+000
  0.930936000000000       7.125880000000000E-003  2.940000000000000E-006
   3.59106924000000       0.110708620000000       1.440000000000000E-005
   3.51857916000000       8.567828000000001E-002  2.854000000000000E-005
  0.166594440000000       3.042800000000000E-004  0.000000000000000E+000
  0.133896360000000       2.188000000000000E-004  0.000000000000000E+000
   1.37256216000000       1.698758000000000E-002  2.200000000000000E-007
   1.50618216000000       1.654492000000000E-002  7.100000000000000E-006
   1.61394372000000       1.969630000000000E-002  1.200000000000000E-007
   2.08641876000000       3.579012000000001E-002  8.000000000000000E-008
   3.27234948000000       8.909906000000001E-002  4.600000000000000E-007
   6.42036996000000       0.331637580000000       3.886000000000000E-005
   7.17289824000000       0.346032540000000       2.106000000000000E-005
   1.79761452000000       1.616128000000000E-002  1.800000000000000E-007
  0.117580680000000       1.686800000000000E-004  0.000000000000000E+000
  5.151732000000000E-002  1.031200000000000E-004  0.000000000000000E+000
   9.37127952000000       0.652072820000000       4.420000000000000E-005
   9.65674404000000       0.710457320000000       4.026000000000000E-005
   10.2355876800000       0.779587820000000       5.439999999999999E-005
   10.9613658000000       0.830112560000000       2.586000000000000E-005
   12.2174161200000       0.941237860000000       2.448000000000000E-005
   10.4581284000000       0.472984980000000       3.200000000000000E-005
   3.17579940000000       2.622944000000000E-002  6.760000000000000E-006
   1.02539844000000       3.150719999999999E-003  0.000000000000000E+000
  6.000048000000002E-002  5.844000000000000E-005  0.000000000000000E+000
  7.761168000000002E-002  2.378000000000000E-005  0.000000000000000E+000
   14.7983718000000       0.594897440000000       1.210000000000000E-005
   15.7875147600000       0.685593800000000       4.200000000000000E-005
   14.3270020800000       0.508720080000000       1.048000000000000E-005
   13.0368070800000       0.394189900000000       2.620000000000000E-005
   9.55556652000000       0.126009040000000       9.600000000000000E-006
   3.68872284000000       2.412520000000000E-002  4.380000000000000E-006
   1.79127696000000       2.568320000000000E-003  8.000000000000000E-008
  0.478048320000000       4.194800000000000E-004  0.000000000000000E+000
  0.129674520000000       0.000000000000000E+000  0.000000000000000E+000
  0.179321160000000       0.000000000000000E+000  0.000000000000000E+000
   8.41689264000000       2.516530000000001E-002  2.000000000000000E-008
   6.63689496000000       4.261579999999999E-002  6.799999999999998E-007
   6.66144636000000       4.035275999999999E-002  0.000000000000000E+000
   5.62452924000000       2.837268000000000E-002  0.000000000000000E+000
   3.38926860000000       6.495580000000001E-003  2.400000000000000E-007
   1.84681128000000       2.615020000000000E-003  0.000000000000000E+000
  0.401538480000000       2.160000000000000E-004  0.000000000000000E+000
  0.161887320000000       9.545999999999998E-005  0.000000000000000E+000
  0.259875120000000       0.000000000000000E+000  0.000000000000000E+000
  0.390117480000000       2.337600000000000E-004  0.000000000000000E+000
  0.000000000000000E+000  0.000000000000000E+000  0.000000000000000E+000
  0.000000000000000E+000  0.000000000000000E+000  0.000000000000000E+000
  0.000000000000000E+000  0.000000000000000E+000  0.000000000000000E+000
  0.000000000000000E+000  0.000000000000000E+000  0.000000000000000E+000
  1.800000000000000E-006  0.000000000000000E+000  0.000000000000000E+000
  0.000000000000000E+000  0.000000000000000E+000  0.000000000000000E+000
  3.804000000000000E-005  0.000000000000000E+000  0.000000000000000E+000
  5.569200000000002E-004  0.000000000000000E+000  0.000000000000000E+000
  1.454112000000000E-002  0.000000000000000E+000  0.000000000000000E+000
  0.105204000000000       1.070200000000000E-004  0.000000000000000E+000
  0.000000000000000E+000  0.000000000000000E+000  0.000000000000000E+000
  0.000000000000000E+000  0.000000000000000E+000  0.000000000000000E+000
  0.000000000000000E+000  0.000000000000000E+000  0.000000000000000E+000
  4.680000000000000E-006  0.000000000000000E+000  0.000000000000000E+000
  0.000000000000000E+000  0.000000000000000E+000  0.000000000000000E+000
  5.424000000000000E-005  0.000000000000000E+000  0.000000000000000E+000
  7.756800000000002E-004  0.000000000000000E+000  0.000000000000000E+000
  1.949364000000000E-002  2.200000000000000E-007  0.000000000000000E+000
  0.289600800000000       6.261799999999999E-004  7.400000000000000E-007
  4.223412000000000E-002  5.970000000000001E-005  0.000000000000000E+000
  1.230000000000000E-004  0.000000000000000E+000  0.000000000000000E+000
  3.540000000000000E-005  0.000000000000000E+000  0.000000000000000E+000
  2.004000000000000E-004  0.000000000000000E+000  0.000000000000000E+000
  3.150000000000001E-004  0.000000000000000E+000  0.000000000000000E+000
  3.816000000000000E-004  0.000000000000000E+000  0.000000000000000E+000
  2.878560000000000E-003  0.000000000000000E+000  0.000000000000000E+000
  2.551248000000000E-002  1.242000000000000E-005  0.000000000000000E+000
  0.363099480000000       1.107080000000000E-003  0.000000000000000E+000
  0.323153760000000       1.274480000000000E-003  1.800000000000000E-007
  8.674056000000001E-002  2.596600000000000E-004  0.000000000000000E+000
  5.296440000000001E-003  0.000000000000000E+000  0.000000000000000E+000
  4.331760000000001E-003  0.000000000000000E+000  0.000000000000000E+000
  5.433479999999998E-003  0.000000000000000E+000  0.000000000000000E+000
  7.869720000000002E-003  0.000000000000000E+000  0.000000000000000E+000
  1.573440000000000E-002  0.000000000000000E+000  0.000000000000000E+000
  5.679935999999999E-002  1.160000000000000E-006  0.000000000000000E+000
  0.434593800000000       1.385440000000000E-003  1.760000000000000E-006
   2.38093260000000       4.432552000000000E-002  7.700000000000001E-006
  0.254086200000000       7.490600000000002E-004  4.000000000000000E-008
  0.118654080000000       2.152600000000000E-004  0.000000000000000E+000
  0.111398400000000       8.360000000000001E-005  0.000000000000000E+000
  0.107988960000000       1.020600000000000E-004  0.000000000000000E+000
  0.122503920000000       1.308600000000000E-004  0.000000000000000E+000
  0.161076840000000       3.135400000000000E-004  0.000000000000000E+000
  0.301022400000000       1.052640000000000E-003  0.000000000000000E+000
  0.909928920000000       7.395339999999995E-003  0.000000000000000E+000
   3.52563492000000       0.104252820000000       1.442000000000000E-005
   3.29075880000000       7.637084000000001E-002  1.472000000000000E-005
