  0.000000000000000E+000  0.000000000000000E+000  0.000000000000000E+000
  0.000000000000000E+000  0.000000000000000E+000  0.000000000000000E+000
  0.000000000000000E+000  0.000000000000000E+000  0.000000000000000E+000
  0.000000000000000E+000  0.000000000000000E+000  0.000000000000000E+000
  0.000000000000000E+000  0.000000000000000E+000  0.000000000000000E+000
  1.200000000000000E-007  0.000000000000000E+000  0.000000000000000E+000
  2.616000000000000E-005  0.000000000000000E+000  0.000000000000000E+000
  6.676800000000002E-004  6.000000000000000E-007  0.000000000000000E+000
  1.430532000000000E-002  1.548000000000000E-005  0.000000000000000E+000
  0.110511360000000       8.106000000000000E-005  2.000000000000000E-008
  0.000000000000000E+000  0.000000000000000E+000  0.000000000000000E+000
  0.000000000000000E+000  0.000000000000000E+000  0.000000000000000E+000
  3.120000000000000E-006  0.000000000000000E+000  0.000000000000000E+000
  0.000000000000000E+000  0.000000000000000E+000  0.000000000000000E+000
  7.919999999999999E-006  0.000000000000000E+000  0.000000000000000E+000
  8.544000000000000E-005  0.000000000000000E+000  0.000000000000000E+000
  7.648800000000000E-004  0.000000000000000E+000  0.000000000000000E+000
  1.925928000000000E-002  2.560000000000000E-006  0.000000000000000E+000
  0.297424920000000       5.825600000000002E-004  2.600000000000000E-007
  3.509351999999999E-002  9.340000000000002E-006  0.000000000000000E+000
  4.320000000000000E-006  0.000000000000000E+000  0.000000000000000E+000
  3.006000000000000E-004  0.000000000000000E+000  0.000000000000000E+000
  8.268000000000001E-005  0.000000000000000E+000  0.000000000000000E+000
  2.198400000000000E-004  0.000000000000000E+000  0.000000000000000E+000
  3.021600000000000E-004  0.000000000000000E+000  0.000000000000000E+000
  1.823520000000000E-003  0.000000000000000E+000  0.000000000000000E+000
  2.637839999999999E-002  1.008000000000000E-005  0.000000000000000E+000
  0.360075960000000       8.870800000000001E-004  0.000000000000000E+000
  0.340884480000000       1.041720000000000E-003  2.200000000000000E-007
  0.109373280000000       1.136000000000000E-004  2.000000000000000E-006
  3.341640000000000E-003  0.000000000000000E+000  0.000000000000000E+000
  5.191560000000000E-003  0.000000000000000E+000  0.000000000000000E+000
  5.069520000000001E-003  0.000000000000000E+000  0.000000000000000E+000
  6.746160000000001E-003  0.000000000000000E+000  0.000000000000000E+000
  1.678992000000000E-002  6.000000000000001E-008  0.000000000000000E+000
  6.550248000000000E-002  9.900000000000000E-006  0.000000000000000E+000
  0.456854880000000       1.947640000000000E-003  0.000000000000000E+000
   2.43423972000000       4.942240000000000E-002  2.052000000000000E-005
  0.184145640000000       4.695199999999999E-004  5.000000000000000E-007
  0.111111120000000       1.918600000000000E-004  0.000000000000000E+000
  0.105068280000000       9.438000000000001E-005  0.000000000000000E+000
  0.110724720000000       7.332000000000000E-005  0.000000000000000E+000
  0.124961640000000       2.344000000000000E-004  0.000000000000000E+000
  0.157347360000000       2.381800000000000E-004  0.000000000000000E+000
  0.311208120000000       7.046799999999998E-004  0.000000000000000E+000
  0.940065600000000       7.133619999999999E-003  0.000000000000000E+000
   3.51581472000000       0.104695240000000       5.740000000000001E-006
   3.39595872000000       8.230242000000000E-002  1.768000000000000E-005
  0.173959800000000       2.068400000000000E-004  0.000000000000000E+000
  7.888571999999999E-002  6.160000000000001E-005  0.000000000000000E+000
   1.41994896000000       1.819916000000000E-002  4.200000000000000E-007
   1.47552768000000       1.760714000000000E-002  1.058000000000000E-005
   1.66365564000000       2.467700000000000E-002  2.000000000000000E-007
   2.08464540000000       3.352740000000000E-002  6.000000000000000E-006
   3.25589868000000       8.788983999999997E-002  1.640000000000000E-006
   6.45263760000000       0.347427860000000       1.752000000000000E-005
   7.28272980000000       0.364032480000000       2.744000000000000E-005
   1.84401240000000       1.594194000000000E-002  2.940000000000000E-006
  0.136763880000000       1.731000000000000E-004  0.000000000000000E+000
  7.068792000000000E-002  1.120000000000000E-006  0.000000000000000E+000
   9.41289516000000       0.641344340000000       5.640000000000000E-006
   9.70245516000000       0.722383180000000       3.714000000000000E-005
   9.97374480000000       0.729928100000000       2.926000000000000E-005
   10.8449839200000       0.859919200000000       2.588000000000000E-005
   12.4400564400000       0.957806200000001       3.654000000000000E-005
   10.9970427600000       0.486624400000000       4.714000000000001E-005
   3.27058848000000       3.005930000000000E-002  9.979999999999999E-006
   1.00631076000000       2.947100000000000E-003  0.000000000000000E+000
  7.753679999999999E-002  2.590400000000000E-004  0.000000000000000E+000
  3.891456000000000E-002  2.600000000000000E-006  0.000000000000000E+000
   15.3067254000000       0.616396520000000       5.636000000000001E-005
   14.5343866800000       0.583670380000000       8.160000000000000E-006
   14.0359545600000       0.575405460000000       2.914000000000000E-005
   12.7292278800000       0.382659620000000       8.840000000000002E-006
   9.85926060000000       0.146915480000000       1.900000000000000E-006
   3.68237556000000       1.364746000000000E-002  4.000000000000000E-008
   1.50645444000000       6.676600000000000E-004  0.000000000000000E+000
  0.357582720000000       5.232600000000000E-004  0.000000000000000E+000
  8.687927999999999E-002  8.040000000000001E-006  0.000000000000000E+000
  0.182087640000000       0.000000000000000E+000  0.000000000000000E+000
   6.98960400000000       3.904387999999999E-002  8.000000000000000E-008
   8.12557944000000       4.383128000000000E-002  3.660000000000000E-006
   6.43224012000000       4.242981999999999E-002  4.000000000000000E-008
   5.75613744000000       1.417452000000000E-002  8.000000000000000E-007
   3.79561524000000       2.296780000000000E-003  0.000000000000000E+000
   1.79474100000000       6.711000000000000E-004  0.000000000000000E+000
  0.536680080000000       3.533000000000000E-004  0.000000000000000E+000
  0.171942120000000       2.296000000000000E-004  0.000000000000000E+000
  0.245636040000000       2.353140000000000E-003  0.000000000000000E+000
  0.383482080000000       3.710800000000000E-004  0.000000000000000E+000
  0.000000000000000E+000  0.000000000000000E+000  0.000000000000000E+000
  0.000000000000000E+000  0.000000000000000E+000  0.000000000000000E+000
  0.000000000000000E+000  0.000000000000000E+000  0.000000000000000E+000
  0.000000000000000E+000  0.000000000000000E+000  0.000000000000000E+000
  0.000000000000000E+000  0.000000000000000E+000  0.000000000000000E+000
  0.000000000000000E+000  0.000000000000000E+000  0.000000000000000E+000
  2.772000000000000E-005  0.000000000000000E+000  0.000000000000000E+000
  5.979600000000000E-004  0.000000000000000E+000  0.000000000000000E+000
  1.414788000000000E-002  0.000000000000000E+000  0.000000000000000E+000
  0.107585400000000       1.160400000000000E-004  0.000000000000000E+000
  0.000000000000000E+000  0.000000000000000E+000  0.000000000000000E+000
  0.000000000000000E+000  0.000000000000000E+000  0.000000000000000E+000
  0.000000000000000E+000  0.000000000000000E+000  0.000000000000000E+000
  0.000000000000000E+000  0.000000000000000E+000  0.000000000000000E+000
  0.000000000000000E+000  0.000000000000000E+000  0.000000000000000E+000
  3.372000000000000E-005  0.000000000000000E+000  0.000000000000000E+000
  9.286799999999999E-004  0.000000000000000E+000  0.000000000000000E+000
  1.937388000000000E-002  2.960000000000000E-006  0.000000000000000E+000
  0.284510880000000       7.436400000000002E-004  0.000000000000000E+000
  3.144383999999999E-002  1.194000000000000E-005  0.000000000000000E+000
  6.960000000000000E-006  0.000000000000000E+000  0.000000000000000E+000
  1.396800000000000E-004  0.000000000000000E+000  0.000000000000000E+000
  1.231200000000000E-004  0.000000000000000E+000  0.000000000000000E+000
  2.976000000000000E-004  0.000000000000000E+000  0.000000000000000E+000
  5.076000000000000E-004  0.000000000000000E+000  0.000000000000000E+000
  1.785840000000000E-003  0.000000000000000E+000  0.000000000000000E+000
  2.622623999999999E-002  6.600000000000000E-007  0.000000000000000E+000
  0.368201640000000       1.193420000000000E-003  3.959999999999999E-006
  0.364378440000000       1.559760000000000E-003  6.600000000000000E-007
  8.034479999999998E-002  2.218200000000000E-004  3.400000000000000E-007
  3.451079999999999E-003  0.000000000000000E+000  0.000000000000000E+000
  4.015680000000001E-003  0.000000000000000E+000  0.000000000000000E+000
  4.390920000000000E-003  0.000000000000000E+000  0.000000000000000E+000
  6.387720000000000E-003  7.440000000000000E-006  0.000000000000000E+000
  1.307316000000000E-002  0.000000000000000E+000  0.000000000000000E+000
  6.450348000000000E-002  5.399999999999999E-005  0.000000000000000E+000
  0.454553400000000       1.672100000000001E-003  4.100000000000000E-006
   2.40801288000000       4.807079999999999E-002  1.408000000000000E-005
  0.202572840000000       2.944199999999999E-004  0.000000000000000E+000
  0.110162760000000       2.782800000000000E-004  0.000000000000000E+000
  0.109916640000000       1.532000000000000E-005  0.000000000000000E+000
  0.100537920000000       1.625200000000000E-004  0.000000000000000E+000
  0.117744720000000       6.054000000000001E-005  0.000000000000000E+000
  0.165803280000000       1.623200000000000E-004  0.000000000000000E+000
  0.318994800000000       8.286000000000002E-004  7.420000000000000E-006
  0.954620160000000       6.921919999999999E-003  8.340000000000001E-006
   3.51396984000000       0.101845260000000       3.146000000000000E-005
   3.39927456000000       8.495145999999998E-002  1.978000000000000E-005
  0.168917040000000       1.496000000000000E-004  0.000000000000000E+000
  8.242812000000001E-002  4.450000000000000E-005  0.000000000000000E+000
   1.38710772000000       1.497788000000000E-002  6.200000000000000E-007
   1.43601672000000       1.641136000000000E-002  5.260000000000000E-006
   1.72569432000000       2.492126000000000E-002  5.880000000000000E-006
   2.01422544000000       3.532104000000000E-002  0.000000000000000E+000
   3.16387836000000       8.607428000000000E-002  1.618000000000000E-005
   6.43851468000000       0.336242420000000       3.172000000000000E-005
   7.62141636000000       0.380221160000000       3.498000000000000E-005
   1.81322520000000       1.440406000000000E-002  7.840000000000001E-006
  8.248224000000003E-002  6.576000000000001E-005  0.000000000000000E+000
  4.589316000000000E-002  5.230000000000000E-005  0.000000000000000E+000
   9.63786888000000       0.668528660000000       3.198000000000000E-005
   9.27223404000000       0.644322980000000       3.700000000000000E-005
   9.99862656000000       0.729584460000000       4.247999999999999E-005
   11.0134299600000       0.848455860000000       4.474000000000000E-005
   11.9190349200000       0.901160260000000       4.646000000000000E-005
   10.3960470000000       0.511219880000000       3.322000000000000E-005
   3.50289660000000       2.499518000000000E-002  5.000000000000000E-007
  0.980191800000000       9.620820000000000E-003  0.000000000000000E+000
  5.338464000000000E-002  4.718000000000000E-005  0.000000000000000E+000
  2.345244000000000E-002  0.000000000000000E+000  0.000000000000000E+000
   14.7078304800000       0.646419120000000       1.162000000000000E-005
   15.7868412000000       0.711399280000000       1.784000000000000E-005
   13.6603910400000       0.498249920000000       1.364000000000000E-005
   12.4923391200000       0.337542100000000       2.286000000000000E-005
   10.2066086400000       0.167626360000000       9.360000000000000E-006
   3.88369944000000       1.034518000000000E-002  3.540000000000000E-006
   1.35171000000000       1.955620000000000E-003  0.000000000000000E+000
  0.309570360000000       4.149600000000000E-004  0.000000000000000E+000
  0.122061960000000       3.002000000000000E-005  0.000000000000000E+000
  0.141414000000000       0.000000000000000E+000  0.000000000000000E+000
   7.84775340000000       4.659056000000000E-002  3.600000000000000E-007
   6.92184816000000       5.966744000000001E-002  0.000000000000000E+000
   7.11709140000000       2.554152000000000E-002  0.000000000000000E+000
   4.62829236000000       9.994560000000000E-003  0.000000000000000E+000
   3.86834832000000       2.379140000000000E-003  2.000000000000000E-008
   1.55121396000000       5.275400000000000E-004  2.800000000000000E-006
  0.740006760000000       7.612000000000000E-004  0.000000000000000E+000
  0.277631400000000       4.226000000000000E-005  0.000000000000000E+000
  0.418061280000000       3.492840000000000E-003  0.000000000000000E+000
  0.543454800000000       1.021200000000000E-004  0.000000000000000E+000
  0.000000000000000E+000  0.000000000000000E+000  0.000000000000000E+000
  0.000000000000000E+000  0.000000000000000E+000  0.000000000000000E+000
  0.000000000000000E+000  0.000000000000000E+000  0.000000000000000E+000
  0.000000000000000E+000  0.000000000000000E+000  0.000000000000000E+000
  0.000000000000000E+000  0.000000000000000E+000  0.000000000000000E+000
  0.000000000000000E+000  0.000000000000000E+000  0.000000000000000E+000
  1.812000000000000E-005  0.000000000000000E+000  0.000000000000000E+000
  5.573999999999999E-004  0.000000000000000E+000  0.000000000000000E+000
  1.682472000000000E-002  6.000000000000001E-008  8.000000000000000E-008
  0.108409680000000       1.114600000000000E-004  4.000000000000000E-008
  0.000000000000000E+000  0.000000000000000E+000  0.000000000000000E+000
  0.000000000000000E+000  0.000000000000000E+000  0.000000000000000E+000
  0.000000000000000E+000  0.000000000000000E+000  0.000000000000000E+000
  2.772000000000000E-005  0.000000000000000E+000  0.000000000000000E+000
  1.200000000000000E-007  0.000000000000000E+000  0.000000000000000E+000
  1.102800000000000E-004  0.000000000000000E+000  0.000000000000000E+000
  3.375599999999999E-004  0.000000000000000E+000  0.000000000000000E+000
  1.837080000000000E-002  8.400000000000001E-007  0.000000000000000E+000
  0.300723240000000       7.017399999999999E-004  2.000000000000000E-008
  3.236748000000001E-002  2.466000000000000E-005  1.980000000000000E-006
  3.936000000000000E-005  0.000000000000000E+000  0.000000000000000E+000
  1.358400000000000E-004  0.000000000000000E+000  0.000000000000000E+000
  7.656000000000000E-005  0.000000000000000E+000  0.000000000000000E+000
  9.791999999999998E-005  0.000000000000000E+000  0.000000000000000E+000
  4.943999999999999E-004  0.000000000000000E+000  0.000000000000000E+000
  1.563720000000000E-003  0.000000000000000E+000  0.000000000000000E+000
  2.324244000000001E-002  4.040000000000000E-006  0.000000000000000E+000
  0.376997880000000       1.027380000000000E-003  2.220000000000000E-006
  0.342445920000000       1.777400000000000E-003  4.320000000000000E-006
  9.987972000000001E-002  1.900200000000000E-004  1.220000000000000E-006
  5.920200000000001E-003  0.000000000000000E+000  0.000000000000000E+000
  4.988760000000000E-003  0.000000000000000E+000  0.000000000000000E+000
  5.361840000000000E-003  0.000000000000000E+000  0.000000000000000E+000
  7.321080000000001E-003  0.000000000000000E+000  0.000000000000000E+000
  1.952975999999999E-002  0.000000000000000E+000  0.000000000000000E+000
  6.482220000000001E-002  7.336000000000000E-005  0.000000000000000E+000
  0.451397640000000       1.960060000000000E-003  0.000000000000000E+000
   2.37828420000000       4.859344000000002E-002  1.550000000000000E-005
  0.225373080000000       8.141600000000000E-004  4.400000000000000E-007
  9.643139999999999E-002  3.253200000000000E-004  0.000000000000000E+000
  9.835187999999997E-002  7.580000000000000E-005  0.000000000000000E+000
  0.105369720000000       4.399999999999999E-005  0.000000000000000E+000
  0.124464600000000       1.349600000000000E-004  0.000000000000000E+000
  0.177163200000000       2.538200000000000E-004  0.000000000000000E+000
  0.314505600000000       8.012200000000002E-004  0.000000000000000E+000
  0.932965320000000       7.089500000000001E-003  0.000000000000000E+000
   3.52021320000000       0.106401080000000       2.470000000000000E-005
   3.37557972000000       8.309173999999998E-002  1.636000000000000E-005
  0.211890720000000       3.806800000000000E-004  0.000000000000000E+000
  7.536335999999999E-002  1.126600000000000E-004  0.000000000000000E+000
   1.40383812000000       1.697238000000000E-002  6.359999999999999E-006
   1.47109884000000       1.794350000000000E-002  8.200000000000000E-007
   1.70216580000000       2.226328000000000E-002  1.320000000000000E-006
   2.03840172000000       3.426754000000001E-002  1.118000000000000E-005
   3.19222692000000       8.669589999999998E-002  2.000000000000000E-008
   6.43425816000000       0.335724540000000       3.501999999999999E-005
   7.34780844000000       0.344355600000000       1.392000000000000E-005
   1.85697084000000       1.247126000000000E-002  2.600000000000000E-007
  0.111244080000000       1.878600000000000E-004  0.000000000000000E+000
  3.720431999999999E-002  0.000000000000000E+000  0.000000000000000E+000
   9.56081988000000       0.686113820000000       1.234000000000000E-005
   9.53575356000000       0.688524200000000       4.350000000000000E-005
   9.87900336000000       0.723348800000000       2.460000000000001E-005
   11.0868640800000       0.869108800000000       3.244000000000000E-005
   12.4228054800000       0.931600000000000       6.612000000000001E-005
   10.6930790400000       0.472312460000000       2.328000000000000E-005
   3.42775908000000       2.519280000000000E-002  1.860000000000000E-006
  0.839784960000000       2.610240000000000E-003  2.800000000000000E-007
  5.356836000000001E-002  2.718000000000000E-005  0.000000000000000E+000
  0.128016000000000       0.000000000000000E+000  0.000000000000000E+000
   14.8114821600000       0.601713440000000       2.586000000000000E-005
   14.7946080000000       0.616918000000000       7.880000000000001E-006
   14.2972934400000       0.482093600000000       8.620000000000000E-006
   12.5866704000000       0.327284320000000       2.910000000000000E-005
   9.17406132000000       0.158734020000000       2.100000000000000E-006
   4.01605956000000       1.673442000000000E-002  1.660000000000000E-006
   1.39635816000000       3.751819999999999E-003  0.000000000000000E+000
  0.390505920000000       8.220200000000000E-004  0.000000000000000E+000
  4.974504000000000E-002  1.966000000000000E-005  0.000000000000000E+000
  0.119039520000000       5.600000000000000E-007  0.000000000000000E+000
   6.83342304000000       3.753146000000000E-002  2.000000000000000E-008
   7.95795372000000       3.374844000000000E-002  9.540000000000000E-006
   5.58778944000000       3.512224000000000E-002  5.900000000000000E-006
   5.81852520000000       2.045275999999999E-002  0.000000000000000E+000
   3.34757676000000       8.061120000000000E-003  1.420000000000000E-006
   1.62360552000000       1.728240000000000E-003  1.000000000000000E-007
  0.622366440000000       9.340000000000001E-005  0.000000000000000E+000
  0.167822880000000       2.344400000000000E-004  0.000000000000000E+000
  0.344295000000000       3.602000000000000E-005  0.000000000000000E+000
  0.352438200000000       3.644600000000000E-004  0.000000000000000E+000
  0.000000000000000E+000  0.000000000000000E+000  0.000000000000000E+000
  0.000000000000000E+000  0.000000000000000E+000  0.000000000000000E+000
  0.000000000000000E+000  0.000000000000000E+000  0.000000000000000E+000
  0.000000000000000E+000  0.000000000000000E+000  0.000000000000000E+000
  0.000000000000000E+000  0.000000000000000E+000  0.000000000000000E+000
  0.000000000000000E+000  0.000000000000000E+000  0.000000000000000E+000
  2.136000000000000E-005  0.000000000000000E+000  0.000000000000000E+000
  4.473600000000000E-004  0.000000000000000E+000  0.000000000000000E+000
  1.495320000000000E-002  2.400000000000000E-007  0.000000000000000E+000
  0.110417280000000       6.892000000000001E-005  3.120000000000000E-006
  0.000000000000000E+000  0.000000000000000E+000  0.000000000000000E+000
  0.000000000000000E+000  0.000000000000000E+000  0.000000000000000E+000
  0.000000000000000E+000  0.000000000000000E+000  0.000000000000000E+000
  0.000000000000000E+000  0.000000000000000E+000  0.000000000000000E+000
  4.644000000000000E-005  0.000000000000000E+000  0.000000000000000E+000
  1.806000000000000E-004  0.000000000000000E+000  0.000000000000000E+000
  8.983200000000002E-004  0.000000000000000E+000  0.000000000000000E+000
  1.755528000000000E-002  0.000000000000000E+000  0.000000000000000E+000
  0.295724280000000       7.614599999999999E-004  4.000000000000000E-008
  3.545580000000000E-002  2.720000000000000E-005  0.000000000000000E+000
  1.004400000000000E-004  0.000000000000000E+000  0.000000000000000E+000
  4.044000000000000E-005  0.000000000000000E+000  0.000000000000000E+000
  1.188000000000000E-004  0.000000000000000E+000  0.000000000000000E+000
  8.532000000000000E-005  0.000000000000000E+000  0.000000000000000E+000
  2.712000000000000E-004  0.000000000000000E+000  0.000000000000000E+000
  1.723080000000001E-003  0.000000000000000E+000  0.000000000000000E+000
  2.657088000000000E-002  0.000000000000000E+000  0.000000000000000E+000
  0.351751440000000       9.438600000000003E-004  0.000000000000000E+000
  0.373480080000000       1.441560000000000E-003  0.000000000000000E+000
  9.370008000000001E-002  2.618000000000000E-004  4.580000000000000E-006
  2.961600000000000E-003  0.000000000000000E+000  0.000000000000000E+000
  4.328880000000001E-003  0.000000000000000E+000  0.000000000000000E+000
  6.191760000000001E-003  0.000000000000000E+000  0.000000000000000E+000
  6.059399999999998E-003  0.000000000000000E+000  0.000000000000000E+000
  1.898376000000000E-002  1.274000000000000E-005  0.000000000000000E+000
  6.217944000000000E-002  1.135400000000000E-004  0.000000000000000E+000
  0.443900520000000       1.626000000000000E-003  1.400000000000000E-006
   2.45355276000000       5.248779999999999E-002  2.296000000000000E-005
  0.241647240000000       8.177800000000002E-004  0.000000000000000E+000
  0.112666800000000       1.236000000000000E-004  0.000000000000000E+000
  0.100616160000000       1.031600000000000E-004  0.000000000000000E+000
  0.108854760000000       3.688000000000001E-005  0.000000000000000E+000
  0.117249960000000       6.056000000000000E-005  0.000000000000000E+000
  0.165034560000000       2.596799999999999E-004  0.000000000000000E+000
  0.297168360000000       5.581800000000000E-004  0.000000000000000E+000
  0.932850720000000       7.253920000000001E-003  0.000000000000000E+000
   3.66103044000000       0.107327900000000       7.300000000000000E-006
   3.39722688000000       7.795286000000000E-002  2.768000000000000E-005
  0.170294760000000       2.972800000000000E-004  0.000000000000000E+000
  0.112572840000000       1.138000000000000E-004  0.000000000000000E+000
   1.47961572000000       1.663820000000000E-002  2.700000000000000E-006
   1.47011772000000       1.649508000000000E-002  6.000000000000001E-008
   1.59445128000000       2.214528000000000E-002  0.000000000000000E+000
   2.05114260000000       3.621864000000000E-002  5.940000000000000E-006
   3.28660884000000       9.105985999999998E-002  2.752000000000000E-005
   6.40552356000000       0.324355080000000       1.546000000000000E-005
   7.34578116000000       0.361123260000000       4.528000000000001E-005
   1.83131940000000       1.583784000000000E-002  5.300000000000000E-006
  0.116048520000000       8.912000000000000E-005  0.000000000000000E+000
  4.686564000000001E-002  9.592000000000000E-005  0.000000000000000E+000
   9.14394456000000       0.627436160000000       2.540000000000000E-005
   9.34467756000000       0.653238340000000       3.773999999999999E-005
   9.89179368000000       0.703888080000000       3.728000000000000E-005
   11.0001296400000       0.862847980000000       5.632000000000000E-005
   12.2919801600000       0.916512520000000       4.437999999999999E-005
   10.2475489200000       0.464813220000000       6.900000000000001E-006
   3.51148716000000       2.826818000000001E-002  9.900000000000000E-006
  0.954692400000000       2.019860000000000E-003  2.600000000000000E-007
  5.523612000000000E-002  1.014000000000000E-005  0.000000000000000E+000
  3.656459999999999E-002  1.400000000000000E-007  0.000000000000000E+000
   15.5627786400000       0.696652500000000       2.266000000000000E-005
   15.4253809200000       0.649897860000000       1.314000000000000E-005
   14.3413915200000       0.510658940000000       2.150000000000000E-005
   13.2420205200000       0.377523500000000       1.450000000000000E-005
   8.56965348000000       0.183851440000000       4.540000000000000E-006
   3.55300524000000       1.156662000000000E-002  0.000000000000000E+000
   1.42917132000000       7.429239999999999E-003  0.000000000000000E+000
  0.506931840000000       5.435999999999999E-004  0.000000000000000E+000
  5.460083999999999E-002  2.800000000000000E-006  0.000000000000000E+000
  0.212665920000000       2.312000000000000E-005  0.000000000000000E+000
   6.37164372000000       1.930456000000000E-002  0.000000000000000E+000
   7.24045836000000       3.970076000000000E-002  8.000000000000000E-007
   6.47756832000000       2.305224000000000E-002  6.799999999999999E-007
   5.91447204000000       2.145066000000000E-002  1.280000000000000E-006
   3.73794204000000       1.048616000000000E-002  2.680000000000000E-006
  0.771029640000000       2.106360000000000E-003  0.000000000000000E+000
  0.602652360000000       6.688200000000000E-004  0.000000000000000E+000
  0.149611680000000       2.353200000000000E-004  0.000000000000000E+000
  0.314159280000000       3.432000000000000E-005  0.000000000000000E+000
  0.529219080000000       1.854000000000000E-005  0.000000000000000E+000
  0.000000000000000E+000  0.000000000000000E+000  0.000000000000000E+000
  0.000000000000000E+000  0.000000000000000E+000  0.000000000000000E+000
  0.000000000000000E+000  0.000000000000000E+000  0.000000000000000E+000
  0.000000000000000E+000  0.000000000000000E+000  0.000000000000000E+000
  0.000000000000000E+000  0.000000000000000E+000  0.000000000000000E+000
  0.000000000000000E+000  0.000000000000000E+000  0.000000000000000E+000
  7.080000000000000E-006  0.000000000000000E+000  0.000000000000000E+000
  3.694800000000000E-004  0.000000000000000E+000  0.000000000000000E+000
  1.739292000000001E-002  0.000000000000000E+000  0.000000000000000E+000
  0.114784440000000       8.104000000000002E-005  0.000000000000000E+000
  1.236000000000000E-005  0.000000000000000E+000  0.000000000000000E+000
  0.000000000000000E+000  0.000000000000000E+000  0.000000000000000E+000
  1.560000000000000E-006  0.000000000000000E+000  0.000000000000000E+000
  0.000000000000000E+000  0.000000000000000E+000  0.000000000000000E+000
  0.000000000000000E+000  0.000000000000000E+000  0.000000000000000E+000
  2.340000000000000E-004  0.000000000000000E+000  0.000000000000000E+000
  8.114400000000002E-004  0.000000000000000E+000  0.000000000000000E+000
  1.870908000000000E-002  2.800000000000000E-007  0.000000000000000E+000
  0.283050480000000       7.388200000000001E-004  4.000000000000000E-007
  3.386784000000000E-002  4.054000000000000E-005  0.000000000000000E+000
  4.320000000000000E-005  0.000000000000000E+000  0.000000000000000E+000
  1.213200000000000E-004  0.000000000000000E+000  0.000000000000000E+000
  7.392000000000000E-005  0.000000000000000E+000  0.000000000000000E+000
  1.299600000000000E-004  0.000000000000000E+000  0.000000000000000E+000
  5.559600000000001E-004  0.000000000000000E+000  0.000000000000000E+000
  1.985160000000000E-003  0.000000000000000E+000  0.000000000000000E+000
  2.393352000000000E-002  0.000000000000000E+000  0.000000000000000E+000
  0.374846160000000       1.222040000000000E-003  1.000000000000000E-006
  0.318890880000000       1.312200000000000E-003  1.400000000000000E-007
  9.181427999999998E-002  3.547000000000000E-004  2.520000000000000E-006
  3.265320000000000E-003  0.000000000000000E+000  0.000000000000000E+000
  4.774319999999999E-003  0.000000000000000E+000  0.000000000000000E+000
  5.941560000000000E-003  0.000000000000000E+000  0.000000000000000E+000
  8.768040000000000E-003  2.800000000000000E-006  0.000000000000000E+000
  1.888464000000000E-002  0.000000000000000E+000  0.000000000000000E+000
  6.299628000000002E-002  2.362000000000000E-005  0.000000000000000E+000
  0.452244600000000       2.040399999999999E-003  4.860000000000000E-006
   2.46846384000000       4.966658000000002E-002  5.520000000000000E-006
