   32329784433.5986        3.23300376190476     
   38001506616.2262        3.80017676190476     
   45490208413.1169        4.54904666666666     
   49542059579.2728        4.95423142857143     
   53345619113.5935        5.33458752380952     
   59603625166.0049        5.96038857142857     
   59187459196.4035        5.91877190476190     
   48925627716.8829        4.89258728571429     
   57971861924.8249        5.79721257142857     
   64113287685.9659        6.41135500000000     
   67608507647.6181        6.76087780952381     
   65230670845.5587        6.52309276190476     
   58189300309.5528        5.81895514285714     
   54606889816.1929        5.46071400000000     
   60189133848.8422        6.01893880952381     
   63693044893.7150        6.36933109523810     
   71794455579.1871        7.17947247619048     
   64875941274.5742        6.48761980952381     
   58467688797.0945        5.84679395238095     
   71986112645.2016        7.19863752380953     
   77235052719.7227        7.72353314285714     
   57923853001.5480        5.79241557142857     
   65002971259.9422        6.50032742857143     
   82890705734.7968        8.28909938095238     
   83021321483.7464        8.30215990476190     
   76336809184.4819        7.63370714285714     
   83303217036.0977        8.33034928571428     
   86335755847.2698        8.63360357142857     
   82105445111.9403        8.21057133333333     
   84124732240.9833        8.41250152380952     
   69858649553.3804        6.98589471428571     
   76341678368.7872        7.63419752380952     
   86251914624.8520        8.62521900000000     
   87161317128.2089        8.71615985714286     
   80317691787.4058        8.03179828571429     
   84636222212.7362        8.46364933333333     
   84304008132.1074        8.43042795238095     
   83827845151.8512        8.38281161904762     
   80731505012.3186        8.07317709523809     
   87490946174.2038        8.74912261904762     
   88467464132.5981        8.84677495238095     
   76846203111.3170        7.68465085714286     
   66991111528.7355        6.69914228571429     
   45862975182.1719        4.58633019047619     
   51517228721.1213        5.15175566666667     
   32243811719.9882        3.22441585714286     
   31081560038.0021        3.10819090476190     
   28872327303.7904        2.88726871428571     
   39388911565.0008        3.93892576190476     
   59971079275.4430        5.99714080952381     
   60824129634.0700        6.08244585714285     
   85575381244.2126        8.55756914285714     
   97763358668.7461        9.77636571428572     
   97420819877.4939        9.74210985714286     
   99909398508.0639        9.99096852380952     
   99865966075.1270        9.98662419047619     
   98812014074.8283        9.88122942857143     
   87188927096.3025        8.71891938095238     
   85247896629.2389        8.52481628571429     
   98153498233.1701        9.81537823809524     
   82487968828.9961        8.24882328571428     
   98055363536.1876        9.80556409523810     
   103803301519.404        10.3803588095238     
   96023060747.4350        9.60233328571429     
   84017903431.8737        8.40181695238095     
   98681960634.0111        9.86822361904762     
   80076573920.8985        8.00768366666667     
   95355445721.4501        9.53557190476191     
   84733874533.0597        8.47341395238095     
   99128307414.3328        9.91285852380952     
   106405695444.555        10.6405980476190     
   100347540627.866        10.0347846190476     
   106318118263.786        10.6318401904762     
   105889784837.307        10.5890080000000     
   110390440211.893        11.0390732380952     
   108981668945.835        10.8981962380952     
   105903235500.162        10.5903540952381     
   111188550706.893        11.1188837142857     
   119363089838.094        11.9363382380952     
   108408063358.970        10.8408344285714     
   121675444672.695        12.1675743333333     
   119763141069.105        11.9763431428571     
   118031080231.879        11.8031369047619     
   118535461473.178        11.8535770000000     
   115341816243.231        11.5342119047619     
   105672892971.983        10.5673170952381     
   99318134785.2777        9.93184104761905     
   96227069149.4464        9.62273419047619     
   62507791638.3393        6.25080490476190     
   93878484080.3759        9.38787557142857     
   110446703335.497        11.0447000952381     
   81013449173.7652        8.10137757142857     
   98383657384.4793        9.83839704761905     
   88589844380.0242        8.85901704761905     
   112740756736.761        11.2741062857143     
   110400001267.247        11.0400285238095     
   103241534996.437        10.3241811904762     
   112123449251.510        11.2123733333333     
   122839169954.060        12.2839463333333     
   117856144644.511        11.7856432857143     
   106928932208.787        10.6929211904762     
   100418318352.017        10.0418593809524     
   103228610928.042        10.3228888095238     
   122538357719.334        12.2538660952381     
   124823359683.354        12.4823654285714     
   124280673719.674        12.4280968571429     
   117889571787.048        11.7889866190476     
   105981630150.888        10.5981948095238     
   117734540611.803        11.7734831904762     
   121473820647.078        12.1474123809524     
   111433199248.394        11.1433503809524     
   90836426938.8986        9.08367528571429     
   115732073670.594        11.5732370000000     
   115217010788.848        11.5217302857143     
   111276773018.828        11.1277055714286     
   118847987642.622        11.8848278571429     
   102555516757.537        10.2555793809524     
   115271867909.762        11.5272166190476     
   101610644295.888        10.1610920952381     
   110955536973.580        11.0955820476190     
   81828815593.5071        8.18290819047619     
   106699543958.083        10.6699825714286     
   112732700628.830        11.2733003809524     
   112594044014.655        11.2594332857143     
   105376503909.455        10.5376783333333     
   112682700295.231        11.2683004761905     
   110376419432.331        11.0376703333333     
   116858421102.845        11.6858710952381     
   112793011558.377        11.2793299047619     
   117101165848.579        11.7101468095238     
   107668790784.341        10.7669070476190     
   118834383284.503        11.8834675714286     
   117482153010.096        11.7482461428571     
   109622160134.631        10.9622480952381     
   109047066113.238        10.9047386190476     
   79883569149.9778        7.98838995238095     
   108485221275.411        10.8485534761905     
   113882944408.588        11.3883251904762     
   94190199672.3456        9.41905209523809     
   105381777177.842        10.5382080000000     
   111303340788.204        11.1303630476190     
   107942259672.152        10.7942550476190     
   95726140959.5158        9.57264552380952     
   57972879690.8066        5.79732176190476     
   72161055624.2962        7.21613800000000     
   106009502711.359        10.6009799047619     
   101912780379.483        10.1913072380952     
   101572853284.842        10.1573130952381     
   92730609980.5966        9.27308819047619     
   103651169728.319        10.3651467619048     
   100848648717.882        10.0848962857143     
   91052438247.8872        9.10527447619048     
   108574341964.307        10.8574638095238     
   110576117797.886        11.0576408571429     
   121147005921.957        12.1147304761905     
   98708120937.7766        9.87083952380952     
   70020784426.5552        7.00210447619048     
   87002263189.8913        8.70025314285714     
   111648236545.383        11.1648522857143     
   116359005801.437        11.6359294761905     
   109273645003.055        10.9273957142857     
   109751868847.186        10.9752175238095     
   118740603637.231        11.8740899523809     
   121603722447.196        12.1604018571429     
   129184900806.693        12.9185207619048     
   102300253074.566        10.2300584761905     
   124299110432.455        12.4299429047619     
   127614237977.409        12.7614544285714     
   128361050243.065        12.8361353333333     
   117543356344.287        11.7543679047619     
   78185852815.7822        7.81861985714286     
   110420804350.023        11.0421141428571     
   111685757962.008        11.1686084761905     
   131222607120.311        13.1222919523809     
   123724504805.792        12.3724826190476     
   120819001323.564        12.0819328571429     
   113690829854.185        11.3691170476190     
   76605179477.4155        7.66055357142857     
   45686913595.4045        4.56872861904762     
   53642216402.1115        5.36425847619048     
   91059970489.6467        9.10603247619047     
   102598596109.936        10.2598943809524     
   96598508610.0863        9.65988642857143     
   75640003440.2742        7.56403719047619     
   81607659837.5797        8.16080271428571     
   117348355866.313        11.7348705714286     
   107241138204.216        10.7241483809524     
   102977295845.288        10.2977635238095     
   122977173473.472        12.2977502380952     
   135482059161.370        13.5482363333333     
   135474514268.082        13.5474819047619     
   133127800597.439        13.3128099047619     
   136137516633.835        13.6137829047619     
   140124899203.386        14.0125220476190     
   140112501820.901        14.0112828571429     
   141106228202.219        14.1106539047619     
   137562411646.470        13.7562720000000     
   137086255793.203        13.7086567619048     
   133674892908.070        13.3675194761905     
   132445681926.820        13.2446008095238     
   133333963205.015        13.3334280476190     
   132990374196.170        13.2990672857143     
   130956515269.368        13.0956814761905     
   133572272225.914        13.3572573809524     
   127304541184.487        12.7304836666667     
   123894177091.477        12.3894486666667     
   97196090991.3137        9.71964204761904     
   116755550902.277        11.6755863333333     
   122745431727.805        12.2745729523810     
   124965383599.893        12.4965696666667     
   134150946602.840        13.4151261904762     
   124455586513.766        12.4455877619048     
   131403006726.680        13.1403308095238     
   132239452852.160        13.2239763333333     
   138810212082.965        13.8810521428571     
   134217540101.673        13.4217843333333     
   127307908582.876        12.7308233809524     
   132418667960.888        13.2418990952381     
   103895265084.379        10.3895611428571     
   88235691171.1980        8.82360514285714     
   61762008054.0658        6.17623752380952     
   42419227639.8199        4.24196085714286     
   59386095451.5382        5.93864600000000     
   52796627287.9630        5.27969957142857     
   67191299050.0722        6.71916695238095     
   44159582022.1362        4.41599676190476     
   29687824429.4939        2.96882176190476     
   36727692531.6600        3.67280733333333     
   62714328470.8100        6.27146966666667     
   91840834617.7690        9.18411919047619     
   108830885970.409        10.8831232380952     
   131290172725.163        13.1290501904762     
   135953731287.683        13.5954060476190     
   144206931769.556        14.4207256666667     
   120920413707.561        12.0920759523810     
   134873468944.370        13.4873798095238     
   131150491081.176        13.1150832380952     
   139328730359.327        13.9329060476190     
   128600999858.008        12.8601339523810     
   135917899707.748        13.5918232857143     
   143811797384.349        14.3812123809524     
   143665921897.380        14.3666252380952     
   135050715796.776        13.5051051428571     
   133818713002.945        13.3819052857143     
   121388115121.094        12.1388465714286     
   86171426180.6696        8.61717942857143     
   109818776911.930        10.9819135238095     
   97130811704.2542        9.71311780952381     
   107124604697.543        10.7124968571429     
   91794861821.4025        9.17952261904762     
   108213974071.546        10.8214336190476     
   110505583384.354        11.0505945238095     
   90691606412.8526        9.06919761904762     
   118900548447.178        11.8900902380952     
   113041919374.937        11.3042274761905     
   117373882707.624        11.7374230000000     
   132518896898.618        13.2519228095238     
   146283041587.650        14.6283362380952     
   138875818117.826        13.8876125238095     
   136281046839.128        13.6281356666667     
   142975802575.669        14.2976123809524     
   141528112017.997        14.1528444285714     
   127085772194.304        12.7086110476190     
   124361254185.724        12.4361586666667     
   118339210432.225        11.8339546666667     
   127958908158.304        12.7959231428571     
   135303648576.348        13.5303958095238     
   130887041184.651        13.0887345238095     
   120740728821.886        12.0741054285714     
   129943505612.842        12.9943811904762     
   131735908033.122        13.1736215238095     
   124709646987.508        12.4709966666667     
   116282485581.293        11.6282816666667     
   115315756586.079        11.5316082857143     
   105882717054.972        10.5883055238095     
