  6.417300000000001E-002  2.484000000000000E-005  2.000000000000000E-008
  6.250296000000001E-002  3.882000000000000E-005  0.000000000000000E+000
  6.549192000000000E-002  2.024000000000000E-005  0.000000000000000E+000
  6.948371999999998E-002  3.114000000000000E-005  0.000000000000000E+000
  7.533792000000000E-002  7.186000000000001E-005  0.000000000000000E+000
  9.246755999999996E-002  7.126000000000001E-005  0.000000000000000E+000
  0.126574320000000       8.222000000000000E-005  0.000000000000000E+000
  0.164186040000000       1.715600000000000E-004  1.400000000000000E-007
  0.204783480000000       3.072200000000000E-004  6.799999999999999E-007
  0.233237040000000       4.031000000000000E-004  2.800000000000000E-006
  2.937240000000000E-003  0.000000000000000E+000  0.000000000000000E+000
  2.677800000000000E-003  0.000000000000000E+000  0.000000000000000E+000
  2.866439999999999E-003  0.000000000000000E+000  0.000000000000000E+000
  4.251000000000000E-003  8.000000000000001E-007  0.000000000000000E+000
  4.500840000000000E-003  8.000000000000000E-008  0.000000000000000E+000
  8.395800000000004E-003  0.000000000000000E+000  0.000000000000000E+000
  1.861092000000000E-002  7.080000000000000E-006  0.000000000000000E+000
  5.212247999999998E-002  2.580000000000000E-005  1.940000000000000E-006
  0.124359000000000       1.567400000000000E-004  3.800000000000000E-007
  0.194909880000000       3.776800000000000E-004  3.220000000000000E-006
  2.616000000000000E-005  0.000000000000000E+000  0.000000000000000E+000
  1.316400000000000E-004  0.000000000000000E+000  0.000000000000000E+000
  1.233600000000000E-004  0.000000000000000E+000  0.000000000000000E+000
  1.063200000000000E-004  0.000000000000000E+000  0.000000000000000E+000
  2.260800000000000E-004  0.000000000000000E+000  0.000000000000000E+000
  3.801599999999999E-004  0.000000000000000E+000  0.000000000000000E+000
  2.436240000000000E-003  0.000000000000000E+000  0.000000000000000E+000
  1.398660000000000E-002  3.920000000000000E-006  0.000000000000000E+000
  6.984815999999999E-002  3.908000000000000E-005  0.000000000000000E+000
  0.172024800000000       2.832400000000000E-004  1.280000000000000E-006
  0.000000000000000E+000  0.000000000000000E+000  0.000000000000000E+000
  0.000000000000000E+000  0.000000000000000E+000  0.000000000000000E+000
  0.000000000000000E+000  0.000000000000000E+000  0.000000000000000E+000
  0.000000000000000E+000  0.000000000000000E+000  0.000000000000000E+000
  0.000000000000000E+000  0.000000000000000E+000  0.000000000000000E+000
  1.608000000000000E-005  0.000000000000000E+000  0.000000000000000E+000
  2.120400000000000E-004  0.000000000000000E+000  0.000000000000000E+000
  4.451640000000001E-003  0.000000000000000E+000  0.000000000000000E+000
  3.691896000000001E-002  9.680000000000000E-006  0.000000000000000E+000
  0.137880120000000       1.655600000000000E-004  0.000000000000000E+000
  0.000000000000000E+000  0.000000000000000E+000  0.000000000000000E+000
  0.000000000000000E+000  0.000000000000000E+000  0.000000000000000E+000
  0.000000000000000E+000  0.000000000000000E+000  0.000000000000000E+000
  0.000000000000000E+000  0.000000000000000E+000  0.000000000000000E+000
  0.000000000000000E+000  0.000000000000000E+000  0.000000000000000E+000
  0.000000000000000E+000  0.000000000000000E+000  0.000000000000000E+000
  4.320000000000000E-006  0.000000000000000E+000  0.000000000000000E+000
  1.056360000000000E-003  0.000000000000000E+000  0.000000000000000E+000
  2.243436000000000E-002  1.126000000000000E-005  0.000000000000000E+000
  0.118251960000000       8.484000000000001E-005  4.000000000000000E-008
  0.783932880000000       4.983159999999999E-003  3.240000000000000E-006
  0.785557080000000       5.033139999999999E-003  1.200000000000000E-006
  0.799386000000000       5.411299999999999E-003  1.400000000000000E-006
  0.809861520000000       5.286480000000000E-003  6.560000000000000E-006
  0.810940320000000       5.567900000000002E-003  4.700000000000000E-006
  0.832908360000000       5.639520000000002E-003  2.340000000000000E-006
  0.283760400000000       9.633799999999999E-004  1.040000000000000E-006
  4.691004000000001E-002  7.072000000000001E-005  0.000000000000000E+000
  5.236560000000001E-002  1.324400000000000E-004  0.000000000000000E+000
  3.196872000000001E-002  2.874000000000000E-005  0.000000000000000E+000
  7.241448000000000E-002  4.076000000000000E-005  4.000000000000000E-008
  7.567967999999999E-002  2.400000000000000E-005  0.000000000000000E+000
  8.469059999999999E-002  6.874000000000001E-005  6.000000000000000E-007
  8.775287999999998E-002  3.546000000000000E-005  0.000000000000000E+000
  0.113429280000000       8.266000000000001E-005  0.000000000000000E+000
  0.178861920000000       2.623400000000000E-004  1.580000000000000E-006
  0.340986120000000       1.000200000000000E-003  1.600000000000000E-007
  0.625035960000000       3.138480000000000E-003  8.500000000000000E-006
  3.728304000000000E-002  1.438000000000000E-005  0.000000000000000E+000
  3.231408000000000E-002  6.688000000000000E-005  0.000000000000000E+000
  4.374960000000001E-003  0.000000000000000E+000  0.000000000000000E+000
  3.597360000000000E-003  0.000000000000000E+000  0.000000000000000E+000
  3.877440000000000E-003  0.000000000000000E+000  0.000000000000000E+000
  5.752080000000000E-003  0.000000000000000E+000  0.000000000000000E+000
  7.541400000000000E-003  0.000000000000000E+000  0.000000000000000E+000
  2.002836000000000E-002  2.300000000000000E-006  0.000000000000000E+000
  6.869052000000002E-002  5.681999999999999E-005  0.000000000000000E+000
  0.276879360000000       6.300800000000001E-004  2.600000000000000E-006
  0.224907360000000       5.960000000000000E-004  7.400000000000000E-007
  2.780304000000000E-002  6.402000000000000E-005  0.000000000000000E+000
  7.152000000000001E-005  0.000000000000000E+000  0.000000000000000E+000
  1.927200000000000E-004  0.000000000000000E+000  0.000000000000000E+000
  7.536000000000000E-005  0.000000000000000E+000  0.000000000000000E+000
  1.491600000000000E-004  0.000000000000000E+000  0.000000000000000E+000
  3.471600000000001E-004  0.000000000000000E+000  0.000000000000000E+000
  1.858680000000000E-003  0.000000000000000E+000  0.000000000000000E+000
  1.262424000000000E-002  0.000000000000000E+000  0.000000000000000E+000
  0.103884240000000       5.226000000000000E-005  0.000000000000000E+000
  0.500827320000000       1.935500000000000E-003  7.120000000000000E-006
  3.575076000000000E-002  2.747999999999999E-005  0.000000000000000E+000
  0.000000000000000E+000  0.000000000000000E+000  0.000000000000000E+000
  0.000000000000000E+000  0.000000000000000E+000  0.000000000000000E+000
  0.000000000000000E+000  0.000000000000000E+000  0.000000000000000E+000
  0.000000000000000E+000  0.000000000000000E+000  0.000000000000000E+000
  1.896000000000000E-005  0.000000000000000E+000  0.000000000000000E+000
  1.490400000000000E-004  0.000000000000000E+000  0.000000000000000E+000
  1.465560000000000E-003  0.000000000000000E+000  0.000000000000000E+000
  3.489984000000001E-002  1.956000000000000E-005  0.000000000000000E+000
  0.345810240000000       8.382800000000002E-004  1.060000000000000E-006
  3.133104000000000E-002  1.852000000000000E-005  0.000000000000000E+000
   1.57669464000000       2.015690000000000E-002  1.818000000000000E-005
   1.55293620000000       1.831524000000000E-002  1.010000000000000E-005
   1.42748040000000       1.575720000000000E-002  1.566000000000000E-005
   1.20909816000000       1.187564000000000E-002  1.694000000000000E-005
  0.852223200000000       6.319040000000001E-003  1.048000000000000E-005
  0.388685040000000       2.236500000000000E-003  6.640000000000000E-006
  0.136857480000000       2.573799999999999E-004  1.340000000000000E-006
  0.119687760000000       1.638399999999999E-004  0.000000000000000E+000
  8.971727999999998E-002  2.351400000000000E-004  0.000000000000000E+000
  8.446932000000000E-002  1.078400000000000E-004  0.000000000000000E+000
  0.967112640000000       7.454280000000000E-003  1.040000000000000E-006
   1.00024332000000       8.017000000000003E-003  1.000000000000000E-006
   1.03343520000000       8.971719999999999E-003  0.000000000000000E+000
   1.10606064000000       1.021314000000000E-002  3.680000000000000E-006
   1.24569252000000       1.306424000000000E-002  6.200000000000000E-007
   1.61048184000000       2.114280000000000E-002  1.016000000000000E-005
   1.81846056000000       2.593584000000000E-002  5.340000000000000E-006
  0.256193880000000       7.092800000000000E-004  3.200000000000000E-007
  9.618168000000002E-002  2.015200000000000E-004  0.000000000000000E+000
  8.916576000000000E-002  1.290200000000000E-004  1.080000000000000E-006
  0.115557240000000       7.591999999999999E-005  0.000000000000000E+000
  0.110113320000000       6.333999999999999E-005  0.000000000000000E+000
  0.120427560000000       9.567999999999998E-005  0.000000000000000E+000
  0.139355520000000       1.239600000000000E-004  0.000000000000000E+000
  0.188616600000000       2.905600000000000E-004  0.000000000000000E+000
  0.375002160000000       9.605600000000001E-004  0.000000000000000E+000
  0.925358160000000       7.071719999999999E-003  7.600000000000000E-007
   1.38443592000000       1.550060000000000E-002  7.560000000000000E-006
  9.942083999999998E-002  2.492600000000000E-004  0.000000000000000E+000
  6.934572000000000E-002  2.203000000000000E-004  0.000000000000000E+000
  7.812720000000000E-003  0.000000000000000E+000  0.000000000000000E+000
  7.725119999999999E-003  1.620000000000000E-006  0.000000000000000E+000
  9.278399999999997E-003  1.400000000000000E-007  0.000000000000000E+000
  1.370076000000000E-002  0.000000000000000E+000  0.000000000000000E+000
  2.124060000000001E-002  6.120000000000000E-006  0.000000000000000E+000
  5.157276000000000E-002  2.320000000000000E-005  0.000000000000000E+000
  0.253350120000000       5.521200000000000E-004  0.000000000000000E+000
   1.09509864000000       1.038926000000000E-002  1.020000000000000E-005
  0.131500200000000       2.551000000000000E-004  4.000000000000000E-008
  6.760392000000000E-002  1.068200000000000E-004  0.000000000000000E+000
  3.194400000000000E-004  0.000000000000000E+000  0.000000000000000E+000
  2.574000000000000E-004  0.000000000000000E+000  0.000000000000000E+000
  1.998000000000000E-004  0.000000000000000E+000  0.000000000000000E+000
  4.100400000000000E-004  0.000000000000000E+000  0.000000000000000E+000
  1.206480000000000E-003  0.000000000000000E+000  0.000000000000000E+000
  5.904599999999999E-003  9.000000000000001E-007  0.000000000000000E+000
  5.354556000000000E-002  3.394000000000000E-005  0.000000000000000E+000
  0.537286800000000       2.444320000000000E-003  1.400000000000000E-007
  0.184701960000000       5.334400000000000E-004  3.400000000000000E-007
  6.917483999999999E-002  4.485999999999999E-005  0.000000000000000E+000
   1.02193920000000       6.137260000000001E-003  4.160000000000000E-006
   1.18617000000000       8.638819999999998E-003  4.700000000000001E-006
   1.00924200000000       5.899100000000001E-003  6.799999999999999E-007
  0.891995880000000       4.846160000000000E-003  0.000000000000000E+000
  0.650655480000000       2.704900000000000E-003  0.000000000000000E+000
  0.446587680000000       9.819000000000000E-004  6.600000000000000E-007
  0.240660480000000       4.486799999999999E-004  0.000000000000000E+000
  0.104241720000000       1.640200000000000E-004  0.000000000000000E+000
  0.130135920000000       1.290400000000000E-004  0.000000000000000E+000
  7.850364000000001E-002  6.581999999999999E-005  0.000000000000000E+000
   4.56527052000000       0.163900100000000       4.108000000000000E-005
   4.58637600000000       0.170682840000000       3.607999999999999E-005
   4.45111812000000       0.159278940000000       3.898000000000000E-005
   4.55629800000000       0.162170740000000       2.276000000000000E-005
   4.31929248000000       0.148127840000000       1.642000000000000E-005
   3.67201080000000       0.101116380000000       2.150000000000000E-005
   1.77073656000000       1.991658000000000E-002  1.832000000000000E-005
  0.226865040000000       6.323600000000000E-004  3.000000000000000E-007
  9.800244000000001E-002  2.371000000000000E-004  0.000000000000000E+000
  0.162925320000000       9.874000000000001E-005  0.000000000000000E+000
   1.36506552000000       1.434680000000000E-002  1.080000000000000E-006
   1.46013288000000       1.657680000000001E-002  2.000000000000000E-007
   1.48793508000000       1.793160000000000E-002  5.600000000000001E-006
   1.66309284000000       2.300040000000000E-002  0.000000000000000E+000
   2.07028440000000       3.670586000000001E-002  2.338000000000000E-005
   2.91842172000000       6.873651999999998E-002  1.098000000000000E-005
   3.45055140000000       9.702907999999998E-002  2.662000000000000E-005
  0.720111840000000       5.094039999999998E-003  4.640000000000000E-006
  0.181992600000000       2.477800000000000E-004  0.000000000000000E+000
  0.109301040000000       1.231600000000000E-004  0.000000000000000E+000
  0.173598360000000       2.015200000000000E-004  0.000000000000000E+000
  0.181440480000000       3.415200000000000E-004  0.000000000000000E+000
  0.198885840000000       3.850200000000001E-004  4.000000000000000E-008
  0.229468680000000       4.631400000000001E-004  0.000000000000000E+000
  0.358816800000000       8.548800000000001E-004  0.000000000000000E+000
  0.818482920000000       5.235340000000001E-003  4.640000000000000E-006
   2.23330284000000       4.139620000000001E-002  5.960000000000000E-006
   2.29823928000000       4.101602000000000E-002  3.114000000000000E-005
  0.127581720000000       3.135600000000000E-004  0.000000000000000E+000
  9.244848000000001E-002  1.096200000000000E-004  0.000000000000000E+000
  1.585404000000000E-002  0.000000000000000E+000  0.000000000000000E+000
  1.641732000000000E-002  0.000000000000000E+000  0.000000000000000E+000
  1.882979999999999E-002  1.420000000000000E-006  0.000000000000000E+000
  2.320668000000000E-002  2.200000000000000E-005  0.000000000000000E+000
  4.206780000000000E-002  7.500000000000000E-006  0.000000000000000E+000
  0.144939960000000       2.005200000000000E-004  0.000000000000000E+000
  0.787472400000000       4.240540000000000E-003  0.000000000000000E+000
   2.69294976000000       5.803191999999999E-002  2.280000000000000E-005
  0.180027480000000       4.861400000000000E-004  1.640000000000000E-006
  8.729604000000001E-002  2.154400000000000E-004  0.000000000000000E+000
  0.519049200000000       1.062940000000000E-003  0.000000000000000E+000
  0.606779040000000       1.172060000000000E-003  0.000000000000000E+000
  0.553632480000000       1.278980000000000E-003  1.022000000000000E-005
  0.521415480000000       1.189800000000000E-003  2.860000000000000E-006
  0.367347720000000       5.775400000000000E-004  0.000000000000000E+000
  0.257020440000000       4.989600000000000E-004  2.000000000000000E-007
  0.181750680000000       7.452000000000000E-005  0.000000000000000E+000
  9.542832000000001E-002  2.274000000000000E-005  0.000000000000000E+000
  7.338384000000002E-002  1.190000000000000E-005  0.000000000000000E+000
  6.014196000000000E-002  8.000000000000000E-008  0.000000000000000E+000
   4.57304412000000       0.113496240000000       3.452000000000000E-005
   4.43219556000000       0.101436520000000       2.570000000000000E-005
   4.55534688000000       0.108584940000000       1.328000000000000E-005
   4.16129616000000       8.874479999999998E-002  2.246000000000000E-005
   3.60310080000000       5.509428000000002E-002  1.830000000000000E-005
   2.47426944000000       2.778848000000000E-002  2.860000000000000E-006
  0.881247840000000       5.101580000000000E-003  2.660000000000000E-006
  0.232753800000000       2.188400000000000E-004  0.000000000000000E+000
  6.793427999999997E-002  3.404000000000001E-005  0.000000000000000E+000
  7.148771999999999E-002  1.701000000000000E-004  0.000000000000000E+000
   6.79703784000000       0.366559980000000       2.706000000000000E-005
   7.02661212000000       0.393647460000000       5.112000000000001E-005
   6.95255256000000       0.389724360000000       4.841999999999999E-005
   7.06004580000000       0.392938480000000       1.440000000000000E-005
   7.02118488000000       0.369035460000000       1.112000000000000E-005
   5.81915088000000       0.247758820000000       3.680000000000000E-005
   3.27135036000000       6.378782000000000E-002  2.080000000000000E-005
  0.433662840000000       1.183540000000000E-003  0.000000000000000E+000
  9.946763999999998E-002  1.686400000000000E-004  0.000000000000000E+000
  6.505152000000000E-002  3.271800000000000E-004  0.000000000000000E+000
   2.05741728000000       3.558811999999999E-002  2.500000000000000E-006
   2.14060644000000       3.698324000000000E-002  4.360000000000001E-006
   2.30409204000000       4.371164000000000E-002  8.980000000000000E-006
   2.56982268000000       5.632352000000001E-002  1.080000000000000E-006
   3.57055740000000       0.102364160000000       1.916000000000000E-005
   5.11222440000000       0.207599400000000       2.160000000000000E-005
   5.39912064000000       0.214102060000000       2.530000000000001E-005
   1.49345304000000       1.466270000000000E-002  1.648000000000000E-005
  0.112573560000000       2.128400000000000E-004  0.000000000000000E+000
  8.600459999999999E-002  3.326000000000000E-005  0.000000000000000E+000
  0.296124480000000       8.540000000000000E-004  0.000000000000000E+000
  0.310490880000000       7.462200000000001E-004  0.000000000000000E+000
  0.349786800000000       1.023260000000000E-003  0.000000000000000E+000
  0.429015720000000       1.515220000000000E-003  0.000000000000000E+000
  0.720021840000000       4.030520000000000E-003  2.000000000000000E-008
   1.78737744000000       2.616629999999999E-002  1.020000000000000E-006
   4.64725020000000       0.178306120000000       4.298000000000001E-005
   2.88290436000000       6.289150000000002E-002  3.800000000000000E-006
  0.144349200000000       2.233800000000000E-004  0.000000000000000E+000
  6.800340000000001E-002  4.989999999999999E-005  0.000000000000000E+000
  0.277527600000000       5.476200000000000E-004  0.000000000000000E+000
  0.299924160000000       3.915400000000001E-004  0.000000000000000E+000
  0.305862120000000       4.052600000000000E-004  0.000000000000000E+000
  0.242642640000000       4.027400000000000E-004  0.000000000000000E+000
  0.206640120000000       3.143000000000001E-004  0.000000000000000E+000
  0.126353880000000       4.956000000000001E-005  0.000000000000000E+000
  8.685408000000000E-002  3.260000000000001E-005  0.000000000000000E+000
  6.165876000000001E-002  2.560000000000000E-005  0.000000000000000E+000
  7.531991999999998E-002  0.000000000000000E+000  0.000000000000000E+000
  3.114000000000000E-002  0.000000000000000E+000  0.000000000000000E+000
   1.61298720000000       6.207379999999999E-003  5.000000000000000E-007
   1.73980968000000       6.763359999999999E-003  0.000000000000000E+000
   1.81040652000000       1.088482000000000E-002  1.284000000000000E-005
   1.70406360000000       1.090524000000000E-002  3.400000000000000E-007
   1.25269932000000       5.680579999999999E-003  2.460000000000000E-006
   1.31336544000000       6.202240000000000E-003  4.000000000000000E-008
  0.450969360000000       1.758180000000000E-003  0.000000000000000E+000
  0.112771080000000       1.054200000000000E-004  0.000000000000000E+000
  8.731608000000002E-002  5.992000000000001E-005  0.000000000000000E+000
  4.243224000000000E-002  1.778000000000000E-004  0.000000000000000E+000
   6.80675208000000       0.192061080000000       1.976000000000000E-005
   7.08784776000000       0.189561800000000       1.300000000000000E-005
   6.33475092000000       0.160605920000000       1.634000000000000E-005
   5.91108360000000       0.118608160000000       5.140000000000000E-006
   4.25309532000000       6.840882000000000E-002  2.008000000000000E-005
   3.09868416000000       3.649975999999999E-002  1.366000000000000E-005
   1.41377340000000       8.591100000000001E-003  0.000000000000000E+000
  0.225432720000000       4.890200000000001E-004  0.000000000000000E+000
  9.485700000000001E-002  3.048000000000000E-005  0.000000000000000E+000
  2.829060000000000E-002  0.000000000000000E+000  0.000000000000000E+000
   9.63953700000000       0.685009440000000       5.870000000000001E-005
   9.68884092000000       0.698279480000000       3.796000000000000E-005
   9.79798632000000       0.707088440000000       3.066000000000000E-005
   10.0377523200000       0.706676160000000       4.380000000000000E-005
   9.64768356000000       0.619920780000000       2.662000000000000E-005
   7.26854868000000       0.286364700000000       2.336000000000000E-005
   3.37970136000000       3.567288000000000E-002  1.812000000000000E-005
  0.683543760000000       1.588000000000000E-003  0.000000000000000E+000
  8.937000000000003E-002  1.226600000000000E-004  0.000000000000000E+000
  2.829288000000000E-002  6.359999999999999E-006  0.000000000000000E+000
   3.15091860000000       7.984896000000002E-002  3.820000000000000E-006
   3.28996824000000       8.529202000000001E-002  6.100000000000000E-006
   3.45729552000000       9.210898000000002E-002  5.440000000000000E-006
   4.04312220000000       0.130108280000000       1.600000000000000E-007
   5.81053332000000       0.282518240000000       2.154000000000000E-005
   8.43575040000000       0.524750320000000       4.272000000000000E-005
   6.15632100000000       0.224432020000000       3.170000000000000E-005
   1.41316344000000       9.194819999999998E-003  0.000000000000000E+000
  8.217708000000000E-002  1.293400000000000E-004  0.000000000000000E+000
  3.712332000000000E-002  1.926000000000000E-005  0.000000000000000E+000
   1.76690016000000       3.094560000000000E-003  3.940000000000000E-006
   1.93783584000000       5.483679999999999E-003  1.160000000000000E-006
   2.19502128000000       8.155440000000000E-003  0.000000000000000E+000
   1.59055608000000       4.899260000000001E-003  0.000000000000000E+000
   1.31881668000000       4.030200000000000E-003  4.080000000000000E-006
  0.959748960000000       8.117600000000000E-004  0.000000000000000E+000
  0.757741200000000       1.601679999999999E-003  5.360000000000000E-006
  0.130077360000000       1.998400000000000E-004  0.000000000000000E+000
  0.160871040000000       0.000000000000000E+000  0.000000000000000E+000
  9.812939999999998E-002  0.000000000000000E+000  0.000000000000000E+000
   9.31705416000000       0.225524260000000       1.134000000000000E-005
   9.00965244000000       0.202128460000000       2.240000000000000E-005
   8.64444156000000       0.177793960000000       2.392000000000000E-005
   7.14274392000000       0.113448700000000       1.740000000000000E-006
   5.05604364000000       5.289178000000001E-002  9.040000000000000E-006
   2.74935312000000       1.522798000000000E-002  5.200000000000000E-007
   1.35475260000000       2.910560000000000E-003  0.000000000000000E+000
  0.270376800000000       6.420600000000000E-004  0.000000000000000E+000
  3.891972000000002E-002  6.220000000000000E-006  0.000000000000000E+000
  2.472131999999999E-002  0.000000000000000E+000  0.000000000000000E+000
   13.0348629600000        1.02128768000000       6.028000000000001E-005
   12.9387669600000        1.03183094000000       2.759999999999999E-005
   13.0293612000000        1.02974436000000       3.498000000000001E-005
   13.5536438400000        1.05783920000000       3.244000000000000E-005
   11.8940344800000       0.663188500000000       3.896000000000000E-005
   7.54017408000000       0.186774300000000       1.966000000000000E-005
   2.65374444000000       1.831338000000000E-002  1.380000000000000E-006
  0.807195480000000       2.407760000000000E-003  0.000000000000000E+000
  4.341636000000000E-002  1.354000000000000E-005  0.000000000000000E+000
  0.141957720000000       0.000000000000000E+000  0.000000000000000E+000
   10.7566218000000       0.239042320000000       6.160000000000000E-006
   10.9690635600000       0.185846520000000       1.900000000000000E-006
   10.5857082000000       0.181721180000000       1.920000000000000E-006
   8.78534520000000       0.136148800000000       9.279999999999999E-006
   5.32408092000000       3.650124000000000E-002  1.334000000000000E-005
   2.73647076000000       1.105838000000000E-002  1.760000000000000E-006
   1.36279644000000       2.525779999999999E-003  0.000000000000000E+000
  0.311754000000000       3.211000000000000E-004  0.000000000000000E+000
  0.179491080000000       2.940000000000000E-006  0.000000000000000E+000
  7.641744000000000E-002  1.362000000000000E-005  0.000000000000000E+000
