  6.472416000000000E-002  2.948000000000000E-005  0.000000000000000E+000
  7.066980000000003E-002  3.820000000000001E-005  0.000000000000000E+000
  6.704892000000000E-002  6.006000000000001E-005  0.000000000000000E+000
  7.071408000000001E-002  2.798000000000000E-005  0.000000000000000E+000
  8.088264000000001E-002  4.123999999999999E-005  0.000000000000000E+000
  9.189420000000004E-002  6.284000000000000E-005  0.000000000000000E+000
  0.121035360000000       1.156800000000000E-004  0.000000000000000E+000
  0.170746680000000       2.457799999999999E-004  0.000000000000000E+000
  0.200353800000000       3.633800000000000E-004  2.000000000000000E-008
  0.234248040000000       4.850000000000000E-004  1.360000000000000E-006
  2.663519999999999E-003  0.000000000000000E+000  0.000000000000000E+000
  2.219280000000001E-003  0.000000000000000E+000  0.000000000000000E+000
  2.269320000000000E-003  0.000000000000000E+000  0.000000000000000E+000
  4.005240000000000E-003  0.000000000000000E+000  0.000000000000000E+000
  4.671720000000000E-003  0.000000000000000E+000  0.000000000000000E+000
  8.069520000000002E-003  0.000000000000000E+000  0.000000000000000E+000
  1.804764000000000E-002  1.760000000000000E-006  0.000000000000000E+000
  4.966236000000001E-002  1.074000000000000E-005  0.000000000000000E+000
  0.120451320000000       9.444000000000001E-005  2.000000000000000E-008
  0.197710200000000       3.596000000000001E-004  1.760000000000000E-006
  1.492800000000000E-004  0.000000000000000E+000  0.000000000000000E+000
  3.059999999999999E-005  0.000000000000000E+000  0.000000000000000E+000
  6.396000000000000E-005  0.000000000000000E+000  0.000000000000000E+000
  5.304000000000001E-005  0.000000000000000E+000  0.000000000000000E+000
  2.100000000000000E-004  0.000000000000000E+000  0.000000000000000E+000
  6.974400000000001E-004  0.000000000000000E+000  0.000000000000000E+000
  2.670960000000000E-003  0.000000000000000E+000  0.000000000000000E+000
  1.528956000000000E-002  6.400000000000000E-007  0.000000000000000E+000
  6.949235999999999E-002  3.362000000000001E-005  0.000000000000000E+000
  0.170916360000000       2.776400000000000E-004  0.000000000000000E+000
  0.000000000000000E+000  0.000000000000000E+000  0.000000000000000E+000
  0.000000000000000E+000  0.000000000000000E+000  0.000000000000000E+000
  1.200000000000000E-006  0.000000000000000E+000  0.000000000000000E+000
  0.000000000000000E+000  0.000000000000000E+000  0.000000000000000E+000
  2.760000000000000E-006  0.000000000000000E+000  0.000000000000000E+000
  3.660000000000000E-005  0.000000000000000E+000  0.000000000000000E+000
  2.736000000000000E-004  0.000000000000000E+000  0.000000000000000E+000
  4.125360000000001E-003  0.000000000000000E+000  0.000000000000000E+000
  3.889296000000000E-002  1.444000000000000E-005  0.000000000000000E+000
  0.136940520000000       1.364000000000000E-004  8.000000000000000E-008
  0.000000000000000E+000  0.000000000000000E+000  0.000000000000000E+000
  0.000000000000000E+000  0.000000000000000E+000  0.000000000000000E+000
  0.000000000000000E+000  0.000000000000000E+000  0.000000000000000E+000
  0.000000000000000E+000  0.000000000000000E+000  0.000000000000000E+000
  0.000000000000000E+000  0.000000000000000E+000  0.000000000000000E+000
  0.000000000000000E+000  0.000000000000000E+000  0.000000000000000E+000
  8.400000000000001E-006  0.000000000000000E+000  0.000000000000000E+000
  7.335599999999999E-004  0.000000000000000E+000  0.000000000000000E+000
  1.973316000000000E-002  1.160000000000000E-006  0.000000000000000E+000
  0.122257200000000       1.122400000000000E-004  2.000000000000000E-007
  0.789675480000000       5.052280000000001E-003  1.600000000000000E-007
  0.785126520000000       4.851700000000001E-003  3.980000000000001E-006
  0.786822240000000       5.110420000000002E-003  5.379999999999999E-006
  0.804746880000000       5.104360000000001E-003  5.400000000000000E-006
  0.829951440000000       6.220660000000001E-003  1.034000000000000E-005
  0.840203280000000       5.940599999999998E-003  4.440000000000000E-006
  0.235624560000000       7.371000000000003E-004  0.000000000000000E+000
  3.365856000000000E-002  8.397999999999999E-005  0.000000000000000E+000
  4.580016000000000E-002  5.134000000000000E-005  0.000000000000000E+000
  3.889452000000000E-002  6.372000000000001E-005  0.000000000000000E+000
  6.909852000000001E-002  3.480000000000001E-005  0.000000000000000E+000
  7.565255999999999E-002  3.418000000000000E-005  0.000000000000000E+000
  8.432003999999999E-002  6.156000000000000E-005  9.600000000000001E-007
  8.568252000000001E-002  3.348000000000000E-005  8.000000000000001E-007
  0.118593960000000       9.612000000000002E-005  0.000000000000000E+000
  0.171471960000000       2.474600000000000E-004  0.000000000000000E+000
  0.328163760000000       6.435799999999999E-004  0.000000000000000E+000
  0.614795880000000       3.138199999999999E-003  2.400000000000000E-007
  4.749024000000000E-002  6.564000000000000E-005  0.000000000000000E+000
  3.186384000000000E-002  1.596000000000000E-005  0.000000000000000E+000
  3.994439999999999E-003  0.000000000000000E+000  0.000000000000000E+000
  5.749679999999999E-003  0.000000000000000E+000  0.000000000000000E+000
  4.933920000000000E-003  6.940000000000000E-006  0.000000000000000E+000
  6.604320000000000E-003  0.000000000000000E+000  0.000000000000000E+000
  9.265919999999999E-003  0.000000000000000E+000  0.000000000000000E+000
  2.038200000000001E-002  0.000000000000000E+000  0.000000000000000E+000
  7.153308000000001E-002  3.407999999999999E-005  0.000000000000000E+000
  0.281865120000000       6.560999999999997E-004  0.000000000000000E+000
  0.239064240000000       8.539000000000001E-004  2.000000000000000E-007
  3.711468000000001E-002  4.148000000000000E-005  0.000000000000000E+000
  1.965600000000000E-004  0.000000000000000E+000  0.000000000000000E+000
  1.827600000000000E-004  0.000000000000000E+000  0.000000000000000E+000
  5.700000000000000E-005  0.000000000000000E+000  0.000000000000000E+000
  4.550400000000000E-004  0.000000000000000E+000  0.000000000000000E+000
  5.720400000000000E-004  0.000000000000000E+000  0.000000000000000E+000
  1.489560000000000E-003  0.000000000000000E+000  0.000000000000000E+000
  1.241712000000000E-002  0.000000000000000E+000  0.000000000000000E+000
  0.115721280000000       6.997999999999999E-005  3.400000000000000E-007
  0.500044560000000       1.921960000000000E-003  2.100000000000000E-006
  1.890624000000000E-002  2.060000000000000E-006  0.000000000000000E+000
  1.668000000000000E-005  0.000000000000000E+000  0.000000000000000E+000
  1.500000000000000E-005  0.000000000000000E+000  0.000000000000000E+000
  1.440000000000000E-006  0.000000000000000E+000  0.000000000000000E+000
  1.200000000000000E-007  0.000000000000000E+000  0.000000000000000E+000
  2.400000000000000E-005  0.000000000000000E+000  0.000000000000000E+000
  1.177200000000000E-004  0.000000000000000E+000  0.000000000000000E+000
  1.992839999999999E-003  0.000000000000000E+000  0.000000000000000E+000
  3.145632000000000E-002  6.260000000000000E-006  0.000000000000000E+000
  0.353478960000000       1.122320000000000E-003  8.840000000000000E-006
  4.783751999999999E-002  4.508000000000000E-005  0.000000000000000E+000
   1.63047204000000       2.247484000000001E-002  7.320000000000000E-006
   1.38799044000000       1.564719999999999E-002  1.444000000000000E-005
   1.35744720000000       1.454840000000000E-002  1.012000000000000E-005
   1.20321660000000       1.204570000000000E-002  1.002000000000000E-005
  0.743216520000000       5.425700000000001E-003  7.519999999999999E-006
  0.397017720000000       1.507360000000000E-003  3.120000000000000E-006
  0.148118880000000       4.057000000000000E-004  2.600000000000000E-007
  8.846412000000001E-002  1.575200000000000E-004  0.000000000000000E+000
  0.105889560000000       1.476400000000000E-004  0.000000000000000E+000
  9.808284000000000E-002  3.726199999999999E-004  4.000000000000000E-008
  0.963850680000000       7.434040000000005E-003  8.200000000000000E-007
  0.982052520000000       7.888380000000000E-003  4.800000000000001E-007
   1.01297628000000       8.842200000000000E-003  8.620000000000000E-006
   1.12159548000000       9.177180000000002E-003  1.200000000000000E-007
   1.28641068000000       1.373074000000000E-002  1.000000000000000E-007
   1.60730628000000       2.271624000000001E-002  1.200000000000000E-005
   1.80585828000000       2.585740000000000E-002  9.940000000000001E-006
  0.271815960000000       1.071660000000000E-003  2.620000000000000E-006
  0.110173680000000       2.811800000000000E-004  3.320000000000000E-006
  6.899028000000000E-002  5.226000000000000E-005  0.000000000000000E+000
  0.101729640000000       1.188200000000000E-004  0.000000000000000E+000
  0.102980280000000       1.268600000000000E-004  0.000000000000000E+000
  0.116784360000000       9.214000000000002E-005  0.000000000000000E+000
  0.138584760000000       1.965000000000000E-004  0.000000000000000E+000
  0.196706880000000       4.591400000000000E-004  0.000000000000000E+000
  0.388601760000000       1.285880000000000E-003  0.000000000000000E+000
  0.901734120000000       6.412839999999999E-003  0.000000000000000E+000
   1.37869980000000       1.603266000000000E-002  1.392000000000000E-005
  7.299072000000000E-002  6.730000000000000E-005  0.000000000000000E+000
  8.981244000000001E-002  2.311199999999999E-004  0.000000000000000E+000
  7.112879999999999E-003  0.000000000000000E+000  0.000000000000000E+000
  8.597759999999999E-003  0.000000000000000E+000  0.000000000000000E+000
  7.090559999999997E-003  0.000000000000000E+000  0.000000000000000E+000
  1.427016000000000E-002  0.000000000000000E+000  0.000000000000000E+000
  1.715292000000000E-002  0.000000000000000E+000  0.000000000000000E+000
  5.596488000000000E-002  3.004000000000001E-005  0.000000000000000E+000
  0.258536280000000       3.833200000000000E-004  0.000000000000000E+000
   1.09714668000000       1.016492000000000E-002  1.440000000000000E-006
  0.180160920000000       5.448200000000000E-004  4.000000000000000E-007
  7.631568000000001E-002  1.313600000000000E-004  0.000000000000000E+000
  2.406000000000000E-004  0.000000000000000E+000  0.000000000000000E+000
  3.877200000000001E-004  0.000000000000000E+000  0.000000000000000E+000
  3.016800000000000E-004  0.000000000000000E+000  0.000000000000000E+000
  7.045200000000000E-004  0.000000000000000E+000  0.000000000000000E+000
  1.867560000000001E-003  0.000000000000000E+000  0.000000000000000E+000
  6.753840000000001E-003  0.000000000000000E+000  0.000000000000000E+000
  4.896432000000000E-002  1.232000000000000E-005  0.000000000000000E+000
  0.538034400000000       2.231860000000000E-003  2.400000000000000E-007
  0.185523240000000       6.110999999999999E-004  1.220000000000000E-006
  9.368580000000000E-002  2.055000000000000E-004  1.200000000000000E-006
   1.21341072000000       7.468100000000001E-003  1.500000000000000E-006
   1.03224984000000       5.139880000000000E-003  1.298000000000000E-005
  0.966516600000000       6.454080000000001E-003  5.199999999999999E-006
  0.939922080000000       5.430800000000000E-003  1.100000000000000E-005
  0.613406280000000       2.578580000000000E-003  5.140000000000000E-006
  0.303625800000000       9.198799999999999E-004  6.000000000000001E-008
  0.188410800000000       4.490600000000001E-004  0.000000000000000E+000
  0.141032160000000       1.779800000000000E-004  4.200000000000000E-007
  0.108673080000000       1.082400000000000E-004  0.000000000000000E+000
  0.106978680000000       2.761000000000000E-004  0.000000000000000E+000
   4.57639968000000       0.169645900000000       4.104000000000000E-005
   4.60487268000000       0.164590680000000       2.076000000000000E-005
   4.51704012000000       0.163799120000000       4.743999999999999E-005
   4.44227100000000       0.159861920000000       3.386000000000000E-005
   4.35558576000000       0.157759800000000       1.738000000000000E-005
   3.65777604000000       0.102072240000000       3.089999999999999E-005
   1.79798136000000       2.145110000000000E-002  5.840000000000000E-006
  0.230099760000000       7.336199999999998E-004  0.000000000000000E+000
  0.105511440000000       1.035000000000000E-004  0.000000000000000E+000
  0.114973680000000       2.016000000000000E-004  0.000000000000000E+000
   1.37800212000000       1.509540000000000E-002  3.000000000000000E-007
   1.37327700000000       1.447444000000000E-002  0.000000000000000E+000
   1.52312952000000       1.843802000000000E-002  2.140000000000000E-006
   1.65791352000000       2.198692000000000E-002  8.000000000000000E-008
   2.09271396000000       3.792860000000000E-002  3.920000000000000E-006
   2.90303076000000       7.132562000000001E-002  3.340000000000000E-006
   3.41955240000000       9.013269999999998E-002  2.196000000000000E-005
  0.782089800000000       4.896920000000000E-003  4.860000000000000E-006
  0.180341880000000       1.204600000000000E-004  3.000000000000000E-007
  7.980815999999998E-002  1.647400000000000E-004  0.000000000000000E+000
  0.165146040000000       2.671600000000000E-004  0.000000000000000E+000
  0.179498400000000       2.676600000000000E-004  0.000000000000000E+000
  0.195638040000000       3.490600000000000E-004  0.000000000000000E+000
  0.249759840000000       4.256800000000001E-004  0.000000000000000E+000
  0.367160040000000       1.035640000000000E-003  0.000000000000000E+000
  0.837985320000000       5.651739999999997E-003  7.519999999999999E-006
   2.23058448000000       3.994724000000001E-002  3.239999999999999E-006
   2.21627340000000       3.915694000000000E-002  1.826000000000000E-005
  0.132581520000000       4.153200000000000E-004  0.000000000000000E+000
  0.128429520000000       2.058000000000000E-004  0.000000000000000E+000
  1.650744000000000E-002  0.000000000000000E+000  0.000000000000000E+000
  1.686036000000000E-002  1.960000000000000E-006  0.000000000000000E+000
  1.530587999999999E-002  3.000000000000000E-007  0.000000000000000E+000
  2.180664000000000E-002  7.919999999999999E-006  0.000000000000000E+000
  5.058996000000000E-002  7.219999999999999E-006  0.000000000000000E+000
  0.152433600000000       8.299999999999998E-005  0.000000000000000E+000
  0.797914800000000       5.600820000000002E-003  0.000000000000000E+000
   2.62960512000000       5.626340000000003E-002  2.378000000000000E-005
  0.148107960000000       4.112400000000000E-004  2.220000000000000E-006
  0.108043320000000       5.360000000000000E-005  0.000000000000000E+000
  0.603781440000000       1.754700000000000E-003  1.400000000000000E-007
  0.630893280000000       1.525780000000000E-003  0.000000000000000E+000
  0.597541440000000       1.347420000000000E-003  0.000000000000000E+000
  0.510878520000000       9.657400000000003E-004  0.000000000000000E+000
  0.395079600000000       6.702000000000001E-004  0.000000000000000E+000
  0.222597360000000       4.519799999999999E-004  0.000000000000000E+000
  9.682716000000002E-002  1.362400000000000E-004  0.000000000000000E+000
  8.714099999999998E-002  1.712600000000000E-004  4.800000000000001E-007
  8.064228000000004E-002  2.131800000000000E-004  0.000000000000000E+000
  6.958512000000000E-002  1.513600000000000E-004  0.000000000000000E+000
   4.65658188000000       0.114882420000000       1.528000000000000E-005
   4.70015880000000       0.109535620000000       2.634000000000001E-005
   4.63364928000000       0.108959760000000       1.506000000000000E-005
   4.13152284000000       9.710722000000001E-002  3.972000000000000E-005
   3.47833776000000       5.224294000000000E-002  1.472000000000000E-005
   2.28102204000000       2.119723999999999E-002  4.900000000000001E-006
  0.906779640000000       3.687200000000000E-003  1.600000000000000E-006
  0.138778320000000       1.833800000000000E-004  0.000000000000000E+000
  8.483543999999998E-002  6.188000000000000E-005  0.000000000000000E+000
  5.204448000000000E-002  2.000000000000000E-008  0.000000000000000E+000
   7.01379276000000       0.393902900000000       3.994000000000000E-005
   6.98252832000000       0.379589700000000       2.788000000000000E-005
   7.05412152000000       0.384246060000000       3.739999999999999E-005
   7.28646936000000       0.398870100000000       2.150000000000000E-005
   6.91455540000000       0.374617700000000       5.163999999999999E-005
   5.94453528000000       0.251770580000000       5.812000000000001E-005
   3.18982884000000       5.663463999999999E-002  3.120000000000000E-006
  0.467427960000000       1.732520000000000E-003  0.000000000000000E+000
  0.127862760000000       5.908000000000000E-005  0.000000000000000E+000
  8.433731999999998E-002  1.608000000000000E-005  0.000000000000000E+000
   2.04762444000000       3.680008000000001E-002  1.600000000000000E-007
   2.12094144000000       3.722378000000000E-002  1.346000000000000E-005
   2.31249300000000       4.319762000000001E-002  7.140000000000000E-006
   2.60772756000000       5.727761999999999E-002  6.920000000000000E-006
   3.59454780000000       0.103429980000000       1.096000000000000E-005
   5.27485404000000       0.223307920000000       4.121999999999999E-005
   5.41795800000000       0.215456080000000       3.402000000000000E-005
   1.36969404000000       9.143699999999999E-003  2.000000000000000E-008
  0.138484320000000       3.763200000000000E-004  0.000000000000000E+000
  5.689656000000001E-002  1.971800000000000E-004  0.000000000000000E+000
  0.289963800000000       5.784800000000001E-004  0.000000000000000E+000
  0.319067280000000       8.314000000000002E-004  0.000000000000000E+000
  0.327437760000000       8.000599999999999E-004  0.000000000000000E+000
  0.417497160000000       1.519680000000000E-003  0.000000000000000E+000
  0.732948840000000       4.594939999999999E-003  9.200000000000000E-006
   1.83039060000000       2.642446000000001E-002  7.560000000000000E-006
   4.64616420000000       0.179762980000000       2.120000000000000E-005
   2.85702144000000       5.873530000000002E-002  1.012000000000000E-005
  0.140538960000000       2.181600000000000E-004  2.860000000000000E-006
  7.442892000000000E-002  5.632000000000000E-005  0.000000000000000E+000
  0.413835000000000       8.225199999999999E-004  0.000000000000000E+000
  0.376457280000000       1.510800000000000E-004  1.600000000000000E-007
  0.394569960000000       9.874000000000000E-004  7.000000000000000E-007
  0.257284200000000       3.522399999999999E-004  0.000000000000000E+000
  0.225204480000000       2.114200000000000E-004  1.320000000000000E-006
  0.153480600000000       1.460200000000000E-004  0.000000000000000E+000
  7.664496000000001E-002  7.454000000000000E-005  0.000000000000000E+000
  4.801368000000000E-002  1.316000000000000E-005  0.000000000000000E+000
  3.317339999999999E-002  1.092000000000000E-005  0.000000000000000E+000
  3.721440000000000E-002  2.014000000000000E-005  0.000000000000000E+000
   1.84940208000000       6.913760000000001E-003  4.000000000000000E-007
   1.81567932000000       8.858320000000001E-003  2.520000000000000E-006
   1.72405728000000       7.222139999999999E-003  5.480000000000001E-006
   1.53943548000000       6.224300000000000E-003  0.000000000000000E+000
   1.40703612000000       6.322880000000000E-003  5.200000000000000E-007
   1.16199804000000       3.617740000000000E-003  5.660000000000000E-006
  0.459267000000000       9.664599999999999E-004  1.920000000000000E-006
  9.805788000000001E-002  1.196600000000000E-004  0.000000000000000E+000
  5.810412000000002E-002  7.415999999999999E-005  0.000000000000000E+000
  4.016832000000000E-002  1.184000000000000E-005  0.000000000000000E+000
   6.66638160000000       0.169514580000000       1.250000000000000E-005
   6.89653260000000       0.170329760000000       1.992000000000000E-005
   6.39884688000000       0.161681700000000       1.018000000000000E-005
   6.39593976000000       0.145068800000000       1.976000000000000E-005
   4.56920316000000       7.518564000000000E-002  1.224000000000000E-005
   2.74361052000000       1.980756000000000E-002  4.580000000000000E-006
   1.63341876000000       9.055300000000001E-003  2.560000000000000E-006
  0.229514640000000       3.755400000000001E-004  0.000000000000000E+000
  5.612147999999999E-002  2.244000000000000E-005  0.000000000000000E+000
  4.006644000000002E-002  0.000000000000000E+000  0.000000000000000E+000
   9.90125568000000       0.720575000000000       1.876000000000000E-005
   9.67864092000000       0.677695740000000       4.718000000000000E-005
   9.75999492000000       0.707668020000000       3.996000000000000E-005
   9.85478580000000       0.697056240000000       3.768000000000000E-005
   9.42747288000000       0.565543000000000       4.222000000000000E-005
   7.18542276000000       0.284343920000000       4.934000000000000E-005
   3.09766440000000       3.682978000000001E-002  1.344000000000000E-005
  0.546366360000000       2.333940000000000E-003  0.000000000000000E+000
  7.780824000000000E-002  5.540000000000000E-006  0.000000000000000E+000
  5.127887999999999E-002  2.080000000000000E-006  0.000000000000000E+000
   3.11040588000000       7.965614000000000E-002  3.800000000000000E-007
   3.20186580000000       8.177502000000000E-002  5.340000000000000E-006
   3.43766928000000       9.050317999999999E-002  4.480000000000000E-006
   4.07259648000000       0.139863800000000       1.688000000000000E-005
   5.74279644000000       0.269767760000000       1.398000000000000E-005
   8.32158096000000       0.523896100000000       8.820000000000000E-006
   6.15389748000000       0.215549680000000       3.466000000000000E-005
   1.46924352000000       7.331000000000004E-003  1.200000000000000E-007
  0.113265720000000       1.203000000000000E-004  0.000000000000000E+000
  5.654687999999997E-002  9.334000000000000E-005  0.000000000000000E+000
   2.10507312000000       9.867840000000001E-003  9.920000000000000E-006
   1.77446820000000       3.465260000000000E-003  9.079999999999999E-006
   2.13677856000000       1.270210000000000E-002  8.799999999999999E-007
   1.80486636000000       3.392339999999999E-003  3.200000000000000E-007
   1.66035600000000       9.166759999999999E-003  3.540000000000000E-006
   1.55523732000000       2.676419999999999E-003  0.000000000000000E+000
  0.712173360000000       1.894360000000000E-003  0.000000000000000E+000
  0.226841880000000       1.179000000000000E-004  0.000000000000000E+000
  3.901980000000000E-002  7.067999999999999E-005  0.000000000000000E+000
  2.372183999999999E-002  0.000000000000000E+000  0.000000000000000E+000
   8.32281216000000       0.178744380000000       2.420000000000000E-006
   8.68595916000000       0.202224000000000       2.342000000000000E-005
   8.18833824000000       0.176236640000000       1.180000000000000E-006
   7.63425588000000       0.147391220000000       2.150000000000000E-005
   5.19232944000000       6.400164000000003E-002  5.300000000000000E-006
   2.77953828000000       1.217862000000000E-002  1.080000000000000E-006
   1.51854744000000       6.137240000000001E-003  4.400000000000001E-007
  0.225043320000000       1.641000000000000E-004  0.000000000000000E+000
  4.054716000000000E-002  3.774000000000000E-005  0.000000000000000E+000
  1.308660000000000E-002  8.780000000000001E-006  0.000000000000000E+000
   13.0748178000000        1.05441858000000       1.434000000000000E-005
   12.8093223600000       0.990072200000000       4.868000000000001E-005
   13.2065436000000        1.07672540000000       2.384000000000000E-005
   13.2416077200000       0.949569740000000       3.334000000000000E-005
   11.8214744400000       0.659977080000000       2.684000000000000E-005
   8.14734636000000       0.198792960000000       2.014000000000000E-005
   2.54544420000000       1.215530000000000E-002  6.200000000000000E-007
  0.645370320000000       1.802940000000000E-003  1.400000000000000E-007
  5.111280000000000E-002  0.000000000000000E+000  0.000000000000000E+000
  4.000572000000001E-002  0.000000000000000E+000  0.000000000000000E+000
   10.6432756800000       0.215222280000000       1.266000000000000E-005
   11.3696156400000       0.216368000000000       1.004000000000000E-005
   9.96394104000000       0.178166460000000       1.258000000000000E-005
   8.86913232000000       0.125317640000000       1.840000000000000E-006
   6.02902968000000       4.837804000000000E-002  5.219999999999999E-006
   2.40398088000000       8.477519999999999E-003  1.580000000000000E-006
   1.24017084000000       6.407420000000000E-003  0.000000000000000E+000
  0.273962280000000       4.554800000000000E-004  0.000000000000000E+000
  4.261272000000000E-002  3.900000000000000E-005  0.000000000000000E+000
  0.200382000000000       2.290000000000000E-005  0.000000000000000E+000
