       0.2018E+00       0.1868E+00       0.4802E-02       0.4834E-02
       0.1953E+00       0.1987E+00       0.4779E-02       0.4727E-02
       0.1871E+00       0.1994E+00       0.4833E-02       0.4910E-02
       0.1799E+00       0.2002E+00       0.5265E-02       0.5596E-02
       0.1697E+00       0.1976E+00       0.5916E-02       0.6677E-02
       0.1568E+00       0.1946E+00       0.6609E-02       0.8092E-02
       0.1430E+00       0.1878E+00       0.7390E-02       0.9755E-02
       0.1290E+00       0.1769E+00       0.7783E-02       0.1122E-01
       0.1137E+00       0.1632E+00       0.7927E-02       0.1230E-01
       0.9779E-01       0.1452E+00       0.7477E-02       0.1269E-01
       0.8049E-01       0.1225E+00       0.6494E-02       0.1186E-01
       0.6342E-01       0.9810E-01       0.5243E-02       0.1006E-01
       0.4658E-01       0.7320E-01       0.3752E-02       0.7602E-02
       0.3257E-01       0.5122E-01       0.2447E-02       0.5090E-02
       0.2165E-01       0.3408E-01       0.1489E-02       0.3058E-02
       0.2024E+00       0.1858E+00       0.4740E-02       0.4803E-02
       0.1938E+00       0.1959E+00       0.4702E-02       0.4744E-02
       0.1877E+00       0.1991E+00       0.4824E-02       0.4909E-02
       0.1810E+00       0.1998E+00       0.5256E-02       0.5590E-02
       0.1705E+00       0.1982E+00       0.5960E-02       0.6722E-02
       0.1563E+00       0.1949E+00       0.6656E-02       0.8136E-02
       0.1435E+00       0.1862E+00       0.7295E-02       0.9672E-02
       0.1286E+00       0.1773E+00       0.7778E-02       0.1119E-01
       0.1136E+00       0.1629E+00       0.7799E-02       0.1237E-01
       0.9747E-01       0.1451E+00       0.7478E-02       0.1265E-01
       0.8053E-01       0.1221E+00       0.6521E-02       0.1179E-01
       0.6316E-01       0.9745E-01       0.5174E-02       0.9982E-02
       0.4695E-01       0.7301E-01       0.3760E-02       0.7594E-02
       0.3261E-01       0.5126E-01       0.2484E-02       0.5051E-02
       0.2179E-01       0.3426E-01       0.1488E-02       0.3111E-02
       0.2020E+00       0.1861E+00       0.4794E-02       0.4826E-02
       0.1943E+00       0.1994E+00       0.4772E-02       0.4813E-02
       0.1883E+00       0.1998E+00       0.4846E-02       0.4917E-02
       0.1798E+00       0.1985E+00       0.5217E-02       0.5599E-02
       0.1690E+00       0.1979E+00       0.5920E-02       0.6695E-02
       0.1576E+00       0.1939E+00       0.6642E-02       0.8172E-02
       0.1434E+00       0.1878E+00       0.7311E-02       0.9730E-02
       0.1297E+00       0.1759E+00       0.7743E-02       0.1116E-01
       0.1133E+00       0.1627E+00       0.7833E-02       0.1223E-01
       0.9780E-01       0.1443E+00       0.7480E-02       0.1266E-01
       0.8091E-01       0.1234E+00       0.6641E-02       0.1199E-01
       0.6320E-01       0.9742E-01       0.5211E-02       0.1011E-01
       0.4706E-01       0.7274E-01       0.3787E-02       0.7623E-02
       0.3280E-01       0.5106E-01       0.2446E-02       0.5101E-02
       0.2154E-01       0.3393E-01       0.1478E-02       0.3058E-02
