  0.000000000000000E+000  0.000000000000000E+000  0.000000000000000E+000
  0.000000000000000E+000  0.000000000000000E+000  0.000000000000000E+000
  0.000000000000000E+000  0.000000000000000E+000  0.000000000000000E+000
  0.000000000000000E+000  0.000000000000000E+000  0.000000000000000E+000
  0.000000000000000E+000  0.000000000000000E+000  0.000000000000000E+000
  0.000000000000000E+000  0.000000000000000E+000  0.000000000000000E+000
  0.000000000000000E+000  0.000000000000000E+000  0.000000000000000E+000
  7.440000000000001E-005  0.000000000000000E+000  0.000000000000000E+000
  5.335583999999999E-002  1.770000000000000E-005  0.000000000000000E+000
  0.517719120000000       2.305700000000000E-003  1.200000000000000E-006
  0.000000000000000E+000  0.000000000000000E+000  0.000000000000000E+000
  0.000000000000000E+000  0.000000000000000E+000  0.000000000000000E+000
  0.000000000000000E+000  0.000000000000000E+000  0.000000000000000E+000
  0.000000000000000E+000  0.000000000000000E+000  0.000000000000000E+000
  0.000000000000000E+000  0.000000000000000E+000  0.000000000000000E+000
  0.000000000000000E+000  0.000000000000000E+000  0.000000000000000E+000
  1.200000000000000E-007  0.000000000000000E+000  0.000000000000000E+000
  1.631460000000000E-002  5.000000000000000E-007  0.000000000000000E+000
   1.05773280000000       8.947040000000002E-003  4.960000000000000E-006
  8.553840000000000E-003  0.000000000000000E+000  0.000000000000000E+000
  0.000000000000000E+000  0.000000000000000E+000  0.000000000000000E+000
  0.000000000000000E+000  0.000000000000000E+000  0.000000000000000E+000
  0.000000000000000E+000  0.000000000000000E+000  0.000000000000000E+000
  0.000000000000000E+000  0.000000000000000E+000  0.000000000000000E+000
  0.000000000000000E+000  0.000000000000000E+000  0.000000000000000E+000
  2.880000000000000E-006  0.000000000000000E+000  0.000000000000000E+000
  1.851360000000000E-003  0.000000000000000E+000  0.000000000000000E+000
   1.59989460000000       1.943306000000000E-002  1.126000000000000E-005
  4.767600000000000E-004  0.000000000000000E+000  0.000000000000000E+000
  0.000000000000000E+000  0.000000000000000E+000  0.000000000000000E+000
  0.000000000000000E+000  0.000000000000000E+000  0.000000000000000E+000
  0.000000000000000E+000  0.000000000000000E+000  0.000000000000000E+000
  0.000000000000000E+000  0.000000000000000E+000  0.000000000000000E+000
  0.000000000000000E+000  0.000000000000000E+000  0.000000000000000E+000
  0.000000000000000E+000  0.000000000000000E+000  0.000000000000000E+000
  3.761400000000000E-003  0.000000000000000E+000  0.000000000000000E+000
  0.466718040000000       1.470360000000000E-003  0.000000000000000E+000
   1.65686808000000       1.425646000000000E-002  0.000000000000000E+000
  0.000000000000000E+000  0.000000000000000E+000  0.000000000000000E+000
  0.000000000000000E+000  0.000000000000000E+000  0.000000000000000E+000
  0.000000000000000E+000  0.000000000000000E+000  0.000000000000000E+000
  9.624000000000000E-005  0.000000000000000E+000  0.000000000000000E+000
  0.000000000000000E+000  0.000000000000000E+000  0.000000000000000E+000
  2.979600000000000E-004  0.000000000000000E+000  0.000000000000000E+000
  6.832799999999999E-003  0.000000000000000E+000  0.000000000000000E+000
  0.251731920000000       5.160600000000000E-004  0.000000000000000E+000
   10.3232815200000       0.363949900000000       4.600000000000000E-007
  5.743800000000000E-002  0.000000000000000E+000  0.000000000000000E+000
  2.908512000000000E-002  0.000000000000000E+000  0.000000000000000E+000
  0.000000000000000E+000  0.000000000000000E+000  0.000000000000000E+000
  3.407424000000001E-002  0.000000000000000E+000  0.000000000000000E+000
  1.297200000000000E-002  0.000000000000000E+000  0.000000000000000E+000
  7.447104000000002E-002  0.000000000000000E+000  0.000000000000000E+000
  0.160211640000000       0.000000000000000E+000  0.000000000000000E+000
  0.730854480000000       3.066060000000000E-003  0.000000000000000E+000
   9.50758956000000       0.143702980000000       0.000000000000000E+000
   5.48389620000000       2.338600000000000E-004  0.000000000000000E+000
  0.168994560000000       0.000000000000000E+000  0.000000000000000E+000
  0.000000000000000E+000  0.000000000000000E+000  0.000000000000000E+000
  0.000000000000000E+000  0.000000000000000E+000  0.000000000000000E+000
   1.51157052000000       2.413680000000000E-003  0.000000000000000E+000
   2.30002164000000       8.868200000000001E-004  0.000000000000000E+000
   2.27167416000000       7.403820000000000E-003  0.000000000000000E+000
   4.91323200000000       1.913636000000001E-002  0.000000000000000E+000
   12.4525414800000       3.061604000000000E-002  0.000000000000000E+000
   20.5760763600000       2.481542000000000E-002  2.400000000000000E-007
   5.28235080000000       0.000000000000000E+000  0.000000000000000E+000
  8.008619999999998E-002  0.000000000000000E+000  0.000000000000000E+000
  0.000000000000000E+000  0.000000000000000E+000  0.000000000000000E+000
  0.000000000000000E+000  0.000000000000000E+000  0.000000000000000E+000
   9.95905692000000       2.314432000000000E-002  0.000000000000000E+000
   11.2560409200000       1.490178000000000E-002  0.000000000000000E+000
   11.5970878800000       3.499300000000000E-003  0.000000000000000E+000
   12.5742084000000       1.691080000000000E-002  0.000000000000000E+000
   19.0546402800000       7.731240000000000E-003  0.000000000000000E+000
   16.5558732000000       0.000000000000000E+000  0.000000000000000E+000
   3.89490024000000       0.000000000000000E+000  0.000000000000000E+000
  0.200876160000000       0.000000000000000E+000  0.000000000000000E+000
  3.003912000000000E-002  0.000000000000000E+000  0.000000000000000E+000
  2.823504000000000E-002  0.000000000000000E+000  0.000000000000000E+000
   11.7132082800000       0.000000000000000E+000  0.000000000000000E+000
   12.7940254800000       9.472400000000000E-004  0.000000000000000E+000
   14.2577737200000       6.660100000000000E-003  0.000000000000000E+000
   17.0213115600000       0.000000000000000E+000  0.000000000000000E+000
   18.0644997600000       0.000000000000000E+000  0.000000000000000E+000
   16.9919430000000       8.200000000000000E-007  0.000000000000000E+000
   3.23914128000000       0.000000000000000E+000  0.000000000000000E+000
  0.119999520000000       0.000000000000000E+000  0.000000000000000E+000
  3.196320000000000E-003  0.000000000000000E+000  0.000000000000000E+000
  0.000000000000000E+000  0.000000000000000E+000  0.000000000000000E+000
  0.000000000000000E+000  0.000000000000000E+000  0.000000000000000E+000
  0.000000000000000E+000  0.000000000000000E+000  0.000000000000000E+000
  0.000000000000000E+000  0.000000000000000E+000  0.000000000000000E+000
  0.000000000000000E+000  0.000000000000000E+000  0.000000000000000E+000
  0.000000000000000E+000  0.000000000000000E+000  0.000000000000000E+000
  0.000000000000000E+000  0.000000000000000E+000  0.000000000000000E+000
  0.000000000000000E+000  0.000000000000000E+000  0.000000000000000E+000
  7.955999999999999E-005  0.000000000000000E+000  0.000000000000000E+000
  5.219628000000002E-002  3.980000000000000E-006  0.000000000000000E+000
  0.555518400000000       2.560000000000001E-003  4.460000000000000E-006
  0.000000000000000E+000  0.000000000000000E+000  0.000000000000000E+000
  0.000000000000000E+000  0.000000000000000E+000  0.000000000000000E+000
  0.000000000000000E+000  0.000000000000000E+000  0.000000000000000E+000
  0.000000000000000E+000  0.000000000000000E+000  0.000000000000000E+000
  0.000000000000000E+000  0.000000000000000E+000  0.000000000000000E+000
  0.000000000000000E+000  0.000000000000000E+000  0.000000000000000E+000
  0.000000000000000E+000  0.000000000000000E+000  0.000000000000000E+000
  1.701684000000000E-002  0.000000000000000E+000  0.000000000000000E+000
   1.06488708000000       1.064356000000000E-002  0.000000000000000E+000
  6.738360000000001E-003  0.000000000000000E+000  0.000000000000000E+000
  0.000000000000000E+000  0.000000000000000E+000  0.000000000000000E+000
  0.000000000000000E+000  0.000000000000000E+000  0.000000000000000E+000
  0.000000000000000E+000  0.000000000000000E+000  0.000000000000000E+000
  0.000000000000000E+000  0.000000000000000E+000  0.000000000000000E+000
  0.000000000000000E+000  0.000000000000000E+000  0.000000000000000E+000
  0.000000000000000E+000  0.000000000000000E+000  0.000000000000000E+000
  2.527920000000000E-003  0.000000000000000E+000  0.000000000000000E+000
   1.61399436000000       2.148806000000000E-002  3.600000000000000E-007
  2.880000000000000E-005  0.000000000000000E+000  0.000000000000000E+000
  0.000000000000000E+000  0.000000000000000E+000  0.000000000000000E+000
  0.000000000000000E+000  0.000000000000000E+000  0.000000000000000E+000
  0.000000000000000E+000  0.000000000000000E+000  0.000000000000000E+000
  0.000000000000000E+000  0.000000000000000E+000  0.000000000000000E+000
  0.000000000000000E+000  0.000000000000000E+000  0.000000000000000E+000
  1.524000000000000E-005  0.000000000000000E+000  0.000000000000000E+000
  1.574400000000000E-003  0.000000000000000E+000  0.000000000000000E+000
  0.441896640000000       1.907080000000000E-003  0.000000000000000E+000
   1.51111812000000       1.086926000000000E-002  0.000000000000000E+000
  0.000000000000000E+000  0.000000000000000E+000  0.000000000000000E+000
  0.000000000000000E+000  0.000000000000000E+000  0.000000000000000E+000
  0.000000000000000E+000  0.000000000000000E+000  0.000000000000000E+000
  0.000000000000000E+000  0.000000000000000E+000  0.000000000000000E+000
  8.156400000000000E-004  0.000000000000000E+000  0.000000000000000E+000
  0.000000000000000E+000  0.000000000000000E+000  0.000000000000000E+000
  6.739560000000000E-003  0.000000000000000E+000  0.000000000000000E+000
  0.193170120000000       2.181600000000000E-004  0.000000000000000E+000
   10.9499667600000       0.374541700000000       7.200000000000000E-007
  0.199024080000000       0.000000000000000E+000  0.000000000000000E+000
  0.000000000000000E+000  0.000000000000000E+000  0.000000000000000E+000
  0.000000000000000E+000  0.000000000000000E+000  0.000000000000000E+000
  3.814800000000000E-002  0.000000000000000E+000  0.000000000000000E+000
  1.385616000000000E-002  0.000000000000000E+000  0.000000000000000E+000
  7.815059999999999E-002  0.000000000000000E+000  0.000000000000000E+000
  0.155793720000000       1.358800000000000E-004  0.000000000000000E+000
  0.682104720000000       3.343940000000001E-003  0.000000000000000E+000
   9.33443004000000       0.130250100000000       0.000000000000000E+000
   5.35045224000000       1.956112000000000E-002  0.000000000000000E+000
  0.131301240000000       0.000000000000000E+000  0.000000000000000E+000
  0.000000000000000E+000  0.000000000000000E+000  0.000000000000000E+000
  0.000000000000000E+000  0.000000000000000E+000  0.000000000000000E+000
   1.88473944000000       3.606900000000000E-003  0.000000000000000E+000
   2.10144252000000       1.341200000000000E-003  0.000000000000000E+000
   2.65488864000000       1.409368000000000E-002  0.000000000000000E+000
   5.02340664000000       5.326700000000000E-003  0.000000000000000E+000
   11.8137910800000       7.110913999999999E-002  0.000000000000000E+000
   22.2808712400000       5.852252000000001E-002  0.000000000000000E+000
   5.25526440000000       0.000000000000000E+000  0.000000000000000E+000
  3.532248000000000E-002  0.000000000000000E+000  0.000000000000000E+000
  4.802256000000000E-002  0.000000000000000E+000  0.000000000000000E+000
  0.000000000000000E+000  0.000000000000000E+000  0.000000000000000E+000
   10.5322938000000       5.572460000000000E-003  0.000000000000000E+000
   9.74174484000000       4.620340000000000E-003  0.000000000000000E+000
   12.5503707600000       1.387760000000000E-003  0.000000000000000E+000
   14.7998638800000       1.105608000000000E-002  0.000000000000000E+000
   19.4537222400000       1.516492000000000E-002  0.000000000000000E+000
   18.5700885600000       0.000000000000000E+000  0.000000000000000E+000
   4.72273992000000       0.000000000000000E+000  0.000000000000000E+000
  5.522700000000001E-002  0.000000000000000E+000  0.000000000000000E+000
  6.266292000000000E-002  0.000000000000000E+000  0.000000000000000E+000
  4.290516000000000E-002  0.000000000000000E+000  0.000000000000000E+000
   12.2409152400000       0.000000000000000E+000  0.000000000000000E+000
   13.4309241600000       0.000000000000000E+000  0.000000000000000E+000
   15.4398118800000       0.000000000000000E+000  0.000000000000000E+000
   14.5237711200000       0.000000000000000E+000  0.000000000000000E+000
   16.3511343600000       3.547620000000000E-003  0.000000000000000E+000
   15.7540887600000       6.513600000000000E-003  0.000000000000000E+000
