   4658092092.67825       3.669291338582677E-007
   6208098162.87378       4.889763779527559E-007
   11313078310.6999       8.909448818897638E-007
   34288057178.3158       2.699999999999999E-006
   67738040948.0848       5.333858267716536E-006
   946402912683.757       7.452007874015751E-005
   319255372171443.       2.513821850393701E-002
   320333407167943.       2.522310314960629E-002
   327923917183239.       2.582078110236221E-002
   341842222149478.       2.691671062992126E-002
   354729047138656.       2.793142125984254E-002
   366621172136782.       2.886780905511810E-002
   376208682126792.       2.962273110236222E-002
   392232892130773.       3.088447992125983E-002
   401598367102275.       3.162191889763780E-002
   403400257099026.       3.176380000000001E-002
   406542707116666.       3.201123700787401E-002
   411658262124071.       3.241403661417324E-002
   413014282118214.       3.252080984251969E-002
   421116497086847.       3.315877952755905E-002
   422141567082260.       3.323949370078740E-002
   424686927072932.       3.343991574803150E-002
   425092427061811.       3.347184488188976E-002
   429522917080918.       3.382070236220470E-002
   429823092054719.       3.384433818897638E-002
   432178172037854.       3.402977755905512E-002
   439037077036154.       3.456984881889764E-002
   435060482028370.       3.425673110236220E-002
   433683637027475.       3.414831811023621E-002
   438503587031792.       3.452784173228347E-002
   440447132008325.       3.468087677165355E-002
   442481417036426.       3.484105669291338E-002
   441038727002307.       3.472745905511812E-002
   445405602020555.       3.507130748031496E-002
   444147172009225.       3.497221850393702E-002
   444392071994532.       3.499150196850392E-002
   442592561998872.       3.484980826771653E-002
   445281546973721.       3.506153937007873E-002
   447967696956968.       3.527304724409449E-002
   447962576975820.       3.527264409448818E-002
   447381156991495.       3.522686299212600E-002
   444906501950037.       3.503200826771652E-002
   448402391962591.       3.530727519685040E-002
   447679036961776.       3.525031811023620E-002
   448500761917216.       3.531502086614172E-002
   449006206972018.       3.535481968503937E-002
   450451091923174.       3.546859015748029E-002
   448514421963509.       3.531609645669292E-002
   449575601955534.       3.539965393700788E-002
   449248276955964.       3.537388031496062E-002
   450587361944784.       3.547932007874015E-002
   452384906955834.       3.562085905511811E-002
   451471106919499.       3.554890629921260E-002
   451886136915704.       3.558158582677165E-002
   450191891912164.       3.544818070866142E-002
   451631841892848.       3.556156259842520E-002
   452261186918363.       3.561111732283462E-002
   453190181909417.       3.568426653543307E-002
   450664281938138.       3.548537677165352E-002
   451385771924400.       3.554218700787402E-002
   451288991894355.       3.553456653543309E-002
   448695971908530.       3.533039173228347E-002
   451169071908070.       3.552512401574801E-002
   448980911914237.       3.535282795275591E-002
   449284246922824.       3.537671259842517E-002
   451749141925899.       3.557079881889765E-002
   445004576934111.       3.503973070866142E-002
   443255696921118.       3.490202362204723E-002
   450647886897098.       3.548408582677167E-002
   446048046921677.       3.512189370078740E-002
   451633806920011.       3.556171732283465E-002
   450513091912639.       3.547347204724411E-002
   450804326916878.       3.549640393700788E-002
   450821236924124.       3.549773543307086E-002
   454675866887765.       3.580124960629918E-002
   452888231895741.       3.566049094488188E-002
   451908031917770.       3.558330984251969E-002
   453224896899702.       3.568700000000002E-002
   450802011904201.       3.549622165354332E-002
   450325281914040.       3.545868385826770E-002
   454529031886170.       3.578968779527559E-002
   453549941892987.       3.571259409448818E-002
   451788436920712.       3.557389291338585E-002
   453508861890489.       3.570935944881889E-002
   449635356896340.       3.540435905511811E-002
   450178076903896.       3.544709291338582E-002
   456209626872855.       3.592201811023622E-002
   456772211898234.       3.596631614173228E-002
   453031536897604.       3.567177480314960E-002
   450805521907829.       3.549649803149606E-002
   451969471890750.       3.558814763779528E-002
   452979641895922.       3.566768858267716E-002
   453318021914433.       3.569433267716535E-002
   452866726897209.       3.565879763779529E-002
   452795106900060.       3.565315826771653E-002
   455302251910578.       3.585057125984253E-002
   454104536932224.       3.575626299212598E-002
   454589676890262.       3.579446299212598E-002
   454333136917441.       3.577426299212599E-002
   453485651909582.       3.570753188976377E-002
   452327386906065.       3.561632992125983E-002
   453106631920787.       3.567768779527559E-002
   453797996893674.       3.573212598425198E-002
   453058701921932.       3.567391377952754E-002
   452448971898404.       3.562590354330711E-002
   454939551912771.       3.582201220472443E-002
   451510896896400.       3.555203937007875E-002
   453653151901716.       3.572072086614174E-002
   454962086869312.       3.582378661417323E-002
   454158146877065.       3.576048425196852E-002
   452554351859839.       3.563420118110237E-002
   453596171877389.       3.571623425196851E-002
   453174501875796.       3.568303188976378E-002
   454069636903493.       3.575351496062993E-002
   453623851884452.       3.571841377952754E-002
   451381281895163.       3.554183346456693E-002
   447841951921436.       3.526314606299212E-002
   449172791913534.       3.536793661417323E-002
   449736476905997.       3.541232125984251E-002
   447666981889568.       3.524936889763779E-002
   447409666903409.       3.522910787401575E-002
   450666781924406.       3.548557362204725E-002
   453314576888820.       3.569406141732284E-002
   449765891936278.       3.541463740157482E-002
   454317681897448.       3.577304606299213E-002
   452963916899194.       3.566645039370080E-002
   453823351916354.       3.573412244094490E-002
   456394136909040.       3.593654645669293E-002
   452247176917795.       3.561001417322834E-002
   452344231903339.       3.561765629921260E-002
   451556166902669.       3.555560393700786E-002
   452027596894944.       3.559272440944882E-002
   452031976916632.       3.559306929133858E-002
   451492531923783.       3.555059330708660E-002
   453340191907710.       3.569607834645670E-002
   451261796909556.       3.553242519685040E-002
   451217526892819.       3.552893937007875E-002
   453713281916947.       3.572545551181103E-002
   451445361912413.       3.554687913385828E-002
   450868646900531.       3.550146850393700E-002
   452453481910421.       3.562625866141732E-002
   452565256910517.       3.563505984251969E-002
   450768851898888.       3.549361062992127E-002
   451701846894342.       3.556707480314961E-002
   450490621891706.       3.547170275590549E-002
   451932476902317.       3.558523464566929E-002
   452756661891064.       3.565013110236224E-002
   452548951905277.       3.563377598425196E-002
   451897261901529.       3.558246181102362E-002
   453052311920182.       3.567341062992127E-002
   452446061904806.       3.562567440944880E-002
   453429671902898.       3.570312401574803E-002
   453172061896447.       3.568283976377955E-002
   453097171900600.       3.567694291338584E-002
   450797471919191.       3.549586417322834E-002
   452469781936927.       3.562754212598427E-002
   450176911916983.       3.544700118110237E-002
   449126326907718.       3.536427795275592E-002
   450600826924321.       3.548038031496064E-002
   453837751898716.       3.573525629921260E-002
   452562056912414.       3.563480787401574E-002
   450664791885156.       3.548541692913385E-002
   449683576891420.       3.540815590551182E-002
   452794161900087.       3.565308385826771E-002
   454801171879409.       3.581111614173228E-002
   453259146891492.       3.568969685039370E-002
   450744706898016.       3.549170944881890E-002
   452407821916744.       3.562266338582678E-002
   453921686897204.       3.574186535433072E-002
   452385186893009.       3.562088110236221E-002
   451661201885310.       3.556387440944882E-002
   451839476894457.       3.557791181102363E-002
   452310696908256.       3.561501574803150E-002
   452017596892675.       3.559193700787401E-002
   453366086909642.       3.569811732283464E-002
   454885591892000.       3.581776338582675E-002
   455205086889663.       3.584292047244094E-002
   456279351880664.       3.592750826771654E-002
   454203951911522.       3.576409094488189E-002
   450550656923316.       3.547642992125987E-002
   451512096921588.       3.555213385826771E-002
   450340016899164.       3.545984409448821E-002
   454895871917726.       3.581857283464568E-002
   452013621911189.       3.559162401574804E-002
   450944991925476.       3.550747992125983E-002
   451405646917494.       3.554375196850395E-002
   450359691910970.       3.546139330708660E-002
   450937096907450.       3.550685826771655E-002
   448253561916580.       3.529555629921259E-002
   447781586950400.       3.525839291338582E-002
   449194751917529.       3.536966574803149E-002
   448607046913981.       3.532338976377954E-002
   449585151885069.       3.540040590551180E-002
   448863186919081.       3.534355826771652E-002
   447743786905374.       3.525541653543310E-002
   451096056894829.       3.551937480314961E-002
   445047351922075.       3.504309881889765E-002
   447716261918068.       3.525324921259843E-002
   451117001904482.       3.552102401574804E-002
   453539696906240.       3.571178740157480E-002
   454834526877931.       3.581374251968503E-002
   454111996855454.       3.575685039370077E-002
   452873091885374.       3.565929881889764E-002
   456407946906451.       3.593763385826772E-002
   454548551888448.       3.579122480314961E-002
   453568711914956.       3.571407204724409E-002
   453703536889330.       3.572468818897637E-002
   452219606895464.       3.560784330708661E-002
   454142501879194.       3.575925236220473E-002
   453915066878284.       3.574134409448819E-002
   453699946904246.       3.572440551181102E-002
   452340926876634.       3.561739606299215E-002
   450330556930701.       3.545909921259844E-002
   451547826904428.       3.555494724409448E-002
   450119811926487.       3.544250511811023E-002
   452262871907125.       3.561125000000000E-002
   452869741912030.       3.565903503937008E-002
   453201416920521.       3.568515118110237E-002
   456124861907807.       3.591534370078740E-002
   457389381889971.       3.601491220472440E-002
   453690051905309.       3.572362637795276E-002
   450170031945879.       3.544645944881891E-002
   449364171943339.       3.538300590551181E-002
   446905006928273.       3.518937086614174E-002
   447459846933358.       3.523305905511812E-002
   448637741928228.       3.532580669291339E-002
   452528856917080.       3.563219370078739E-002
   451574086894302.       3.555701496062993E-002
   452743631903299.       3.564910511811025E-002
   450681226929946.       3.548671102362205E-002
   450496846906162.       3.547219291338581E-002
   450258551902664.       3.545342952755905E-002
   451431491907298.       3.554578700787400E-002
   448898231926731.       3.534631771653541E-002
   451457226911901.       3.554781338582676E-002
   453884586908462.       3.573894409448819E-002
   451571061892581.       3.555677677165354E-002
   450535901928328.       3.547526811023623E-002
   444959291948259.       3.503616496062991E-002
   450403236914662.       3.546482204724409E-002
   451428661904697.       3.554556417322833E-002
   449352311899685.       3.538207204724410E-002
   453889436912371.       3.573932598425198E-002
   456121571908614.       3.591508464566929E-002
   454052136882490.       3.575213700787402E-002
   456908821871723.       3.597707283464568E-002
   453903356891117.       3.574042204724408E-002
   454846686900394.       3.581470000000000E-002
   452182866917877.       3.560495039370080E-002
   450140656877028.       3.544414645669292E-002
   452633651891647.       3.564044527559054E-002
   456191166895322.       3.592056456692913E-002
   452997721912978.       3.566911220472440E-002
   453018416899671.       3.567074173228347E-002
   452537291861394.       3.563285787401576E-002
   457340296895230.       3.601104724409448E-002
   455614476870793.       3.587515590551182E-002
   452936626905464.       3.566430157480314E-002
   449227021932840.       3.537220669291338E-002
   448934931946012.       3.534920748031496E-002
   449013996922687.       3.535543307086615E-002
   447216591925273.       3.521390511811023E-002
   451248401926549.       3.553137047244093E-002
   451337636916601.       3.553839685039371E-002
   451951196930295.       3.558670866141732E-002
   448357651900131.       3.530375236220472E-002
   449006471941272.       3.535484055118111E-002
   450922871897560.       3.550573818897637E-002
   448651976919254.       3.532692755905511E-002
   454484956889443.       3.578621732283462E-002
   448434161924294.       3.530977677165353E-002
   444627216912305.       3.501001732283464E-002
   446929591915077.       3.519130669291337E-002
   449578686905781.       3.539989685039369E-002
   452961521931953.       3.566626181102362E-002
   450068846902442.       3.543849212598428E-002
   451848546898602.       3.557862598425196E-002
   452148136893421.       3.560221574803151E-002
   452343496910466.       3.561759842519683E-002
   454526286926445.       3.578947165354331E-002
   451200946895210.       3.552763385826771E-002
   451304451894040.       3.553578385826771E-002
   453716636875040.       3.572571968503939E-002
   454465121886354.       3.578465551181102E-002
   452980726897017.       3.566777401574803E-002
   450611936914101.       3.548125511811025E-002
   451396911921591.       3.554306417322835E-002
   450079381921270.       3.543932165354331E-002
   449979371915435.       3.543144685039372E-002
   450747611901787.       3.549193818897636E-002
   451760056889443.       3.557165826771654E-002
   453176791914983.       3.568321220472442E-002
   454927881907184.       3.582109330708664E-002
   451565916924117.       3.555637165354331E-002
   451134541929331.       3.552240511811022E-002
   454097636904815.       3.575571968503938E-002
   450856016905252.       3.550047401574805E-002
   450376961900103.       3.546275314960629E-002
   452575886910963.       3.563589685039371E-002
   452683231889301.       3.564434921259842E-002
   452613656907017.       3.563887086614172E-002
   454484996912198.       3.578622047244094E-002
   454518996908076.       3.578889763779529E-002
   452949001885322.       3.566527598425197E-002
   455919431870197.       3.589916811023623E-002
   453402416907922.       3.570097795275592E-002
   453107001886392.       3.567771692913385E-002
   454087611888183.       3.575493031496061E-002
   454199456888181.       3.576373700787401E-002
   454169961900196.       3.576141456692912E-002
   453883966894326.       3.573889527559056E-002
   450205741906141.       3.544927125984253E-002
   451081966917820.       3.551826535433072E-002
   450459666892915.       3.546926535433071E-002
   449540861893880.       3.539691850393700E-002
   449391156893298.       3.538513070866142E-002
   452046496915950.       3.559421259842523E-002
   451373401920904.       3.554121299212597E-002
   449757176888659.       3.541395118110236E-002
   452894751913288.       3.566100433070866E-002
   450926506940624.       3.550602440944882E-002
   450431791910388.       3.546707047244096E-002
   451586211912885.       3.555796968503938E-002
   448195726919115.       3.529100236220473E-002
   448949731903424.       3.535037283464567E-002
   450102361915198.       3.544113110236220E-002
   450977956885609.       3.551007559055117E-002
   451741846877429.       3.557022440944881E-002
   453978226894271.       3.574631732283465E-002
   454518776920149.       3.578888031496062E-002
   455189801880668.       3.584171692913386E-002
   454206756879039.       3.576431181102363E-002
   453820446881100.       3.573389370078740E-002
   454442841905128.       3.578290118110235E-002
   454170671899146.       3.576147047244094E-002
   455516576887322.       3.586744724409450E-002
   451844861917571.       3.557833582677165E-002
   450321831912265.       3.545841220472442E-002
   452410941922264.       3.562290905511811E-002
   453570471897503.       3.571421062992124E-002
   451871091907139.       3.558040118110237E-002
   452277951892163.       3.561243740157479E-002
   453209316932300.       3.568577322834644E-002
   450593051932334.       3.547976811023622E-002
   452039076896744.       3.559362834645671E-002
   451923766876792.       3.558454881889764E-002
   454723401905329.       3.580499251968504E-002
   451596231896330.       3.555875866141731E-002
   452309486901307.       3.561492047244095E-002
   455758261882467.       3.588647755905512E-002
   454980646886454.       3.582524803149605E-002
   456028991888523.       3.590779488188976E-002
   454303546898482.       3.577193307086616E-002
   455454076903507.       3.586252598425196E-002
   456535656883878.       3.594768976377952E-002
   455784756922221.       3.588856377952757E-002
   455459571907206.       3.586295866141732E-002
   450874421916344.       3.550192322834648E-002
   453251626897465.       3.568910472440943E-002
   456998731929850.       3.598415236220470E-002
   453922611887927.       3.574193818897638E-002
   450250661890002.       3.545280826771655E-002
   453420921889406.       3.570243503937009E-002
   454422581899692.       3.578130590551179E-002
   454765746886721.       3.580832677165353E-002
   453892831871557.       3.573959330708663E-002
   451773066923602.       3.557268267716535E-002
   450637996899046.       3.548330708661417E-002
   452544121933678.       3.563339566929133E-002
   449436836936538.       3.538872755905514E-002
   450241336942225.       3.545207401574803E-002
   453905241893914.       3.574057047244095E-002
   453806781882778.       3.573281771653543E-002
   453571921891375.       3.571432480314959E-002
   454636921889864.       3.579818307086614E-002
   455153341894337.       3.583884606299212E-002
   452105711875027.       3.559887519685039E-002
   452901271889232.       3.566151771653544E-002
   449541571897283.       3.539697440944881E-002
   449982776915988.       3.543171496062992E-002
   453894061909561.       3.573969015748031E-002
   451703591909111.       3.556721220472440E-002
   448286296907013.       3.529813385826772E-002
   455530711914534.       3.586856023622047E-002
   451217651922084.       3.552894921259842E-002
   447382141916739.       3.522694055118109E-002
   448175166922118.       3.528938346456693E-002
   452122026930464.       3.560015984251969E-002
   447797236902220.       3.525962519685041E-002
   452567391892865.       3.563522795275591E-002
   450237481946284.       3.545177047244093E-002
   452982706897924.       3.566792992125985E-002
   453227661910863.       3.568721771653542E-002
   452117596884063.       3.559981102362208E-002
   452599726912692.       3.563777401574802E-002
   451632371926701.       3.556160433070867E-002
   453606101893806.       3.571701614173229E-002
   451773246895988.       3.557269685039370E-002
   452592441931449.       3.563720039370078E-002
   453578841907167.       3.571486968503935E-002
   452411861933272.       3.562298149606300E-002
   452330061915916.       3.561654055118111E-002
   448709151915788.       3.533142952755904E-002
   450429041908501.       3.546685393700787E-002
   447958376923015.       3.527231338582678E-002
   445493711909892.       3.507824527559055E-002
   449119956923826.       3.536377637795275E-002
   447846211945751.       3.526348149606300E-002
   448008046928834.       3.527622440944882E-002
   453255156885382.       3.568938267716535E-002
   454879281884376.       3.581726653543307E-002
   455444211916957.       3.586174921259844E-002
   455725831904431.       3.588392401574801E-002
   454801561914853.       3.581114685039369E-002
   452222606926674.       3.560807952755905E-002
   454681621908003.       3.580170275590550E-002
   454894391885955.       3.581845629921263E-002
   454362006932848.       3.577653622047246E-002
   451843106894316.       3.557819763779528E-002
   453919571894155.       3.574169881889763E-002
   450846321912534.       3.549971062992126E-002
