   50.0000000000000     
   49.8485664807953     
   50.0000000000000     
   49.9548499413146     
   50.0000000000000     
   50.0000000000000     
   45.7302185372183     
   45.7302169799805     
   45.9467421334910     
   46.1913447825255     
   46.4465955772041     
   46.6212983425130     
   46.7647232026865     
   46.9331639964593     
   47.0899544232075     
   47.2231055402484     
   47.3437301240488     
   47.5037493491463     
   47.6106558544697     
   47.6843175003274     
   47.7872062916145     
   47.9038139149058     
   47.9955163073003     
   48.0816755556592     
   48.1581354743359     
   48.2261630528588     
   48.3111312954949     
   48.4400647739886     
   48.4907662680425     
   48.5257212341124     
   48.6140078333129     
   48.7052502948350     
   48.7275206564107     
   48.7752904611181     
   48.8488075352494     
   48.9682217850543     
   49.0387782344052     
   49.0953305433776     
   49.1817202827049     
   49.2687283856332     
   49.3462129033524     
   49.3539477553628     
   49.4472197675814     
   49.4531997277091     
   49.4969469245792     
   49.5627529294141     
   49.6090106483992     
   49.6374878279651     
   49.6842340273570     
   49.7159487156162     
   49.7546384938318     
   49.7406009659811     
   49.8041350443114     
   49.8909239440436     
   49.9384364022478     
   50.0000000000000     
   50.0000000000000     
   50.0000000000000     
   50.0000000000000     
   50.0000000000000     
   50.0000000000000     
   50.0000000000000     
   50.0000000000000     
   50.0000000000000     
   50.0000000000000     
   50.0000000000000     
   49.9792129163233     
   49.9869030777061     
   50.0000000000000     
   50.0000000000000     
   50.0000000000000     
   50.0000000000000     
   49.9911334118967     
   50.0000000000000     
   50.0000000000000     
   50.0000000000000     
   50.0000000000000     
   50.0000000000000     
   50.0000000000000     
   50.0000000000000     
   50.0000000000000     
   50.0000000000000     
   50.0000000000000     
   50.0000000000000     
   50.0000000000000     
   50.0000000000000     
   50.0000000000000     
   50.0000000000000     
   50.0000000000000     
   50.0000000000000     
   50.0000000000000     
   50.0000000000000     
   50.0000000000000     
   50.0000000000000     
   50.0000000000000     
   50.0000000000000     
   50.0000000000000     
   50.0000000000000     
   50.0000000000000     
   50.0000000000000     
   50.0000000000000     
   50.0000000000000     
   50.0000000000000     
   50.0000000000000     
   50.0000000000000     
   50.0000000000000     
   50.0000000000000     
   50.0000000000000     
   50.0000000000000     
   50.0000000000000     
   50.0000000000000     
   50.0000000000000     
   50.0000000000000     
   50.0000000000000     
   50.0000000000000     
   50.0000000000000     
   50.0000000000000     
   50.0000000000000     
   50.0000000000000     
   50.0000000000000     
   50.0000000000000     
   50.0000000000000     
   50.0000000000000     
   50.0000000000000     
   50.0000000000000     
   50.0000000000000     
   50.0000000000000     
   50.0000000000000     
   50.0000000000000     
   50.0000000000000     
   50.0000000000000     
   50.0000000000000     
   50.0000000000000     
   50.0000000000000     
   49.9774351879829     
   50.0000000000000     
   50.0000000000000     
   50.0000000000000     
   50.0000000000000     
   50.0000000000000     
   50.0000000000000     
   50.0000000000000     
   50.0000000000000     
   50.0000000000000     
   50.0000000000000     
   50.0000000000000     
   50.0000000000000     
   50.0000000000000     
   50.0000000000000     
   50.0000000000000     
   50.0000000000000     
   50.0000000000000     
   50.0000000000000     
   50.0000000000000     
   50.0000000000000     
   50.0000000000000     
   50.0000000000000     
   50.0000000000000     
   49.9590488936303     
   50.0000000000000     
   50.0000000000000     
   50.0000000000000     
   50.0000000000000     
   50.0000000000000     
   50.0000000000000     
   50.0000000000000     
   50.0000000000000     
   50.0000000000000     
   50.0000000000000     
   50.0000000000000     
   50.0000000000000     
   50.0000000000000     
   50.0000000000000     
   50.0000000000000     
   50.0000000000000     
   50.0000000000000     
   50.0000000000000     
   50.0000000000000     
   50.0000000000000     
   50.0000000000000     
   50.0000000000000     
   49.9774547572752     
   49.9976826254564     
   50.0000000000000     
   50.0000000000000     
   50.0000000000000     
   50.0000000000000     
   50.0000000000000     
   50.0000000000000     
   50.0000000000000     
   50.0000000000000     
   50.0000000000000     
   50.0000000000000     
   50.0000000000000     
   50.0000000000000     
   50.0000000000000     
   50.0000000000000     
   50.0000000000000     
   50.0000000000000     
   50.0000000000000     
   50.0000000000000     
   50.0000000000000     
   49.9965245404250     
   50.0000000000000     
   50.0000000000000     
   50.0000000000000     
   50.0000000000000     
   50.0000000000000     
   50.0000000000000     
   50.0000000000000     
   50.0000000000000     
   50.0000000000000     
   50.0000000000000     
   50.0000000000000     
   50.0000000000000     
   50.0000000000000     
   50.0000000000000     
   50.0000000000000     
   50.0000000000000     
   50.0000000000000     
   50.0000000000000     
   50.0000000000000     
   50.0000000000000     
   50.0000000000000     
   49.9780192521357     
   50.0000000000000     
   50.0000000000000     
   50.0000000000000     
   50.0000000000000     
   50.0000000000000     
   50.0000000000000     
   50.0000000000000     
   50.0000000000000     
   50.0000000000000     
   50.0000000000000     
   50.0000000000000     
   50.0000000000000     
   50.0000000000000     
   50.0000000000000     
   50.0000000000000     
   50.0000000000000     
   50.0000000000000     
   50.0000000000000     
   50.0000000000000     
   50.0000000000000     
   50.0000000000000     
   50.0000000000000     
   50.0000000000000     
   50.0000000000000     
   50.0000000000000     
   50.0000000000000     
   50.0000000000000     
   50.0000000000000     
   50.0000000000000     
   50.0000000000000     
   50.0000000000000     
   50.0000000000000     
   50.0000000000000     
   50.0000000000000     
   50.0000000000000     
   50.0000000000000     
   50.0000000000000     
   50.0000000000000     
   50.0000000000000     
   50.0000000000000     
   50.0000000000000     
   50.0000000000000     
   50.0000000000000     
   50.0000000000000     
   50.0000000000000     
   50.0000000000000     
   50.0000000000000     
   50.0000000000000     
   50.0000000000000     
   50.0000000000000     
   50.0000000000000     
   50.0000000000000     
   50.0000000000000     
   50.0000000000000     
   50.0000000000000     
   50.0000000000000     
   50.0000000000000     
   50.0000000000000     
   50.0000000000000     
   50.0000000000000     
   50.0000000000000     
   50.0000000000000     
   50.0000000000000     
   50.0000000000000     
   50.0000000000000     
   50.0000000000000     
   50.0000000000000     
   50.0000000000000     
   50.0000000000000     
   50.0000000000000     
   50.0000000000000     
   50.0000000000000     
   50.0000000000000     
   50.0000000000000     
   50.0000000000000     
   50.0000000000000     
   50.0000000000000     
   50.0000000000000     
   50.0000000000000     
   50.0000000000000     
   50.0000000000000     
   50.0000000000000     
   50.0000000000000     
   50.0000000000000     
   50.0000000000000     
   50.0000000000000     
   50.0000000000000     
   50.0000000000000     
   50.0000000000000     
   50.0000000000000     
   50.0000000000000     
   50.0000000000000     
   50.0000000000000     
   50.0000000000000     
   50.0000000000000     
   50.0000000000000     
   50.0000000000000     
   50.0000000000000     
   49.9912181966655     
   50.0000000000000     
   50.0000000000000     
   50.0000000000000     
   50.0000000000000     
   50.0000000000000     
   50.0000000000000     
   50.0000000000000     
   50.0000000000000     
   50.0000000000000     
   50.0000000000000     
   50.0000000000000     
   50.0000000000000     
   50.0000000000000     
   50.0000000000000     
   50.0000000000000     
   50.0000000000000     
   50.0000000000000     
   50.0000000000000     
   50.0000000000000     
   50.0000000000000     
   50.0000000000000     
   50.0000000000000     
   50.0000000000000     
   50.0000000000000     
   50.0000000000000     
   50.0000000000000     
   50.0000000000000     
   50.0000000000000     
   50.0000000000000     
   50.0000000000000     
   50.0000000000000     
   50.0000000000000     
   50.0000000000000     
   50.0000000000000     
   50.0000000000000     
   50.0000000000000     
   50.0000000000000     
   50.0000000000000     
   50.0000000000000     
   50.0000000000000     
   50.0000000000000     
   50.0000000000000     
   50.0000000000000     
   50.0000000000000     
   50.0000000000000     
   50.0000000000000     
   50.0000000000000     
   49.9850757620642     
   50.0000000000000     
   50.0000000000000     
   50.0000000000000     
   50.0000000000000     
   50.0000000000000     
   50.0000000000000     
   50.0000000000000     
   50.0000000000000     
   50.0000000000000     
   50.0000000000000     
   50.0000000000000     
   50.0000000000000     
   50.0000000000000     
   50.0000000000000     
   50.0000000000000     
   50.0000000000000     
   50.0000000000000     
   50.0000000000000     
   50.0000000000000     
   50.0000000000000     
   50.0000000000000     
   50.0000000000000     
   50.0000000000000     
   50.0000000000000     
   50.0000000000000     
   50.0000000000000     
   50.0000000000000     
   50.0000000000000     
   50.0000000000000     
   50.0000000000000     
   50.0000000000000     
   50.0000000000000     
   50.0000000000000     
   50.0000000000000     
   50.0000000000000     
   50.0000000000000     
   50.0000000000000     
   50.0000000000000     
   50.0000000000000     
   50.0000000000000     
   50.0000000000000     
   50.0000000000000     
   50.0000000000000     
   50.0000000000000     
   50.0000000000000     
   50.0000000000000     
   50.0000000000000     
   50.0000000000000     
   50.0000000000000     
