  0.41875059574468082        1.6029574468085100E-003   0.0000000000000000     
  0.43761089361702121        1.4982127659574473E-003   1.5106382978723405E-006
  0.42600255319148933        1.6945957446808508E-003   1.0638297872340427E-006
  0.46066161702127656        1.5060425531914895E-003   3.4042553191489360E-007
  0.55629510638297885        2.2641702127659566E-003   0.0000000000000000     
  0.66094225531914896        3.0813191489361710E-003   3.1063829787234042E-006
  0.78834421276595756        4.7381276595744679E-003   5.5319148936170212E-007
  0.43471634042553181        2.0880638297872335E-003   1.8297872340425529E-006
   6.3321319148936170E-002   7.9595744680851068E-005   0.0000000000000000     
   3.5930680851063823E-002   6.0510638297872336E-005   0.0000000000000000     
   8.5940425531914888E-004   0.0000000000000000        0.0000000000000000     
   1.9927659574468085E-004   0.0000000000000000        0.0000000000000000     
   6.8425531914893616E-004   0.0000000000000000        0.0000000000000000     
   9.6638297872340419E-004   0.0000000000000000        0.0000000000000000     
   2.8334042553191494E-003   0.0000000000000000        0.0000000000000000     
   7.3214042553191470E-003   4.2553191489361704E-007   0.0000000000000000     
   4.7826000000000007E-002   2.8531914893617024E-005   0.0000000000000000     
  0.30727008510638298        7.3210638297872301E-004   4.2553191489361704E-007
  0.57972829787234015        3.6576382978723400E-003   3.9361702127659571E-006
   4.3649234042553213E-002   3.8638297872340426E-005   0.0000000000000000     
   0.0000000000000000        0.0000000000000000        0.0000000000000000     
   0.0000000000000000        0.0000000000000000        0.0000000000000000     
   0.0000000000000000        0.0000000000000000        0.0000000000000000     
   0.0000000000000000        0.0000000000000000        0.0000000000000000     
   0.0000000000000000        0.0000000000000000        0.0000000000000000     
   0.0000000000000000        0.0000000000000000        0.0000000000000000     
   4.9621276595744688E-004   0.0000000000000000        0.0000000000000000     
   3.8191021276595745E-002   1.7659574468085106E-006   0.0000000000000000     
  0.43431140425531911        1.5117872340425530E-003   1.5744680851063830E-006
  0.13987480851063833        2.8574468085106384E-004   5.9574468085106381E-007
   0.0000000000000000        0.0000000000000000        0.0000000000000000     
   0.0000000000000000        0.0000000000000000        0.0000000000000000     
   0.0000000000000000        0.0000000000000000        0.0000000000000000     
   0.0000000000000000        0.0000000000000000        0.0000000000000000     
   0.0000000000000000        0.0000000000000000        0.0000000000000000     
   0.0000000000000000        0.0000000000000000        0.0000000000000000     
   0.0000000000000000        0.0000000000000000        0.0000000000000000     
   3.2860851063829782E-003   0.0000000000000000        0.0000000000000000     
  0.21097199999999994        3.5131914893617020E-004   0.0000000000000000     
  0.30912817021276595        1.0325957446808511E-003   0.0000000000000000     
   0.0000000000000000        0.0000000000000000        0.0000000000000000     
   0.0000000000000000        0.0000000000000000        0.0000000000000000     
   0.0000000000000000        0.0000000000000000        0.0000000000000000     
   0.0000000000000000        0.0000000000000000        0.0000000000000000     
   0.0000000000000000        0.0000000000000000        0.0000000000000000     
   0.0000000000000000        0.0000000000000000        0.0000000000000000     
   0.0000000000000000        0.0000000000000000        0.0000000000000000     
   1.2242553191489362E-004   0.0000000000000000        0.0000000000000000     
   7.8642000000000017E-002   2.8063829787234041E-005   0.0000000000000000     
  0.47510106382978717        2.0545319148936167E-003   4.8936170212765953E-007
   1.1872419574468085        1.1331914893617021E-002   2.1914893617021276E-006
   1.1652610212765953        1.1767382978723408E-002   1.4893617021276595E-007
   1.1190458297872341        7.0010212765957433E-003   0.0000000000000000     
  0.85711493617021273        7.3610212765957434E-003   0.0000000000000000     
  0.48229519148936156        2.2468510638297880E-003   0.0000000000000000     
   6.9427276595744672E-002   7.9344680851063827E-004   0.0000000000000000     
   1.5702765957446806E-002   0.0000000000000000        0.0000000000000000     
   0.0000000000000000        0.0000000000000000        0.0000000000000000     
   0.0000000000000000        0.0000000000000000        0.0000000000000000     
   0.0000000000000000        0.0000000000000000        0.0000000000000000     
  0.10437625531914896        1.2914893617021274E-005   0.0000000000000000     
  0.11654693617021275        2.7234042553191491E-005   0.0000000000000000     
  0.12518297872340425        1.2221276595744679E-004   0.0000000000000000     
  0.16218970212765962        1.7576595744680850E-004   0.0000000000000000     
  0.30824246808510636        1.3439361702127660E-003   0.0000000000000000     
  0.80813234042553161        6.0364468085106404E-003   3.6170212765957445E-007
   2.1078111063829787        3.4153978723404269E-002   8.0851063829787239E-007
  0.12645102127659572        1.1527659574468085E-004   0.0000000000000000     
   3.8297872340425535E-006   0.0000000000000000        0.0000000000000000     
   6.0621702127659580E-003   0.0000000000000000        0.0000000000000000     
   0.0000000000000000        0.0000000000000000        0.0000000000000000     
   2.4000000000000001E-005   0.0000000000000000        0.0000000000000000     
   5.9617021276595742E-005   0.0000000000000000        0.0000000000000000     
   3.4468085106382981E-006   0.0000000000000000        0.0000000000000000     
   7.5714893617021277E-004   0.0000000000000000        0.0000000000000000     
   7.8034468085106381E-003   8.9574468085106384E-006   0.0000000000000000     
  0.17374097872340427        5.0740425531914878E-004   0.0000000000000000     
   1.5168140425531915        2.0340425531914896E-002   2.0638297872340426E-006
   1.4217446808510639E-002   0.0000000000000000        0.0000000000000000     
   1.2078638297872341E-002   0.0000000000000000        0.0000000000000000     
   0.0000000000000000        0.0000000000000000        0.0000000000000000     
   0.0000000000000000        0.0000000000000000        0.0000000000000000     
   0.0000000000000000        0.0000000000000000        0.0000000000000000     
   0.0000000000000000        0.0000000000000000        0.0000000000000000     
   0.0000000000000000        0.0000000000000000        0.0000000000000000     
   0.0000000000000000        0.0000000000000000        0.0000000000000000     
   3.4348085106382983E-003   0.0000000000000000        0.0000000000000000     
  0.43416421276595729        1.5435957446808511E-003   3.4255319148936168E-006
   8.1911106382978729E-002   8.7999999999999998E-005   0.0000000000000000     
   4.7421702127659572E-003   0.0000000000000000        0.0000000000000000     
   0.0000000000000000        0.0000000000000000        0.0000000000000000     
   0.0000000000000000        0.0000000000000000        0.0000000000000000     
   0.0000000000000000        0.0000000000000000        0.0000000000000000     
   0.0000000000000000        0.0000000000000000        0.0000000000000000     
   0.0000000000000000        0.0000000000000000        0.0000000000000000     
   0.0000000000000000        0.0000000000000000        0.0000000000000000     
   0.0000000000000000        0.0000000000000000        0.0000000000000000     
   4.7324297872340430E-002   3.3063829787234040E-005   0.0000000000000000     
  0.64871885106382987        3.9902340425531915E-003   2.1276595744680852E-007
   1.2475021276595746E-002   0.0000000000000000        0.0000000000000000     
   1.3151489361702127E-003   0.0000000000000000        0.0000000000000000     
   5.9923148936170213E-002   0.0000000000000000        0.0000000000000000     
   6.2718893617021279E-002   0.0000000000000000        0.0000000000000000     
   1.0226553191489360E-002   0.0000000000000000        0.0000000000000000     
   0.0000000000000000        0.0000000000000000        0.0000000000000000     
   3.7129659574468087E-002   0.0000000000000000        0.0000000000000000     
   0.0000000000000000        0.0000000000000000        0.0000000000000000     
   0.0000000000000000        0.0000000000000000        0.0000000000000000     
   3.3191489361702127E-006   0.0000000000000000        0.0000000000000000     
   1.2765957446808511E-007   0.0000000000000000        0.0000000000000000     
   5.2717702978723402       0.20194672340425532        8.3191489361702114E-006
   5.5641607659574470       0.21752482978723406        1.0361702127659574E-005
   5.5001891489361707       0.20659929787234046        1.1765957446808510E-005
   6.0054460851063833       0.25153704255319143        1.8042553191489362E-005
   5.9586750638297881       0.22120814893617025        1.4510638297872343E-005
   3.1457048936170211        5.0832361702127668E-002   0.0000000000000000     
  0.15660931914893617        1.5076595744680852E-004   0.0000000000000000     
   6.5567234042553189E-003   0.0000000000000000        0.0000000000000000     
   0.0000000000000000        0.0000000000000000        0.0000000000000000     
   0.0000000000000000        0.0000000000000000        0.0000000000000000     
   2.1492127659574464E-002   4.4659574468085108E-005   0.0000000000000000     
   1.6959957446808512E-002   0.0000000000000000        0.0000000000000000     
   2.6200212765957451E-002   0.0000000000000000        0.0000000000000000     
   6.9072765957446797E-002   4.0319148936170212E-005   0.0000000000000000     
  0.19893957446808513        4.6729787234042552E-004   0.0000000000000000     
   1.0845231063829786        1.0731255319148937E-002   4.4680851063829783E-007
   4.3717528085106379       0.14215214893617020        8.0851063829787228E-007
  0.10006991489361702        0.0000000000000000        0.0000000000000000     
   3.5285617021276597E-002   0.0000000000000000        0.0000000000000000     
   0.0000000000000000        0.0000000000000000        0.0000000000000000     
   0.0000000000000000        0.0000000000000000        0.0000000000000000     
   5.0936170212765955E-005   0.0000000000000000        0.0000000000000000     
   0.0000000000000000        0.0000000000000000        0.0000000000000000     
   0.0000000000000000        0.0000000000000000        0.0000000000000000     
   2.5123404255319152E-004   0.0000000000000000        0.0000000000000000     
   8.0882553191489355E-003   0.0000000000000000        0.0000000000000000     
  0.55049629787234056        3.0688936170212774E-003   0.0000000000000000     
   1.6041071489361700        1.9764191489361701E-002   0.0000000000000000     
   2.1334468085106384E-003   0.0000000000000000        0.0000000000000000     
   0.0000000000000000        0.0000000000000000        0.0000000000000000     
   0.0000000000000000        0.0000000000000000        0.0000000000000000     
   0.0000000000000000        0.0000000000000000        0.0000000000000000     
   0.0000000000000000        0.0000000000000000        0.0000000000000000     
   0.0000000000000000        0.0000000000000000        0.0000000000000000     
   0.0000000000000000        0.0000000000000000        0.0000000000000000     
   0.0000000000000000        0.0000000000000000        0.0000000000000000     
   1.4780170212765962E-002   0.0000000000000000        0.0000000000000000     
   2.6949297446808509        5.7492999999999995E-002   1.2127659574468085E-006
   2.8426085106382983E-002   0.0000000000000000        0.0000000000000000     
   0.0000000000000000        0.0000000000000000        0.0000000000000000     
   4.5652595744680849E-002   0.0000000000000000        0.0000000000000000     
   0.0000000000000000        0.0000000000000000        0.0000000000000000     
  0.12827336170212766        0.0000000000000000        0.0000000000000000     
   7.8340595744680844E-002   0.0000000000000000        0.0000000000000000     
   0.0000000000000000        0.0000000000000000        0.0000000000000000     
   1.8510638297872342E-005   0.0000000000000000        0.0000000000000000     
   0.0000000000000000        0.0000000000000000        0.0000000000000000     
   0.0000000000000000        0.0000000000000000        0.0000000000000000     
   0.0000000000000000        0.0000000000000000        0.0000000000000000     
   0.0000000000000000        0.0000000000000000        0.0000000000000000     
   3.8941757872340443        1.5878085106382979E-002   2.0425531914893617E-006
   2.7952877872340425        5.9463404255319157E-003   4.0425531914893619E-007
   2.5618206382978728        9.9813191489361731E-003   5.5531914893617021E-006
   2.1951127659574468        8.1213404255319147E-003   0.0000000000000000     
   1.4240360425531915        8.5231914893617018E-004   0.0000000000000000     
  0.46254319148936174        0.0000000000000000        0.0000000000000000     
   0.0000000000000000        0.0000000000000000        0.0000000000000000     
   0.0000000000000000        0.0000000000000000        0.0000000000000000     
   1.9148936170212766E-005   0.0000000000000000        0.0000000000000000     
   0.0000000000000000        0.0000000000000000        0.0000000000000000     
   2.7307311063829789        5.4602936170212765E-002   0.0000000000000000     
   3.1780031489361704        7.6663255319148943E-002   0.0000000000000000     
   3.8070409787234056        8.7526382978723408E-002   0.0000000000000000     
   4.7331956170212752       0.15185325531914898        0.0000000000000000     
   7.5288012765957424       0.28642431914893612        1.9723404255319148E-005
   8.6710383829787219       0.23643221276595741        1.5595744680851064E-005
  0.43670272340425531        0.0000000000000000        0.0000000000000000     
   7.1824340425531916E-002   0.0000000000000000        0.0000000000000000     
   0.0000000000000000        0.0000000000000000        0.0000000000000000     
   0.0000000000000000        0.0000000000000000        0.0000000000000000     
   2.0835446808510637E-002   0.0000000000000000        0.0000000000000000     
   6.8523829787234041E-003   0.0000000000000000        0.0000000000000000     
   1.3711148936170212E-002   0.0000000000000000        0.0000000000000000     
   3.0159574468085107E-002   1.2942553191489360E-004   0.0000000000000000     
  0.10689255319148937        9.8999999999999994E-005   0.0000000000000000     
   1.3107231063829790        1.5174382978723405E-002   0.0000000000000000     
   7.2844612340425527       0.25451399999999996        0.0000000000000000     
  0.20165719148936170        0.0000000000000000        0.0000000000000000     
   0.0000000000000000        0.0000000000000000        0.0000000000000000     
   0.0000000000000000        0.0000000000000000        0.0000000000000000     
   1.6085106382978723E-005   0.0000000000000000        0.0000000000000000     
   0.0000000000000000        0.0000000000000000        0.0000000000000000     
   0.0000000000000000        0.0000000000000000        0.0000000000000000     
   4.6085106382978724E-005   0.0000000000000000        0.0000000000000000     
   1.7872340425531915E-004   0.0000000000000000        0.0000000000000000     
   1.0059702127659574E-002   0.0000000000000000        0.0000000000000000     
   1.8316390212765952        2.7812574468085112E-002   0.0000000000000000     
  0.49596331914893615        3.8297872340425535E-007   0.0000000000000000     
   1.2765957446808511E-007   0.0000000000000000        0.0000000000000000     
   0.0000000000000000        0.0000000000000000        0.0000000000000000     
   8.4255319148936159E-006   0.0000000000000000        0.0000000000000000     
   0.0000000000000000        0.0000000000000000        0.0000000000000000     
   0.0000000000000000        0.0000000000000000        0.0000000000000000     
   6.3829787234042551E-007   0.0000000000000000        0.0000000000000000     
   3.2411744680851062E-002   0.0000000000000000        0.0000000000000000     
   0.0000000000000000        0.0000000000000000        0.0000000000000000     
   0.0000000000000000        0.0000000000000000        0.0000000000000000     
   0.0000000000000000        0.0000000000000000        0.0000000000000000     
   0.0000000000000000        0.0000000000000000        0.0000000000000000     
   0.0000000000000000        0.0000000000000000        0.0000000000000000     
   1.4865831063829786        0.0000000000000000        0.0000000000000000     
   1.4344950638297871        0.0000000000000000        0.0000000000000000     
   1.2456888510638295        0.0000000000000000        0.0000000000000000     
   1.2573794042553188        0.0000000000000000        0.0000000000000000     
  0.64916846808510631        0.0000000000000000        0.0000000000000000     
  0.12770961702127659        0.0000000000000000        0.0000000000000000     
   0.0000000000000000        0.0000000000000000        0.0000000000000000     
   0.0000000000000000        0.0000000000000000        0.0000000000000000     
   0.0000000000000000        0.0000000000000000        0.0000000000000000     
   0.0000000000000000        0.0000000000000000        0.0000000000000000     
   15.709856425531914       0.18370146808510632        0.0000000000000000     
   17.156154893617021       0.19057614893617017        1.5723404255319149E-005
   15.325236510638298       0.18355936170212767        0.0000000000000000     
   12.552664468085105        8.2122893617021284E-002   7.0212765957446810E-007
   8.9030793191489366        3.9746361702127656E-002   0.0000000000000000     
   2.4642800425531908        0.0000000000000000        0.0000000000000000     
  0.38414655319148933        0.0000000000000000        0.0000000000000000     
   6.1276595744680855E-006   0.0000000000000000        0.0000000000000000     
   0.0000000000000000        0.0000000000000000        0.0000000000000000     
   0.0000000000000000        0.0000000000000000        0.0000000000000000     
  0.82667234042553206        4.8497872340425522E-003   0.0000000000000000     
   1.2936380425531915        5.9204255319148949E-003   0.0000000000000000     
   1.6210205106382978        2.0207851063829784E-002   0.0000000000000000     
   2.6502948510638289        2.4199574468085103E-002   6.1702127659574471E-007
   6.3041291489361688       0.11820136170212767        0.0000000000000000     
   13.184632340425535       0.28341719148936168        2.0851063829787235E-006
   1.2774788936170212        1.2765957446808511E-007   0.0000000000000000     
   0.0000000000000000        0.0000000000000000        0.0000000000000000     
   0.0000000000000000        0.0000000000000000        0.0000000000000000     
   0.0000000000000000        0.0000000000000000        0.0000000000000000     
   2.7855319148936171E-004   0.0000000000000000        0.0000000000000000     
   2.0451063829787233E-004   0.0000000000000000        0.0000000000000000     
   5.3932340425531912E-003   0.0000000000000000        0.0000000000000000     
   7.2644680851063816E-003   0.0000000000000000        0.0000000000000000     
   6.2384553191489348E-002   0.0000000000000000        0.0000000000000000     
   1.6075039148936172        1.4130680851063835E-002   0.0000000000000000     
   9.6329500851063834       0.15184876595744679        1.9148936170212767E-007
   7.5265914893617031E-002   0.0000000000000000        0.0000000000000000     
   0.0000000000000000        0.0000000000000000        0.0000000000000000     
   0.0000000000000000        0.0000000000000000        0.0000000000000000     
   0.0000000000000000        0.0000000000000000        0.0000000000000000     
   0.0000000000000000        0.0000000000000000        0.0000000000000000     
   0.0000000000000000        0.0000000000000000        0.0000000000000000     
   0.0000000000000000        0.0000000000000000        0.0000000000000000     
   0.0000000000000000        0.0000000000000000        0.0000000000000000     
   0.0000000000000000        0.0000000000000000        0.0000000000000000     
   0.0000000000000000        0.0000000000000000        0.0000000000000000     
   0.0000000000000000        0.0000000000000000        0.0000000000000000     
   0.0000000000000000        0.0000000000000000        0.0000000000000000     
   0.0000000000000000        0.0000000000000000        0.0000000000000000     
   1.4982241276595745        0.0000000000000000        0.0000000000000000     
  0.97150187234042551        0.0000000000000000        0.0000000000000000     
   1.2860319574468084        0.0000000000000000        0.0000000000000000     
  0.95396578723404268        0.0000000000000000        0.0000000000000000     
  0.37053944680851064        0.0000000000000000        0.0000000000000000     
  0.25531353191489364        0.0000000000000000        0.0000000000000000     
   0.0000000000000000        0.0000000000000000        0.0000000000000000     
   0.0000000000000000        0.0000000000000000        0.0000000000000000     
   0.0000000000000000        0.0000000000000000        0.0000000000000000     
   1.8239489361702128E-002   0.0000000000000000        0.0000000000000000     
   16.442803659574462        1.3258085106382978E-002   0.0000000000000000     
   14.543375489361710        2.3306382978723404E-003   0.0000000000000000     
   14.473253106382971        3.5833617021276600E-003   0.0000000000000000     
   9.8008138723404290        8.5715531914893617E-003   0.0000000000000000     
   6.9162841276595719        1.8250000000000000E-003   0.0000000000000000     
   1.8904600851063826        0.0000000000000000        0.0000000000000000     
  0.38648744680851055        0.0000000000000000        0.0000000000000000     
   0.0000000000000000        0.0000000000000000        0.0000000000000000     
   0.0000000000000000        0.0000000000000000        0.0000000000000000     
   0.0000000000000000        0.0000000000000000        0.0000000000000000     
   16.223479021276592        8.7131978723404252E-002   7.2553191489361698E-006
   16.125149234042556        9.9409595744680834E-002   0.0000000000000000     
   17.779419702127658       0.11173357446808511        0.0000000000000000     
   19.588632893617024       0.12869610638297865        4.6808510638297873E-007
   18.661537404255316        9.4899042553191496E-002   0.0000000000000000     
   8.4529291914893641        4.2744680851063831E-005   0.0000000000000000     
   1.2530179148936169        0.0000000000000000        0.0000000000000000     
  0.11335187234042553        0.0000000000000000        0.0000000000000000     
   0.0000000000000000        0.0000000000000000        0.0000000000000000     
   9.4944255319148949E-003   0.0000000000000000        0.0000000000000000     
  0.26718280851063825        9.9574468085106373E-006   0.0000000000000000     
  0.38730319148936165        3.6442553191489362E-004   0.0000000000000000     
  0.40571655319148947        2.8019148936170215E-004   0.0000000000000000     
   1.1168218723404253        5.9119574468085110E-003   0.0000000000000000     
   4.3699871489361710        2.3022829787234040E-002   3.1914893617021275E-007
   17.157451659574473       0.15147702127659574        1.1063829787234044E-005
   4.1329076170212753        2.1659574468085106E-004   0.0000000000000000     
   0.0000000000000000        0.0000000000000000        0.0000000000000000     
   0.0000000000000000        0.0000000000000000        0.0000000000000000     
   0.0000000000000000        0.0000000000000000        0.0000000000000000     
   12.074217574468085        4.1535106382978720E-003   0.0000000000000000     
   11.966839787234040        0.0000000000000000        0.0000000000000000     
   9.7756395319148925        6.1827446808510635E-003   0.0000000000000000     
   9.1234533191489362        6.0446808510638305E-005   0.0000000000000000     
   4.1063541702127653        0.0000000000000000        0.0000000000000000     
  0.73927238297872333        0.0000000000000000        0.0000000000000000     
  0.16015570212765959        0.0000000000000000        0.0000000000000000     
   0.0000000000000000        0.0000000000000000        0.0000000000000000     
   0.0000000000000000        0.0000000000000000        0.0000000000000000     
   8.2114468085106376E-003   0.0000000000000000        0.0000000000000000     
   23.603836978723407        1.2498978723404254E-002   0.0000000000000000     
   23.905084468085118        1.7111893617021277E-002   0.0000000000000000     
   23.131671574468083        2.1486361702127661E-002   0.0000000000000000     
   22.677593234042554        5.0582127659574471E-003   0.0000000000000000     
   17.716892170212763        1.6160638297872340E-003   0.0000000000000000     
   6.6310425957446819        0.0000000000000000        0.0000000000000000     
   1.0470500425531915        0.0000000000000000        0.0000000000000000     
   9.9258765957446801E-002   0.0000000000000000        0.0000000000000000     
   0.0000000000000000        0.0000000000000000        0.0000000000000000     
   0.0000000000000000        0.0000000000000000        0.0000000000000000     
   8.8670120425531902        1.2231297872340424E-002   0.0000000000000000     
   8.7504260425531939        1.0018765957446808E-002   0.0000000000000000     
   8.9382736595744685        3.3155957446808507E-002   0.0000000000000000     
   13.506934595744683        2.6459425531914896E-002   0.0000000000000000     
   21.003786127659581        5.4204659574468080E-002   0.0000000000000000     
   15.485005404255320        8.3911702127659575E-003   0.0000000000000000     
   2.7297490212765956        0.0000000000000000        0.0000000000000000     
  0.18028761702127660        0.0000000000000000        0.0000000000000000     
   5.3917531914893610E-002   0.0000000000000000        0.0000000000000000     
   0.0000000000000000        0.0000000000000000        0.0000000000000000     
   15.545659914893617        4.9274468085106389E-003   0.0000000000000000     
   15.011091702127654        7.5751276595744680E-003   0.0000000000000000     
   16.192278638297871        1.2252531914893618E-002   0.0000000000000000     
   18.905094382978721        5.8789574468085110E-003   0.0000000000000000     
   19.183379744680849        4.6517021276595746E-004   0.0000000000000000     
   16.233719234042553        0.0000000000000000        0.0000000000000000     
   1.8097492340425534        0.0000000000000000        0.0000000000000000     
   0.0000000000000000        0.0000000000000000        0.0000000000000000     
   0.0000000000000000        0.0000000000000000        0.0000000000000000     
   0.0000000000000000        0.0000000000000000        0.0000000000000000     
