  2.400000000000000E-007  0.000000000000000E+000  0.000000000000000E+000
  0.000000000000000E+000  0.000000000000000E+000  0.000000000000000E+000
  0.000000000000000E+000  0.000000000000000E+000  0.000000000000000E+000
  0.000000000000000E+000  0.000000000000000E+000  0.000000000000000E+000
  0.000000000000000E+000  0.000000000000000E+000  0.000000000000000E+000
  2.040000000000000E-006  0.000000000000000E+000  0.000000000000000E+000
  5.880000000000000E-005  0.000000000000000E+000  0.000000000000000E+000
  7.192799999999999E-004  0.000000000000000E+000  0.000000000000000E+000
  1.493868000000001E-002  4.400000000000000E-007  0.000000000000000E+000
  0.106151640000000       1.086800000000000E-004  0.000000000000000E+000
  0.000000000000000E+000  0.000000000000000E+000  0.000000000000000E+000
  0.000000000000000E+000  0.000000000000000E+000  0.000000000000000E+000
  1.200000000000000E-007  0.000000000000000E+000  0.000000000000000E+000
  0.000000000000000E+000  0.000000000000000E+000  0.000000000000000E+000
  1.560000000000000E-006  0.000000000000000E+000  0.000000000000000E+000
  5.639999999999999E-005  0.000000000000000E+000  0.000000000000000E+000
  1.093680000000000E-003  0.000000000000000E+000  0.000000000000000E+000
  2.077752000000000E-002  1.580000000000000E-006  0.000000000000000E+000
  0.290891520000000       7.531600000000001E-004  6.000000000000001E-008
  3.166932000000001E-002  1.538000000000000E-005  0.000000000000000E+000
  2.157600000000000E-004  0.000000000000000E+000  0.000000000000000E+000
  6.408000000000001E-005  0.000000000000000E+000  0.000000000000000E+000
  7.068000000000001E-005  0.000000000000000E+000  0.000000000000000E+000
  1.422000000000000E-004  0.000000000000000E+000  0.000000000000000E+000
  4.284000000000001E-004  0.000000000000000E+000  0.000000000000000E+000
  1.912439999999999E-003  0.000000000000000E+000  0.000000000000000E+000
  2.459772000000000E-002  3.360000000000000E-006  0.000000000000000E+000
  0.376521840000000       1.271820000000000E-003  0.000000000000000E+000
  0.338014200000000       1.221620000000000E-003  2.000000000000000E-008
  8.799456000000000E-002  3.821600000000000E-004  4.000000000000000E-008
  5.314800000000000E-003  0.000000000000000E+000  0.000000000000000E+000
  4.740720000000001E-003  0.000000000000000E+000  0.000000000000000E+000
  4.835519999999999E-003  0.000000000000000E+000  0.000000000000000E+000
  8.354039999999997E-003  0.000000000000000E+000  0.000000000000000E+000
  1.840104000000000E-002  8.400000000000000E-007  0.000000000000000E+000
  6.447672000000003E-002  1.120000000000000E-006  0.000000000000000E+000
  0.451523520000000       1.593680000000000E-003  0.000000000000000E+000
   2.35984080000000       4.628460000000000E-002  3.560000000000000E-006
  0.217316520000000       4.388600000000000E-004  0.000000000000000E+000
  8.830116000000002E-002  9.714599999999999E-004  0.000000000000000E+000
  0.106066440000000       3.758000000000000E-005  0.000000000000000E+000
  9.407484000000001E-002  1.011400000000000E-004  0.000000000000000E+000
  0.132913440000000       1.583400000000000E-004  8.000000000000000E-008
  0.163084800000000       2.135199999999999E-004  0.000000000000000E+000
  0.289741440000000       6.382200000000000E-004  0.000000000000000E+000
  0.936896760000000       6.533360000000001E-003  0.000000000000000E+000
   3.56300064000000       0.105829320000000       6.680000000000000E-006
   3.30583428000000       8.182629999999999E-002  1.034000000000000E-005
  0.222002880000000       2.630200000000000E-004  0.000000000000000E+000
  7.100544000000000E-002  5.494000000000001E-005  0.000000000000000E+000
   1.44347652000000       1.802776000000000E-002  5.660000000000000E-006
   1.47486804000000       1.908080000000000E-002  0.000000000000000E+000
   1.60327272000000       2.068638000000001E-002  2.800000000000000E-007
   2.02851096000000       3.237863999999999E-002  7.940000000000000E-006
   3.28158348000000       8.878377999999999E-002  2.440000000000000E-006
   6.29491008000000       0.322065120000000       3.502000000000000E-005
   7.15587300000000       0.337103860000000       4.228000000000000E-005
   1.88886396000000       1.444800000000000E-002  9.799999999999999E-006
  8.184276000000003E-002  1.036000000000000E-004  0.000000000000000E+000
  4.465295999999999E-002  1.460000000000000E-005  0.000000000000000E+000
   9.34077984000000       0.664952980000000       3.296000000000000E-005
   9.52165836000000       0.685372560000000       1.566000000000000E-005
   10.1356388400000       0.730626260000000       2.323999999999999E-005
   11.3801151600000       0.897193860000000       7.405999999999999E-005
   12.3404221200000       0.929512240000000       5.242000000000000E-005
   10.5740112000000       0.516011800000000       1.418000000000000E-005
   3.45349008000000       2.767918000000001E-002  8.340000000000000E-006
  0.977462880000000       3.043880000000000E-003  0.000000000000000E+000
  0.134936520000000       4.459999999999999E-005  0.000000000000000E+000
  1.793052000000000E-002  0.000000000000000E+000  0.000000000000000E+000
   14.7747588000000       0.608576120000000       2.026000000000000E-005
   14.5903722000000       0.558576540000000       2.308000000000000E-005
   13.4740170000000       0.498337940000000       1.762000000000000E-005
   13.5545480400000       0.356123040000000       8.180000000000000E-006
   9.64707012000000       0.188264180000000       1.210000000000000E-005
   4.81488300000000       3.566667999999999E-002  4.400000000000000E-007
  0.977283360000000       2.429740000000000E-003  0.000000000000000E+000
  0.408606720000000       6.568200000000000E-004  0.000000000000000E+000
  7.466304000000001E-002  1.090000000000000E-005  0.000000000000000E+000
  0.363096720000000       0.000000000000000E+000  0.000000000000000E+000
   8.16244512000000       5.098993999999998E-002  6.000000000000001E-008
   5.74755132000000       1.673938000000000E-002  7.799999999999999E-007
   6.60494172000000       2.976102000000000E-002  6.000000000000001E-008
   5.76200268000000       2.925674000000000E-002  1.140000000000000E-006
   3.62249220000000       1.958742000000000E-002  4.200000000000001E-007
   1.32343836000000       3.970840000000000E-003  0.000000000000000E+000
  0.769710960000000       2.074940000000000E-003  0.000000000000000E+000
  0.266669760000000       2.174800000000000E-004  0.000000000000000E+000
  0.507398160000000       3.080000000000000E-006  0.000000000000000E+000
  0.193499640000000       1.634000000000000E-005  0.000000000000000E+000
  0.000000000000000E+000  0.000000000000000E+000  0.000000000000000E+000
  0.000000000000000E+000  0.000000000000000E+000  0.000000000000000E+000
  0.000000000000000E+000  0.000000000000000E+000  0.000000000000000E+000
  0.000000000000000E+000  0.000000000000000E+000  0.000000000000000E+000
  0.000000000000000E+000  0.000000000000000E+000  0.000000000000000E+000
  0.000000000000000E+000  0.000000000000000E+000  0.000000000000000E+000
  6.240000000000000E-006  0.000000000000000E+000  0.000000000000000E+000
  6.483600000000001E-004  0.000000000000000E+000  0.000000000000000E+000
  1.625856000000000E-002  0.000000000000000E+000  0.000000000000000E+000
  0.108020520000000       8.401999999999998E-005  0.000000000000000E+000
  0.000000000000000E+000  0.000000000000000E+000  0.000000000000000E+000
  0.000000000000000E+000  0.000000000000000E+000  0.000000000000000E+000
  0.000000000000000E+000  0.000000000000000E+000  0.000000000000000E+000
  0.000000000000000E+000  0.000000000000000E+000  0.000000000000000E+000
  0.000000000000000E+000  0.000000000000000E+000  0.000000000000000E+000
  9.564000000000000E-005  0.000000000000000E+000  0.000000000000000E+000
  6.644400000000001E-004  0.000000000000000E+000  0.000000000000000E+000
  2.039700000000000E-002  5.300000000000000E-006  0.000000000000000E+000
  0.275483400000000       8.708400000000001E-004  6.600000000000000E-007
  3.645203999999999E-002  1.732000000000000E-005  0.000000000000000E+000
  4.200000000000000E-005  0.000000000000000E+000  0.000000000000000E+000
  1.927200000000000E-004  0.000000000000000E+000  0.000000000000000E+000
  1.764000000000000E-004  0.000000000000000E+000  0.000000000000000E+000
  3.184800000000000E-004  0.000000000000000E+000  0.000000000000000E+000
  4.257600000000000E-004  0.000000000000000E+000  0.000000000000000E+000
  2.101800000000000E-003  0.000000000000000E+000  0.000000000000000E+000
  2.462376000000001E-002  9.099999999999999E-006  0.000000000000000E+000
  0.359181360000000       1.073380000000000E-003  0.000000000000000E+000
  0.363707880000000       1.632700000000000E-003  6.960000000000000E-006
  0.101411760000000       3.724400000000000E-004  0.000000000000000E+000
  3.276960000000000E-003  0.000000000000000E+000  0.000000000000000E+000
  3.633360000000000E-003  2.600000000000000E-006  0.000000000000000E+000
  5.036999999999999E-003  0.000000000000000E+000  0.000000000000000E+000
  5.959200000000000E-003  0.000000000000000E+000  0.000000000000000E+000
  1.510500000000000E-002  0.000000000000000E+000  0.000000000000000E+000
  5.690316000000000E-002  2.370000000000000E-005  0.000000000000000E+000
  0.447235440000000       1.410180000000000E-003  0.000000000000000E+000
   2.41605948000000       4.926416000000001E-002  1.886000000000000E-005
  0.198915120000000       5.886199999999999E-004  0.000000000000000E+000
  0.106399440000000       2.603600000000000E-004  0.000000000000000E+000
  9.954491999999998E-002  7.306000000000001E-005  0.000000000000000E+000
  9.961007999999999E-002  7.326000000000001E-005  0.000000000000000E+000
  0.128364240000000       1.933000000000001E-004  0.000000000000000E+000
  0.176703720000000       2.779200000000000E-004  0.000000000000000E+000
  0.311118720000000       9.118999999999999E-004  0.000000000000000E+000
  0.955353360000000       8.280900000000001E-003  0.000000000000000E+000
   3.61330056000000       0.106176860000000       1.824000000000000E-005
   3.48350508000000       8.754600000000000E-002  1.902000000000000E-005
  0.245124360000000       5.604400000000000E-004  0.000000000000000E+000
  9.644148000000000E-002  6.574000000000000E-005  0.000000000000000E+000
   1.44201564000000       1.715142000000000E-002  7.180000000000000E-006
   1.42439448000000       1.668082000000000E-002  0.000000000000000E+000
   1.62851796000000       2.162462000000000E-002  0.000000000000000E+000
   1.97094660000000       3.419662000000000E-002  2.600000000000001E-006
   3.35271900000000       9.043329999999998E-002  1.278000000000000E-005
   6.41005080000000       0.326720500000000       2.630000000000000E-005
   7.19382936000000       0.351890180000000       2.830000000000000E-005
   2.02720056000000       1.479326000000000E-002  1.820000000000000E-006
  0.113933640000000       1.325600000000000E-004  0.000000000000000E+000
  4.738751999999998E-002  1.481600000000000E-004  0.000000000000000E+000
   9.84259548000000       0.704597960000000       3.980000000000000E-005
   9.84882348000000       0.714910620000000       3.388000000000000E-005
   10.0790709600000       0.735760740000000       2.418000000000000E-005
   11.0165830800000       0.830432560000000       3.048000000000000E-005
   12.3193910400000       0.947826380000000       1.522000000000000E-005
   10.2196286400000       0.430818300000000       3.162000000000000E-005
   3.41096916000000       2.517180000000000E-002  9.500000000000001E-006
  0.844771080000000       2.714320000000001E-003  0.000000000000000E+000
  6.821904000000001E-002  1.614000000000000E-005  0.000000000000000E+000
  2.110068000000000E-002  7.060000000000000E-006  0.000000000000000E+000
   14.8860506400000       0.592417220000000       1.740000000000000E-005
   14.7329768400000       0.597704080000000       1.098000000000000E-005
   14.1319028400000       0.491384380000000       2.500000000000000E-006
   13.0266195600000       0.304958700000000       1.322000000000000E-005
   9.77394060000000       0.184928780000000       7.240000000000002E-006
   3.55366692000000       2.200786000000000E-002  6.799999999999999E-007
   1.29316944000000       5.893400000000000E-003  1.600000000000000E-006
  0.483412440000000       9.078800000000001E-004  0.000000000000000E+000
  5.964611999999998E-002  6.400000000000000E-007  0.000000000000000E+000
  0.223894200000000       0.000000000000000E+000  0.000000000000000E+000
   7.08858648000000       3.799577999999999E-002  0.000000000000000E+000
   6.09353292000000       3.082998000000000E-002  0.000000000000000E+000
   7.45193004000000       5.983162000000000E-002  7.799999999999999E-007
   5.44243752000000       2.356668000000000E-002  4.000000000000000E-008
   3.03142128000000       1.156952000000000E-002  2.040000000000000E-006
   2.06747808000000       5.161600000000000E-003  1.600000000000000E-007
  0.975195600000000       3.400200000000000E-004  0.000000000000000E+000
  0.249401040000000       4.369000000000000E-004  0.000000000000000E+000
  0.415384920000000       6.418000000000000E-005  0.000000000000000E+000
  0.202832760000000       1.570000000000000E-005  0.000000000000000E+000
  0.000000000000000E+000  0.000000000000000E+000  0.000000000000000E+000
  4.800000000000001E-007  0.000000000000000E+000  0.000000000000000E+000
  0.000000000000000E+000  0.000000000000000E+000  0.000000000000000E+000
  0.000000000000000E+000  0.000000000000000E+000  0.000000000000000E+000
  0.000000000000000E+000  0.000000000000000E+000  0.000000000000000E+000
  0.000000000000000E+000  0.000000000000000E+000  0.000000000000000E+000
  3.768000000000000E-005  0.000000000000000E+000  0.000000000000000E+000
  4.324800000000000E-004  0.000000000000000E+000  0.000000000000000E+000
  1.288200000000000E-002  1.800000000000000E-007  0.000000000000000E+000
  0.108470760000000       6.956000000000000E-005  4.900000000000000E-006
  0.000000000000000E+000  0.000000000000000E+000  0.000000000000000E+000
  0.000000000000000E+000  0.000000000000000E+000  0.000000000000000E+000
  0.000000000000000E+000  0.000000000000000E+000  0.000000000000000E+000
  0.000000000000000E+000  0.000000000000000E+000  0.000000000000000E+000
  1.800000000000000E-006  0.000000000000000E+000  0.000000000000000E+000
  1.920000000000000E-005  0.000000000000000E+000  0.000000000000000E+000
  6.336000000000000E-004  0.000000000000000E+000  0.000000000000000E+000
  2.065056000000000E-002  1.740000000000000E-006  0.000000000000000E+000
  0.293831880000000       7.291000000000000E-004  4.800000000000001E-007
  4.300391999999999E-002  4.574000000000000E-005  0.000000000000000E+000
  3.984000000000000E-005  0.000000000000000E+000  0.000000000000000E+000
  1.680000000000000E-005  0.000000000000000E+000  0.000000000000000E+000
  2.517600000000000E-004  0.000000000000000E+000  0.000000000000000E+000
  1.029600000000000E-004  0.000000000000000E+000  0.000000000000000E+000
  1.950000000000000E-004  0.000000000000000E+000  0.000000000000000E+000
  1.889280000000000E-003  0.000000000000000E+000  0.000000000000000E+000
  2.323848000000000E-002  0.000000000000000E+000  0.000000000000000E+000
  0.365812440000000       1.142280000000000E-003  0.000000000000000E+000
  0.370414800000000       1.704880000000000E-003  2.360000000000000E-006
  0.109375320000000       1.979000000000000E-004  4.000000000000000E-008
  4.665960000000001E-003  0.000000000000000E+000  0.000000000000000E+000
  4.377959999999998E-003  0.000000000000000E+000  0.000000000000000E+000
  4.182360000000001E-003  0.000000000000000E+000  0.000000000000000E+000
  5.751000000000002E-003  1.200000000000000E-007  0.000000000000000E+000
  1.550316000000000E-002  0.000000000000000E+000  0.000000000000000E+000
  6.691955999999999E-002  7.260000000000000E-006  0.000000000000000E+000
  0.464531160000000       1.803600000000000E-003  0.000000000000000E+000
   2.38780104000000       4.620318000000000E-002  2.140000000000000E-005
  0.229725960000000       7.443800000000000E-004  0.000000000000000E+000
  7.202891999999998E-002  4.720000000000000E-005  0.000000000000000E+000
  0.106675320000000       9.187999999999999E-005  0.000000000000000E+000
  0.114272520000000       9.241999999999999E-005  0.000000000000000E+000
  0.118419000000000       1.386600000000000E-004  0.000000000000000E+000
  0.163312560000000       2.483200000000000E-004  0.000000000000000E+000
  0.308054160000000       7.964799999999998E-004  0.000000000000000E+000
  0.949969680000000       6.760539999999996E-003  6.880000000000000E-006
   3.57669552000000       0.106465620000000       7.440000000000000E-006
   3.37489728000000       8.192311999999997E-002  2.214000000000000E-005
  0.173052720000000       4.264800000000000E-004  0.000000000000000E+000
  6.507587999999999E-002  3.858000000000000E-005  0.000000000000000E+000
   1.41748860000000       1.755378000000000E-002  0.000000000000000E+000
   1.42070340000000       1.642172000000000E-002  1.420000000000000E-006
   1.53754512000000       1.979682000000000E-002  6.640000000000000E-006
   1.97562300000000       2.982813999999999E-002  3.200000000000000E-007
   3.17683392000000       8.325204000000000E-002  1.562000000000000E-005
   6.52603776000000       0.340241720000000       1.134000000000000E-005
   7.45329624000000       0.365679120000000       2.122000000000000E-005
   1.88974080000000       1.359270000000000E-002  5.880000000000000E-006
  0.103076040000000       2.438400000000000E-004  0.000000000000000E+000
  6.479951999999999E-002  1.250000000000000E-005  0.000000000000000E+000
   9.27537024000000       0.653343100000000       2.990000000000001E-005
   9.31292904000000       0.675126440000000       4.947999999999999E-005
   9.66234888000000       0.714558920000000       9.699999999999999E-006
   11.1890176800000       0.851111680000000       3.488000000000000E-005
   12.7935085200000       0.985618480000000       5.719999999999999E-005
   10.3362973200000       0.475567380000000       3.166000000000000E-005
   3.81392316000000       3.787046000000000E-002  3.420000000000000E-006
  0.937688640000000       2.394499999999999E-003  5.600000000000000E-007
  6.164820000000000E-002  1.332000000000000E-005  0.000000000000000E+000
  4.301784000000000E-002  0.000000000000000E+000  0.000000000000000E+000
   14.2283664000000       0.614274840000000       9.299999999999999E-006
   14.5509229200000       0.584044980000000       1.868000000000000E-005
   13.5690534000000       0.470460800000000       1.272000000000000E-005
   12.3213550800000       0.402993220000000       8.840000000000000E-006
   9.43315848000000       0.169106920000000       9.760000000000000E-006
   4.17352596000000       2.587213999999999E-002  4.360000000000000E-006
   1.53733092000000       2.433040000000000E-003  0.000000000000000E+000
  0.444826800000000       6.482000000000000E-004  0.000000000000000E+000
  0.166002120000000       4.328000000000001E-005  0.000000000000000E+000
  0.189225840000000       0.000000000000000E+000  0.000000000000000E+000
   7.22992332000000       3.577282000000000E-002  6.100000000000001E-006
   6.75906720000000       3.276838000000000E-002  0.000000000000000E+000
   6.28719252000000       3.887824000000001E-002  1.260000000000000E-006
   5.20170540000000       4.083164000000000E-002  0.000000000000000E+000
   4.09045548000000       2.052098000000000E-002  1.600000000000000E-007
   1.72963836000000       4.290880000000000E-003  0.000000000000000E+000
  0.589286160000000       8.759200000000001E-004  0.000000000000000E+000
  0.126932280000000       2.794000000000000E-005  5.040000000000000E-006
  0.338727960000000       3.646000000000001E-005  0.000000000000000E+000
  0.489151200000000       4.564000000000000E-005  0.000000000000000E+000
  0.000000000000000E+000  0.000000000000000E+000  0.000000000000000E+000
  0.000000000000000E+000  0.000000000000000E+000  0.000000000000000E+000
  0.000000000000000E+000  0.000000000000000E+000  0.000000000000000E+000
  0.000000000000000E+000  0.000000000000000E+000  0.000000000000000E+000
  0.000000000000000E+000  0.000000000000000E+000  0.000000000000000E+000
  0.000000000000000E+000  0.000000000000000E+000  0.000000000000000E+000
  0.000000000000000E+000  0.000000000000000E+000  0.000000000000000E+000
  5.796000000000000E-004  0.000000000000000E+000  0.000000000000000E+000
  1.402044000000000E-002  3.040000000000000E-006  0.000000000000000E+000
  0.107648400000000       1.425200000000000E-004  8.000000000000000E-008
  0.000000000000000E+000  0.000000000000000E+000  0.000000000000000E+000
  0.000000000000000E+000  0.000000000000000E+000  0.000000000000000E+000
  0.000000000000000E+000  0.000000000000000E+000  0.000000000000000E+000
  0.000000000000000E+000  0.000000000000000E+000  0.000000000000000E+000
  1.200000000000000E-007  0.000000000000000E+000  0.000000000000000E+000
  1.224000000000000E-005  0.000000000000000E+000  0.000000000000000E+000
  9.375600000000000E-004  0.000000000000000E+000  0.000000000000000E+000
  1.996200000000000E-002  3.600000000000000E-007  0.000000000000000E+000
  0.289732320000000       7.705799999999999E-004  0.000000000000000E+000
  3.158904000000001E-002  8.820000000000000E-006  8.200000000000000E-007
  7.703999999999999E-005  0.000000000000000E+000  0.000000000000000E+000
  3.324000000000000E-005  0.000000000000000E+000  0.000000000000000E+000
  7.044000000000000E-005  0.000000000000000E+000  0.000000000000000E+000
  4.461600000000001E-004  0.000000000000000E+000  0.000000000000000E+000
  8.210400000000000E-004  0.000000000000000E+000  0.000000000000000E+000
  1.886040000000000E-003  0.000000000000000E+000  0.000000000000000E+000
  2.422860000000001E-002  3.040000000000000E-006  0.000000000000000E+000
  0.361215360000000       1.180180000000000E-003  0.000000000000000E+000
  0.341901000000000       1.424080000000000E-003  3.200000000000000E-007
  6.995664000000003E-002  1.988800000000000E-004  0.000000000000000E+000
  3.185040000000001E-003  0.000000000000000E+000  0.000000000000000E+000
  3.787440000000001E-003  0.000000000000000E+000  0.000000000000000E+000
  6.790440000000001E-003  0.000000000000000E+000  0.000000000000000E+000
  6.179759999999999E-003  1.720000000000000E-006  0.000000000000000E+000
  1.699500000000000E-002  2.580000000000000E-006  0.000000000000000E+000
  6.310884000000000E-002  4.522000000000000E-005  0.000000000000000E+000
  0.461578560000000       1.759840000000000E-003  0.000000000000000E+000
   2.35059240000000       4.703110000000001E-002  1.718000000000000E-005
  0.202525080000000       4.222599999999999E-004  1.060000000000000E-006
  0.123624960000000       2.554200000000000E-004  0.000000000000000E+000
  0.103457520000000       1.747200000000000E-004  0.000000000000000E+000
  0.101534160000000       5.856000000000000E-005  0.000000000000000E+000
  0.115072440000000       6.908000000000001E-005  0.000000000000000E+000
  0.170172600000000       3.314800000000000E-004  0.000000000000000E+000
  0.297691680000000       5.361400000000001E-004  0.000000000000000E+000
  0.945765240000000       6.336539999999999E-003  1.000000000000000E-007
   3.60483744000000       0.104025120000000       2.782000000000000E-005
   3.47568876000000       8.672869999999999E-002  1.500000000000000E-005
  0.157479600000000       2.977000000000000E-004  0.000000000000000E+000
  9.315624000000000E-002  1.621000000000000E-004  0.000000000000000E+000
   1.40512176000000       1.410678000000000E-002  9.920000000000000E-006
   1.48186572000000       1.842988000000000E-002  1.066000000000000E-005
   1.62839700000000       2.174380000000000E-002  0.000000000000000E+000
   2.02419984000000       3.641312000000000E-002  7.940000000000000E-006
   3.29498136000000       8.618972000000003E-002  1.200000000000000E-007
   6.53377344000000       0.334248440000000       2.854000000000001E-005
   7.30758120000000       0.363753240000000       5.605999999999999E-005
   1.71317760000000       1.243980000000000E-002  1.740000000000000E-006
  0.124707240000000       2.083000000000000E-004  0.000000000000000E+000
  6.985416000000001E-002  1.371000000000000E-004  0.000000000000000E+000
   9.35986548000000       0.645320660000000       4.123999999999999E-005
   9.29922576000000       0.642926980000000       2.696000000000001E-005
   9.96909192000000       0.704502340000000       3.894000000000000E-005
   10.9420183200000       0.848121520000000       3.542000000000000E-005
   12.3504135600000       0.968216840000000       3.546000000000000E-005
   10.3676500800000       0.493042900000000       3.576000000000000E-005
   3.68218224000000       3.979740000000000E-002  7.380000000000000E-006
  0.967418400000000       2.281780000000001E-003  1.800000000000000E-007
  5.898084000000001E-002  3.936000000000000E-005  0.000000000000000E+000
  3.529752000000000E-002  0.000000000000000E+000  0.000000000000000E+000
   15.0868300800000       0.628624860000000       2.768000000000000E-005
   14.8624944000000       0.594569300000000       3.072000000000000E-005
   14.4108998400000       0.539240420000000       1.544000000000000E-005
   13.2558356400000       0.393891320000000       2.106000000000000E-005
   9.18566952000000       0.164237540000000       9.639999999999999E-006
   3.97085232000000       2.004278000000000E-002  1.200000000000000E-007
   1.38741240000000       5.829800000000000E-003  0.000000000000000E+000
  0.423283080000000       5.650800000000000E-004  0.000000000000000E+000
  3.304800000000001E-002  1.852000000000000E-005  0.000000000000000E+000
