  0.416503320000000       1.337420000000000E-003  8.000000000000000E-008
  0.431714520000000       1.560620000000000E-003  0.000000000000000E+000
  0.428059560000000       1.812720000000000E-003  4.000000000000000E-008
  0.482228520000000       2.039840000000000E-003  1.400000000000000E-007
  0.554814960000000       2.474120000000000E-003  3.000000000000000E-007
  0.678088440000000       3.524460000000000E-003  5.600000000000000E-007
  0.789420600000000       4.710720000000001E-003  1.320000000000000E-006
  0.431034600000000       1.773400000000000E-003  1.000000000000000E-007
  4.827972000000003E-002  6.312000000000001E-005  0.000000000000000E+000
  2.997971999999999E-002  0.000000000000000E+000  0.000000000000000E+000
  4.479600000000000E-004  0.000000000000000E+000  0.000000000000000E+000
  7.860000000000000E-004  0.000000000000000E+000  0.000000000000000E+000
  6.697200000000000E-004  0.000000000000000E+000  0.000000000000000E+000
  1.374000000000000E-003  0.000000000000000E+000  0.000000000000000E+000
  1.578000000000000E-003  0.000000000000000E+000  0.000000000000000E+000
  5.906880000000000E-003  0.000000000000000E+000  0.000000000000000E+000
  5.383116000000001E-002  1.338000000000000E-005  0.000000000000000E+000
  0.328406880000000       8.353399999999997E-004  0.000000000000000E+000
  0.621679800000000       2.950940000000000E-003  2.480000000000000E-006
  7.507535999999998E-002  1.242600000000000E-004  0.000000000000000E+000
  0.000000000000000E+000  0.000000000000000E+000  0.000000000000000E+000
  0.000000000000000E+000  0.000000000000000E+000  0.000000000000000E+000
  0.000000000000000E+000  0.000000000000000E+000  0.000000000000000E+000
  0.000000000000000E+000  0.000000000000000E+000  0.000000000000000E+000
  0.000000000000000E+000  0.000000000000000E+000  0.000000000000000E+000
  5.460000000000000E-005  0.000000000000000E+000  0.000000000000000E+000
  6.306000000000000E-004  0.000000000000000E+000  0.000000000000000E+000
  4.378931999999999E-002  2.224000000000000E-005  0.000000000000000E+000
  0.454404960000000       1.849160000000001E-003  1.000000000000000E-007
  0.140327640000000       2.495800000000000E-004  0.000000000000000E+000
  0.000000000000000E+000  0.000000000000000E+000  0.000000000000000E+000
  0.000000000000000E+000  0.000000000000000E+000  0.000000000000000E+000
  0.000000000000000E+000  0.000000000000000E+000  0.000000000000000E+000
  0.000000000000000E+000  0.000000000000000E+000  0.000000000000000E+000
  0.000000000000000E+000  0.000000000000000E+000  0.000000000000000E+000
  0.000000000000000E+000  0.000000000000000E+000  0.000000000000000E+000
  0.000000000000000E+000  0.000000000000000E+000  0.000000000000000E+000
  3.316200000000000E-003  0.000000000000000E+000  0.000000000000000E+000
  0.223153800000000       4.297200000000000E-004  0.000000000000000E+000
  0.278765880000000       9.432000000000000E-004  4.800000000000001E-007
  0.000000000000000E+000  0.000000000000000E+000  0.000000000000000E+000
  0.000000000000000E+000  0.000000000000000E+000  0.000000000000000E+000
  0.000000000000000E+000  0.000000000000000E+000  0.000000000000000E+000
  0.000000000000000E+000  0.000000000000000E+000  0.000000000000000E+000
  0.000000000000000E+000  0.000000000000000E+000  0.000000000000000E+000
  0.000000000000000E+000  0.000000000000000E+000  0.000000000000000E+000
  0.000000000000000E+000  0.000000000000000E+000  0.000000000000000E+000
  5.703600000000000E-004  0.000000000000000E+000  0.000000000000000E+000
  7.923779999999997E-002  5.315999999999999E-005  0.000000000000000E+000
  0.508818240000000       2.458820000000000E-003  1.360000000000000E-006
   1.12746960000000       8.571920000000000E-003  1.540000000000000E-006
   1.21279968000000       1.179506000000000E-002  1.160000000000000E-006
   1.08500376000000       8.654819999999999E-003  0.000000000000000E+000
   1.04510676000000       6.871040000000002E-003  0.000000000000000E+000
  0.588860040000000       2.410720000000000E-003  0.000000000000000E+000
  0.148894680000000       3.680600000000000E-004  0.000000000000000E+000
  1.520304000000000E-002  0.000000000000000E+000  0.000000000000000E+000
  5.149920000000000E-003  0.000000000000000E+000  0.000000000000000E+000
  0.000000000000000E+000  0.000000000000000E+000  0.000000000000000E+000
  3.780564000000000E-002  0.000000000000000E+000  0.000000000000000E+000
  0.111280320000000       2.296800000000000E-004  0.000000000000000E+000
  0.111899880000000       1.576400000000000E-004  0.000000000000000E+000
  0.131908320000000       1.019200000000000E-004  0.000000000000000E+000
  0.165451440000000       2.014400000000000E-004  0.000000000000000E+000
  0.333923040000000       7.609800000000000E-004  0.000000000000000E+000
  0.874727280000001       6.088279999999998E-003  4.000000000000000E-008
   2.00402580000000       3.601107999999999E-002  4.500000000000000E-006
  0.197655360000000       9.295200000000000E-004  0.000000000000000E+000
  2.295960000000000E-003  0.000000000000000E+000  0.000000000000000E+000
  0.000000000000000E+000  0.000000000000000E+000  0.000000000000000E+000
  0.000000000000000E+000  0.000000000000000E+000  0.000000000000000E+000
  8.484000000000001E-005  0.000000000000000E+000  0.000000000000000E+000
  0.000000000000000E+000  0.000000000000000E+000  0.000000000000000E+000
  4.344000000000000E-005  0.000000000000000E+000  0.000000000000000E+000
  1.390680000000000E-003  0.000000000000000E+000  0.000000000000000E+000
  1.083300000000000E-002  0.000000000000000E+000  0.000000000000000E+000
  0.168093720000000       3.223000000000000E-004  0.000000000000000E+000
   1.57358712000000       2.003522000000000E-002  1.040000000000000E-006
  1.341900000000000E-002  0.000000000000000E+000  0.000000000000000E+000
  0.000000000000000E+000  0.000000000000000E+000  0.000000000000000E+000
  0.000000000000000E+000  0.000000000000000E+000  0.000000000000000E+000
  0.000000000000000E+000  0.000000000000000E+000  0.000000000000000E+000
  0.000000000000000E+000  0.000000000000000E+000  0.000000000000000E+000
  0.000000000000000E+000  0.000000000000000E+000  0.000000000000000E+000
  0.000000000000000E+000  0.000000000000000E+000  0.000000000000000E+000
  1.329600000000000E-004  0.000000000000000E+000  0.000000000000000E+000
  3.098760000000000E-003  0.000000000000000E+000  0.000000000000000E+000
  0.424516680000000       1.689520000000001E-003  0.000000000000000E+000
  8.504784000000001E-002  3.778400000000001E-004  0.000000000000000E+000
  9.631680000000000E-003  0.000000000000000E+000  0.000000000000000E+000
  0.000000000000000E+000  0.000000000000000E+000  0.000000000000000E+000
  0.000000000000000E+000  0.000000000000000E+000  0.000000000000000E+000
  0.000000000000000E+000  0.000000000000000E+000  0.000000000000000E+000
  0.000000000000000E+000  0.000000000000000E+000  0.000000000000000E+000
  0.000000000000000E+000  0.000000000000000E+000  0.000000000000000E+000
  0.000000000000000E+000  0.000000000000000E+000  0.000000000000000E+000
  0.000000000000000E+000  0.000000000000000E+000  0.000000000000000E+000
  4.979783999999999E-002  0.000000000000000E+000  0.000000000000000E+000
  0.617652480000000       3.374420000000000E-003  0.000000000000000E+000
  9.276000000000000E-005  0.000000000000000E+000  0.000000000000000E+000
  8.329716000000001E-002  0.000000000000000E+000  0.000000000000000E+000
  6.240000000000000E-005  0.000000000000000E+000  0.000000000000000E+000
  5.631180000000000E-002  0.000000000000000E+000  0.000000000000000E+000
  4.037040000000000E-003  0.000000000000000E+000  0.000000000000000E+000
  1.766676000000000E-002  0.000000000000000E+000  0.000000000000000E+000
  1.300800000000000E-004  0.000000000000000E+000  0.000000000000000E+000
  4.471056000000000E-002  0.000000000000000E+000  0.000000000000000E+000
  0.000000000000000E+000  0.000000000000000E+000  0.000000000000000E+000
  0.000000000000000E+000  0.000000000000000E+000  0.000000000000000E+000
  0.000000000000000E+000  0.000000000000000E+000  0.000000000000000E+000
   5.61443652000000       0.227834860000000       1.600000000000000E-007
   5.61575604000000       0.225750680000000       1.680000000000000E-005
   5.68615164000000       0.230970720000000       1.454000000000000E-005
   6.27241176000000       0.273023720000000       1.910000000000000E-005
   5.91275172000000       0.226670940000000       9.240000000000000E-006
   2.99428776000000       5.474206000000002E-002  4.800000000000001E-007
  0.149711520000000       0.000000000000000E+000  0.000000000000000E+000
  0.000000000000000E+000  0.000000000000000E+000  0.000000000000000E+000
  0.000000000000000E+000  0.000000000000000E+000  0.000000000000000E+000
  0.000000000000000E+000  0.000000000000000E+000  0.000000000000000E+000
  3.257028000000000E-002  0.000000000000000E+000  0.000000000000000E+000
  3.570168000000000E-002  2.280000000000000E-006  0.000000000000000E+000
  3.434460000000000E-002  9.279999999999999E-006  0.000000000000000E+000
  6.087635999999999E-002  1.342000000000000E-005  0.000000000000000E+000
  0.168447600000000       6.617600000000002E-004  0.000000000000000E+000
   1.06202892000000       8.603379999999999E-003  0.000000000000000E+000
   4.19882964000000       0.131064000000000       1.498000000000000E-005
  4.224671999999999E-002  0.000000000000000E+000  0.000000000000000E+000
  0.000000000000000E+000  0.000000000000000E+000  0.000000000000000E+000
  0.000000000000000E+000  0.000000000000000E+000  0.000000000000000E+000
  3.844800000000000E-004  0.000000000000000E+000  0.000000000000000E+000
  0.000000000000000E+000  0.000000000000000E+000  0.000000000000000E+000
  0.000000000000000E+000  0.000000000000000E+000  0.000000000000000E+000
  0.000000000000000E+000  0.000000000000000E+000  0.000000000000000E+000
  2.601599999999999E-004  0.000000000000000E+000  0.000000000000000E+000
  8.478480000000000E-003  0.000000000000000E+000  0.000000000000000E+000
  0.543825720000000       3.110679999999999E-003  0.000000000000000E+000
   1.86873828000000       2.519204000000000E-002  3.440000000000000E-006
  1.200000000000000E-007  0.000000000000000E+000  0.000000000000000E+000
  0.000000000000000E+000  0.000000000000000E+000  0.000000000000000E+000
  0.000000000000000E+000  0.000000000000000E+000  0.000000000000000E+000
  0.000000000000000E+000  0.000000000000000E+000  0.000000000000000E+000
  0.000000000000000E+000  0.000000000000000E+000  0.000000000000000E+000
  0.000000000000000E+000  0.000000000000000E+000  0.000000000000000E+000
  0.000000000000000E+000  0.000000000000000E+000  0.000000000000000E+000
  0.000000000000000E+000  0.000000000000000E+000  0.000000000000000E+000
  1.481640000000000E-002  8.000000000000000E-008  0.000000000000000E+000
   2.69412636000000       5.933539999999997E-002  5.780000000000000E-006
  3.216000000000000E-005  0.000000000000000E+000  0.000000000000000E+000
  6.282672000000000E-002  0.000000000000000E+000  0.000000000000000E+000
  1.485816000000000E-002  0.000000000000000E+000  0.000000000000000E+000
  4.158252000000000E-002  0.000000000000000E+000  0.000000000000000E+000
  1.920000000000000E-006  0.000000000000000E+000  0.000000000000000E+000
  1.824000000000000E-005  0.000000000000000E+000  0.000000000000000E+000
  0.000000000000000E+000  0.000000000000000E+000  0.000000000000000E+000
  0.000000000000000E+000  0.000000000000000E+000  0.000000000000000E+000
  0.000000000000000E+000  0.000000000000000E+000  0.000000000000000E+000
  1.147620000000000E-002  0.000000000000000E+000  0.000000000000000E+000
  0.000000000000000E+000  0.000000000000000E+000  0.000000000000000E+000
  5.279076000000000E-002  0.000000000000000E+000  0.000000000000000E+000
   3.40225692000000       9.728700000000000E-003  0.000000000000000E+000
   3.00045300000000       1.563098000000000E-002  0.000000000000000E+000
   2.70606900000000       8.915880000000001E-003  0.000000000000000E+000
   2.42132724000000       1.294952000000000E-002  0.000000000000000E+000
  0.681264480000000       0.000000000000000E+000  0.000000000000000E+000
  8.080259999999999E-002  0.000000000000000E+000  0.000000000000000E+000
  0.102031440000000       0.000000000000000E+000  0.000000000000000E+000
  0.000000000000000E+000  0.000000000000000E+000  0.000000000000000E+000
  0.000000000000000E+000  0.000000000000000E+000  0.000000000000000E+000
  0.000000000000000E+000  0.000000000000000E+000  0.000000000000000E+000
   3.05066952000000       6.180634000000002E-002  0.000000000000000E+000
   3.25477776000000       6.683416000000002E-002  0.000000000000000E+000
   3.52910100000000       7.650208000000000E-002  0.000000000000000E+000
   4.96420488000000       0.143978920000000       1.052000000000000E-005
   8.13333972000000       0.345869300000000       9.439999999999999E-006
   8.00701320000000       0.201358640000000       1.860000000000000E-006
  0.727722240000000       7.945199999999999E-004  0.000000000000000E+000
  0.000000000000000E+000  0.000000000000000E+000  0.000000000000000E+000
  3.192636000000000E-002  0.000000000000000E+000  0.000000000000000E+000
  0.000000000000000E+000  0.000000000000000E+000  0.000000000000000E+000
  8.744999999999999E-003  0.000000000000000E+000  0.000000000000000E+000
  7.498320000000000E-003  0.000000000000000E+000  0.000000000000000E+000
  1.004280000000000E-002  4.912000000000000E-005  0.000000000000000E+000
  2.285952000000000E-002  0.000000000000000E+000  0.000000000000000E+000
  9.725123999999999E-002  5.112000000000001E-005  0.000000000000000E+000
   1.23664224000000       1.140278000000000E-002  0.000000000000000E+000
   7.46071584000000       0.243037940000000       7.200000000000001E-006
  2.795052000000000E-002  0.000000000000000E+000  0.000000000000000E+000
  4.800000000000001E-007  0.000000000000000E+000  0.000000000000000E+000
  2.280648000000000E-002  0.000000000000000E+000  0.000000000000000E+000
  0.000000000000000E+000  0.000000000000000E+000  0.000000000000000E+000
  0.000000000000000E+000  0.000000000000000E+000  0.000000000000000E+000
  0.000000000000000E+000  0.000000000000000E+000  0.000000000000000E+000
  0.000000000000000E+000  0.000000000000000E+000  0.000000000000000E+000
  1.852800000000000E-004  0.000000000000000E+000  0.000000000000000E+000
  1.873752000000000E-002  0.000000000000000E+000  0.000000000000000E+000
   1.83814704000000       2.592596000000001E-002  0.000000000000000E+000
  0.445838640000000       2.285800000000000E-004  0.000000000000000E+000
  0.000000000000000E+000  0.000000000000000E+000  0.000000000000000E+000
  0.000000000000000E+000  0.000000000000000E+000  0.000000000000000E+000
  0.000000000000000E+000  0.000000000000000E+000  0.000000000000000E+000
  0.000000000000000E+000  0.000000000000000E+000  0.000000000000000E+000
  0.000000000000000E+000  0.000000000000000E+000  0.000000000000000E+000
  5.041488000000000E-002  0.000000000000000E+000  0.000000000000000E+000
  3.677568000000000E-002  0.000000000000000E+000  0.000000000000000E+000
  0.000000000000000E+000  0.000000000000000E+000  0.000000000000000E+000
  4.408260000000000E-002  0.000000000000000E+000  0.000000000000000E+000
  0.000000000000000E+000  0.000000000000000E+000  0.000000000000000E+000
  5.157108000000000E-002  0.000000000000000E+000  0.000000000000000E+000
  0.000000000000000E+000  0.000000000000000E+000  0.000000000000000E+000
   1.78350876000000       0.000000000000000E+000  0.000000000000000E+000
   1.98201864000000       0.000000000000000E+000  0.000000000000000E+000
   1.34449032000000       0.000000000000000E+000  0.000000000000000E+000
   1.10177424000000       0.000000000000000E+000  0.000000000000000E+000
  0.577421160000000       0.000000000000000E+000  0.000000000000000E+000
  0.101576280000000       0.000000000000000E+000  0.000000000000000E+000
  0.115646880000000       0.000000000000000E+000  0.000000000000000E+000
  0.000000000000000E+000  0.000000000000000E+000  0.000000000000000E+000
  0.000000000000000E+000  0.000000000000000E+000  0.000000000000000E+000
  0.000000000000000E+000  0.000000000000000E+000  0.000000000000000E+000
   17.1105108000000       0.202156740000000       1.818000000000000E-005
   15.4185645600000       0.135687720000000       0.000000000000000E+000
   15.0636916800000       0.153013240000000       1.620000000000000E-006
   14.2146892800000       0.130288960000000       4.840000000000000E-006
   7.34833944000000       4.313958000000000E-002  2.200000000000000E-007
   2.26230516000000       9.373140000000000E-003  0.000000000000000E+000
  0.172321080000000       0.000000000000000E+000  0.000000000000000E+000
  0.000000000000000E+000  0.000000000000000E+000  0.000000000000000E+000
  0.000000000000000E+000  0.000000000000000E+000  0.000000000000000E+000
  0.000000000000000E+000  0.000000000000000E+000  0.000000000000000E+000
   1.07884824000000       5.700020000000000E-003  0.000000000000000E+000
   1.09545936000000       8.945559999999998E-003  0.000000000000000E+000
   1.62969408000000       1.666004000000000E-002  0.000000000000000E+000
   2.58903300000000       3.084732000000001E-002  0.000000000000000E+000
   6.78861396000000       0.164510880000000       0.000000000000000E+000
   13.1678000400000       0.308499420000000       1.060000000000000E-006
   1.31819616000000       0.000000000000000E+000  0.000000000000000E+000
  7.255331999999999E-002  0.000000000000000E+000  0.000000000000000E+000
  0.000000000000000E+000  0.000000000000000E+000  0.000000000000000E+000
  0.000000000000000E+000  0.000000000000000E+000  0.000000000000000E+000
  9.123600000000000E-004  0.000000000000000E+000  0.000000000000000E+000
  0.000000000000000E+000  0.000000000000000E+000  0.000000000000000E+000
  1.847040000000000E-003  0.000000000000000E+000  0.000000000000000E+000
  1.008564000000000E-002  0.000000000000000E+000  0.000000000000000E+000
  7.405044000000000E-002  4.000000000000000E-008  0.000000000000000E+000
   1.52139696000000       1.919980000000000E-002  0.000000000000000E+000
   9.70987980000000       0.165609320000000       0.000000000000000E+000
  5.184000000000001E-005  0.000000000000000E+000  0.000000000000000E+000
  0.000000000000000E+000  0.000000000000000E+000  0.000000000000000E+000
  0.000000000000000E+000  0.000000000000000E+000  0.000000000000000E+000
  0.000000000000000E+000  0.000000000000000E+000  0.000000000000000E+000
  0.000000000000000E+000  0.000000000000000E+000  0.000000000000000E+000
  9.731399999999999E-003  0.000000000000000E+000  0.000000000000000E+000
  3.378168000000000E-002  0.000000000000000E+000  0.000000000000000E+000
  8.787371999999999E-002  0.000000000000000E+000  0.000000000000000E+000
  0.000000000000000E+000  0.000000000000000E+000  0.000000000000000E+000
  0.000000000000000E+000  0.000000000000000E+000  0.000000000000000E+000
  0.000000000000000E+000  0.000000000000000E+000  0.000000000000000E+000
  0.000000000000000E+000  0.000000000000000E+000  0.000000000000000E+000
  4.444248000000000E-002  0.000000000000000E+000  0.000000000000000E+000
   1.39836780000000       0.000000000000000E+000  0.000000000000000E+000
   1.34744088000000       0.000000000000000E+000  0.000000000000000E+000
   1.67409132000000       0.000000000000000E+000  0.000000000000000E+000
  0.616933680000000       0.000000000000000E+000  0.000000000000000E+000
  0.892618320000000       0.000000000000000E+000  0.000000000000000E+000
  0.000000000000000E+000  0.000000000000000E+000  0.000000000000000E+000
  3.283920000000000E-002  0.000000000000000E+000  0.000000000000000E+000
  0.000000000000000E+000  0.000000000000000E+000  0.000000000000000E+000
  0.000000000000000E+000  0.000000000000000E+000  0.000000000000000E+000
  0.000000000000000E+000  0.000000000000000E+000  0.000000000000000E+000
   15.9407624400000       1.666144000000000E-002  0.000000000000000E+000
   13.3536579600000       1.516858000000000E-002  0.000000000000000E+000
   12.3449953200000       2.640708000000000E-002  0.000000000000000E+000
   12.0983370000000       4.900000000000000E-006  0.000000000000000E+000
   6.36527664000000       0.000000000000000E+000  0.000000000000000E+000
   2.07775308000000       0.000000000000000E+000  0.000000000000000E+000
  0.000000000000000E+000  0.000000000000000E+000  0.000000000000000E+000
  0.123321480000000       0.000000000000000E+000  0.000000000000000E+000
  0.000000000000000E+000  0.000000000000000E+000  0.000000000000000E+000
  0.000000000000000E+000  0.000000000000000E+000  0.000000000000000E+000
   14.5321526400000       9.945525999999998E-002  0.000000000000000E+000
   16.0048765200000       0.160273720000000       4.400000000000000E-007
   17.0497953600000       9.491900000000002E-002  0.000000000000000E+000
   21.8133734400000       0.175310500000000       6.179999999999999E-006
   18.0370105200000       7.601880000000001E-002  3.600000000000000E-007
   9.09743472000000       4.771060000000000E-003  0.000000000000000E+000
   1.03837488000000       0.000000000000000E+000  0.000000000000000E+000
  0.000000000000000E+000  0.000000000000000E+000  0.000000000000000E+000
  0.000000000000000E+000  0.000000000000000E+000  0.000000000000000E+000
  0.000000000000000E+000  0.000000000000000E+000  0.000000000000000E+000
  0.269141880000000       2.775600000000000E-004  0.000000000000000E+000
  0.358826520000000       0.000000000000000E+000  0.000000000000000E+000
  0.596892000000000       7.736000000000000E-005  0.000000000000000E+000
   1.08471756000000       4.006420000000000E-003  0.000000000000000E+000
   3.84908760000000       3.347318000000001E-002  0.000000000000000E+000
   16.3091566800000       0.119672560000000       5.520000000000000E-006
   4.80484272000000       2.460920000000000E-003  0.000000000000000E+000
  0.111115200000000       0.000000000000000E+000  0.000000000000000E+000
  0.000000000000000E+000  0.000000000000000E+000  0.000000000000000E+000
  0.000000000000000E+000  0.000000000000000E+000  0.000000000000000E+000
   10.7712025200000       0.000000000000000E+000  0.000000000000000E+000
   11.7193482000000       0.000000000000000E+000  0.000000000000000E+000
   11.9065999200000       0.000000000000000E+000  0.000000000000000E+000
   8.47226412000000       0.000000000000000E+000  0.000000000000000E+000
   4.22323896000000       0.000000000000000E+000  0.000000000000000E+000
   1.31565168000000       0.000000000000000E+000  0.000000000000000E+000
  7.366632000000001E-002  0.000000000000000E+000  0.000000000000000E+000
  0.000000000000000E+000  0.000000000000000E+000  0.000000000000000E+000
  1.967592000000000E-002  0.000000000000000E+000  0.000000000000000E+000
  0.000000000000000E+000  0.000000000000000E+000  0.000000000000000E+000
   20.9906857200000       2.972714000000000E-002  0.000000000000000E+000
   22.3973527200000       1.346436000000000E-002  0.000000000000000E+000
   21.8464150800000       2.422314000000000E-002  5.200000000000000E-007
   20.6091750000000       2.679584000000000E-002  0.000000000000000E+000
   16.1751308400000       7.915319999999998E-003  0.000000000000000E+000
   7.81933212000000       4.234320000000000E-003  0.000000000000000E+000
  0.391380120000000       0.000000000000000E+000  0.000000000000000E+000
  0.120000000000000       0.000000000000000E+000  0.000000000000000E+000
  0.000000000000000E+000  0.000000000000000E+000  0.000000000000000E+000
  0.000000000000000E+000  0.000000000000000E+000  0.000000000000000E+000
   7.90369620000000       2.553422000000001E-002  0.000000000000000E+000
   8.39242872000000       1.679608000000000E-002  0.000000000000000E+000
   10.1621464800000       1.517844000000000E-002  0.000000000000000E+000
   13.8959785200000       3.366217999999999E-002  0.000000000000000E+000
   20.0086839600000       5.780114000000000E-002  3.160000000000000E-006
   16.9985715600000       2.088644000000000E-002  0.000000000000000E+000
   2.97704124000000       0.000000000000000E+000  0.000000000000000E+000
  0.000000000000000E+000  0.000000000000000E+000  0.000000000000000E+000
  0.000000000000000E+000  0.000000000000000E+000  0.000000000000000E+000
  0.000000000000000E+000  0.000000000000000E+000  0.000000000000000E+000
   16.5115630800000       5.291939999999999E-003  0.000000000000000E+000
   15.2909360400000       1.971342000000000E-002  0.000000000000000E+000
   17.0763502800000       5.071080000000000E-003  0.000000000000000E+000
   20.0775756000000       7.636839999999999E-003  0.000000000000000E+000
   18.1349558400000       7.698860000000001E-003  0.000000000000000E+000
   14.4327889200000       0.000000000000000E+000  0.000000000000000E+000
   2.57905860000000       0.000000000000000E+000  0.000000000000000E+000
  0.000000000000000E+000  0.000000000000000E+000  0.000000000000000E+000
  0.000000000000000E+000  0.000000000000000E+000  0.000000000000000E+000
  0.000000000000000E+000  0.000000000000000E+000  0.000000000000000E+000
