  0.425974440000000       1.498640000000001E-003  0.000000000000000E+000
  0.413022240000000       1.588340000000001E-003  4.000000000000000E-008
  0.445445520000000       1.342760000000000E-003  4.000000000000000E-007
  0.467947920000000       1.908800000000000E-003  8.000000000000000E-008
  0.556718760000000       2.626099999999999E-003  2.000000000000000E-008
  0.690337920000000       3.867640000000001E-003  1.920000000000000E-006
  0.792723720000000       4.500700000000002E-003  1.840000000000000E-006
  0.423979920000000       1.736120000000000E-003  0.000000000000000E+000
  6.515532000000000E-002  4.868000000000000E-005  0.000000000000000E+000
  2.844936000000000E-002  2.374000000000000E-005  0.000000000000000E+000
  6.827999999999999E-004  0.000000000000000E+000  0.000000000000000E+000
  5.298000000000001E-004  0.000000000000000E+000  0.000000000000000E+000
  7.033200000000000E-004  0.000000000000000E+000  0.000000000000000E+000
  1.097520000000000E-003  0.000000000000000E+000  0.000000000000000E+000
  2.811480000000000E-003  0.000000000000000E+000  0.000000000000000E+000
  6.666720000000000E-003  0.000000000000000E+000  0.000000000000000E+000
  4.541004000000000E-002  2.562000000000000E-005  0.000000000000000E+000
  0.310285920000000       7.526199999999999E-004  0.000000000000000E+000
  0.576185280000000       2.915040000000000E-003  7.200000000000000E-007
  7.112688000000000E-002  5.113999999999999E-005  0.000000000000000E+000
  3.600000000000000E-007  0.000000000000000E+000  0.000000000000000E+000
  0.000000000000000E+000  0.000000000000000E+000  0.000000000000000E+000
  0.000000000000000E+000  0.000000000000000E+000  0.000000000000000E+000
  0.000000000000000E+000  0.000000000000000E+000  0.000000000000000E+000
  0.000000000000000E+000  0.000000000000000E+000  0.000000000000000E+000
  0.000000000000000E+000  0.000000000000000E+000  0.000000000000000E+000
  4.677600000000000E-004  0.000000000000000E+000  0.000000000000000E+000
  3.562992000000000E-002  1.126000000000000E-005  0.000000000000000E+000
  0.469745160000000       1.841580000000000E-003  0.000000000000000E+000
  0.103604760000000       2.349200000000000E-004  0.000000000000000E+000
  0.000000000000000E+000  0.000000000000000E+000  0.000000000000000E+000
  0.000000000000000E+000  0.000000000000000E+000  0.000000000000000E+000
  0.000000000000000E+000  0.000000000000000E+000  0.000000000000000E+000
  0.000000000000000E+000  0.000000000000000E+000  0.000000000000000E+000
  0.000000000000000E+000  0.000000000000000E+000  0.000000000000000E+000
  0.000000000000000E+000  0.000000000000000E+000  0.000000000000000E+000
  7.919999999999999E-006  0.000000000000000E+000  0.000000000000000E+000
  3.082320000000000E-003  0.000000000000000E+000  0.000000000000000E+000
  0.213181920000000       4.577000000000001E-004  2.000000000000000E-008
  0.311884320000000       1.221100000000000E-003  0.000000000000000E+000
  0.000000000000000E+000  0.000000000000000E+000  0.000000000000000E+000
  0.000000000000000E+000  0.000000000000000E+000  0.000000000000000E+000
  0.000000000000000E+000  0.000000000000000E+000  0.000000000000000E+000
  0.000000000000000E+000  0.000000000000000E+000  0.000000000000000E+000
  0.000000000000000E+000  0.000000000000000E+000  0.000000000000000E+000
  0.000000000000000E+000  0.000000000000000E+000  0.000000000000000E+000
  0.000000000000000E+000  0.000000000000000E+000  0.000000000000000E+000
  3.235200000000000E-004  0.000000000000000E+000  0.000000000000000E+000
  7.613448000000000E-002  3.542000000000000E-005  0.000000000000000E+000
  0.485978760000000       2.316300000000001E-003  6.200000000000000E-007
   1.26500736000000       1.272570000000000E-002  4.280000000000000E-006
  0.977754840000000       8.116959999999999E-003  0.000000000000000E+000
  0.984920520000000       9.596620000000002E-003  1.600000000000000E-007
  0.900720720000000       8.134839999999999E-003  2.800000000000000E-007
  0.469601760000000       1.039000000000000E-003  0.000000000000000E+000
  0.129951480000000       2.586800000000000E-004  0.000000000000000E+000
  1.353936000000000E-002  0.000000000000000E+000  0.000000000000000E+000
  1.854108000000000E-002  0.000000000000000E+000  0.000000000000000E+000
  0.000000000000000E+000  0.000000000000000E+000  0.000000000000000E+000
  0.000000000000000E+000  0.000000000000000E+000  0.000000000000000E+000
  9.067620000000000E-002  2.250000000000000E-005  0.000000000000000E+000
  0.108593520000000       1.154000000000000E-005  0.000000000000000E+000
  0.130313040000000       1.424000000000000E-004  0.000000000000000E+000
  0.190508040000000       1.115000000000000E-004  0.000000000000000E+000
  0.319902360000000       8.707000000000000E-004  0.000000000000000E+000
  0.872945280000000       5.881299999999998E-003  1.300000000000000E-006
   2.04646812000000       3.622200000000000E-002  1.300000000000000E-006
  0.192694080000000       4.181200000000000E-004  0.000000000000000E+000
  4.944000000000001E-005  0.000000000000000E+000  0.000000000000000E+000
  0.000000000000000E+000  0.000000000000000E+000  0.000000000000000E+000
  5.520000000000000E-006  0.000000000000000E+000  0.000000000000000E+000
  4.500000000000000E-005  0.000000000000000E+000  0.000000000000000E+000
  0.000000000000000E+000  0.000000000000000E+000  0.000000000000000E+000
  2.556000000000000E-004  0.000000000000000E+000  0.000000000000000E+000
  3.814800000000000E-004  0.000000000000000E+000  0.000000000000000E+000
  9.844320000000004E-003  1.560000000000000E-006  0.000000000000000E+000
  0.160388520000000       2.068200000000000E-004  0.000000000000000E+000
   1.50358188000000       1.980704000000000E-002  8.320000000000000E-006
  6.257640000000000E-003  0.000000000000000E+000  0.000000000000000E+000
  0.000000000000000E+000  0.000000000000000E+000  0.000000000000000E+000
  0.000000000000000E+000  0.000000000000000E+000  0.000000000000000E+000
  0.000000000000000E+000  0.000000000000000E+000  0.000000000000000E+000
  0.000000000000000E+000  0.000000000000000E+000  0.000000000000000E+000
  0.000000000000000E+000  0.000000000000000E+000  0.000000000000000E+000
  0.000000000000000E+000  0.000000000000000E+000  0.000000000000000E+000
  1.257600000000000E-004  0.000000000000000E+000  0.000000000000000E+000
  3.695520000000000E-003  0.000000000000000E+000  0.000000000000000E+000
  0.442173600000000       1.516260000000000E-003  0.000000000000000E+000
  7.467983999999998E-002  2.125000000000000E-004  0.000000000000000E+000
  2.167200000000000E-004  0.000000000000000E+000  0.000000000000000E+000
  0.000000000000000E+000  0.000000000000000E+000  0.000000000000000E+000
  0.000000000000000E+000  0.000000000000000E+000  0.000000000000000E+000
  0.000000000000000E+000  0.000000000000000E+000  0.000000000000000E+000
  0.000000000000000E+000  0.000000000000000E+000  0.000000000000000E+000
  0.000000000000000E+000  0.000000000000000E+000  0.000000000000000E+000
  0.000000000000000E+000  0.000000000000000E+000  0.000000000000000E+000
  1.104000000000000E-004  0.000000000000000E+000  0.000000000000000E+000
  4.585440000000000E-002  2.808000000000000E-005  0.000000000000000E+000
  0.610926480000000       3.603000000000000E-003  6.000000000000001E-008
  3.773676000000000E-002  0.000000000000000E+000  0.000000000000000E+000
  6.046176000000001E-002  0.000000000000000E+000  0.000000000000000E+000
  3.328824000000000E-002  0.000000000000000E+000  0.000000000000000E+000
  1.088772000000000E-002  0.000000000000000E+000  0.000000000000000E+000
  2.590800000000000E-004  0.000000000000000E+000  0.000000000000000E+000
  1.273788000000000E-002  0.000000000000000E+000  0.000000000000000E+000
  4.766172000000000E-002  0.000000000000000E+000  0.000000000000000E+000
  0.000000000000000E+000  0.000000000000000E+000  0.000000000000000E+000
  0.000000000000000E+000  0.000000000000000E+000  0.000000000000000E+000
  2.970864000000000E-002  0.000000000000000E+000  0.000000000000000E+000
  0.000000000000000E+000  0.000000000000000E+000  0.000000000000000E+000
   5.36077392000000       0.218779800000000       0.000000000000000E+000
   5.33820396000000       0.223129280000000       4.040000000000000E-006
   5.82816648000000       0.246311740000000       1.918000000000000E-005
   6.41654988000000       0.283677980000000       1.308000000000000E-005
   6.13869624000000       0.233315160000000       1.730000000000000E-005
   2.93814888000000       3.976461999999999E-002  1.380000000000000E-006
  0.194625120000000       0.000000000000000E+000  0.000000000000000E+000
  3.361080000000000E-002  0.000000000000000E+000  0.000000000000000E+000
  0.000000000000000E+000  0.000000000000000E+000  0.000000000000000E+000
  1.784724000000000E-002  0.000000000000000E+000  0.000000000000000E+000
  1.990908000000000E-002  5.820000000000000E-006  0.000000000000000E+000
  3.293244000000001E-002  0.000000000000000E+000  0.000000000000000E+000
  4.021847999999999E-002  5.220000000000000E-006  0.000000000000000E+000
  7.339860000000002E-002  1.331800000000000E-004  0.000000000000000E+000
  0.161136840000000       3.054000000000000E-004  0.000000000000000E+000
  0.997904040000000       7.091319999999999E-003  0.000000000000000E+000
   4.26773856000000       0.134466900000000       8.820000000000002E-006
  3.624624000000001E-002  0.000000000000000E+000  0.000000000000000E+000
  0.000000000000000E+000  0.000000000000000E+000  0.000000000000000E+000
  0.000000000000000E+000  0.000000000000000E+000  0.000000000000000E+000
  0.000000000000000E+000  0.000000000000000E+000  0.000000000000000E+000
  0.000000000000000E+000  0.000000000000000E+000  0.000000000000000E+000
  3.312000000000000E-005  0.000000000000000E+000  0.000000000000000E+000
  5.280000000000000E-006  0.000000000000000E+000  0.000000000000000E+000
  3.397200000000000E-004  0.000000000000000E+000  0.000000000000000E+000
  9.454440000000001E-003  0.000000000000000E+000  0.000000000000000E+000
  0.615235680000000       3.213799999999999E-003  0.000000000000000E+000
   1.65200424000000       2.180956000000001E-002  4.640000000000000E-006
  2.760000000000000E-006  0.000000000000000E+000  0.000000000000000E+000
  0.000000000000000E+000  0.000000000000000E+000  0.000000000000000E+000
  0.000000000000000E+000  0.000000000000000E+000  0.000000000000000E+000
  0.000000000000000E+000  0.000000000000000E+000  0.000000000000000E+000
  0.000000000000000E+000  0.000000000000000E+000  0.000000000000000E+000
  0.000000000000000E+000  0.000000000000000E+000  0.000000000000000E+000
  0.000000000000000E+000  0.000000000000000E+000  0.000000000000000E+000
  0.000000000000000E+000  0.000000000000000E+000  0.000000000000000E+000
  1.739400000000001E-002  0.000000000000000E+000  0.000000000000000E+000
   2.76972204000000       5.829189999999998E-002  2.800000000000000E-007
  3.907560000000000E-003  0.000000000000000E+000  0.000000000000000E+000
  0.000000000000000E+000  0.000000000000000E+000  0.000000000000000E+000
  0.000000000000000E+000  0.000000000000000E+000  0.000000000000000E+000
  0.119962320000000       0.000000000000000E+000  0.000000000000000E+000
  0.000000000000000E+000  0.000000000000000E+000  0.000000000000000E+000
  0.101041560000000       0.000000000000000E+000  0.000000000000000E+000
  1.152000000000000E-005  0.000000000000000E+000  0.000000000000000E+000
  0.107863440000000       0.000000000000000E+000  0.000000000000000E+000
  0.000000000000000E+000  0.000000000000000E+000  0.000000000000000E+000
  0.000000000000000E+000  0.000000000000000E+000  0.000000000000000E+000
  0.000000000000000E+000  0.000000000000000E+000  0.000000000000000E+000
  0.000000000000000E+000  0.000000000000000E+000  0.000000000000000E+000
   3.31224144000000       9.328400000000001E-003  0.000000000000000E+000
   3.46235700000000       1.708404000000000E-002  3.400000000000000E-007
   3.29853240000000       6.054820000000000E-003  0.000000000000000E+000
   1.58984940000000       2.148120000000000E-003  0.000000000000000E+000
   1.17064596000000       0.000000000000000E+000  0.000000000000000E+000
  0.269141280000000       0.000000000000000E+000  0.000000000000000E+000
  6.842603999999999E-002  0.000000000000000E+000  0.000000000000000E+000
  0.119898000000000       0.000000000000000E+000  0.000000000000000E+000
  0.000000000000000E+000  0.000000000000000E+000  0.000000000000000E+000
  0.000000000000000E+000  0.000000000000000E+000  0.000000000000000E+000
   3.04803300000000       5.898486000000001E-002  0.000000000000000E+000
   3.15504948000000       7.518812000000001E-002  0.000000000000000E+000
   3.69383544000000       8.971097999999998E-002  1.960000000000000E-006
   4.76500824000000       0.141689560000000       3.200000000000000E-007
   7.90481304000000       0.315380060000000       6.240000000000000E-006
   8.20346796000000       0.217595120000000       6.860000000000000E-006
  0.450294480000000       2.660000000000000E-006  0.000000000000000E+000
  0.000000000000000E+000  0.000000000000000E+000  0.000000000000000E+000
  0.000000000000000E+000  0.000000000000000E+000  0.000000000000000E+000
  0.000000000000000E+000  0.000000000000000E+000  0.000000000000000E+000
  3.017879999999999E-003  0.000000000000000E+000  0.000000000000000E+000
  1.024776000000000E-002  0.000000000000000E+000  0.000000000000000E+000
  7.625880000000001E-003  0.000000000000000E+000  0.000000000000000E+000
  2.383320000000000E-002  1.751200000000000E-004  0.000000000000000E+000
  0.103166400000000       1.220000000000000E-006  0.000000000000000E+000
   1.31887620000000       1.576222000000000E-002  0.000000000000000E+000
   7.66611708000000       0.255227620000000       7.340000000000001E-006
  9.119999999999999E-005  0.000000000000000E+000  0.000000000000000E+000
  0.000000000000000E+000  0.000000000000000E+000  0.000000000000000E+000
  0.000000000000000E+000  0.000000000000000E+000  0.000000000000000E+000
  0.000000000000000E+000  0.000000000000000E+000  0.000000000000000E+000
  0.000000000000000E+000  0.000000000000000E+000  0.000000000000000E+000
  0.000000000000000E+000  0.000000000000000E+000  0.000000000000000E+000
  6.000000000000000E-007  0.000000000000000E+000  0.000000000000000E+000
  5.532000000000000E-004  0.000000000000000E+000  0.000000000000000E+000
  1.122708000000000E-002  0.000000000000000E+000  0.000000000000000E+000
   1.90911516000000       3.396152000000000E-002  5.199999999999999E-006
  0.487445040000000       7.650000000000000E-005  0.000000000000000E+000
  1.383600000000000E-004  0.000000000000000E+000  0.000000000000000E+000
  0.000000000000000E+000  0.000000000000000E+000  0.000000000000000E+000
  9.502800000000000E-004  0.000000000000000E+000  0.000000000000000E+000
  0.000000000000000E+000  0.000000000000000E+000  0.000000000000000E+000
  0.000000000000000E+000  0.000000000000000E+000  0.000000000000000E+000
  0.119997600000000       0.000000000000000E+000  0.000000000000000E+000
  0.000000000000000E+000  0.000000000000000E+000  0.000000000000000E+000
  0.000000000000000E+000  0.000000000000000E+000  0.000000000000000E+000
  0.000000000000000E+000  0.000000000000000E+000  0.000000000000000E+000
  0.120000000000000       0.000000000000000E+000  0.000000000000000E+000
  0.000000000000000E+000  0.000000000000000E+000  0.000000000000000E+000
  0.000000000000000E+000  0.000000000000000E+000  0.000000000000000E+000
   2.36313816000000       0.000000000000000E+000  0.000000000000000E+000
   1.54753944000000       0.000000000000000E+000  0.000000000000000E+000
   1.96494696000000       0.000000000000000E+000  0.000000000000000E+000
   1.00485744000000       1.031900000000000E-003  0.000000000000000E+000
  0.381368760000000       0.000000000000000E+000  0.000000000000000E+000
  0.148122480000000       0.000000000000000E+000  0.000000000000000E+000
  0.000000000000000E+000  0.000000000000000E+000  0.000000000000000E+000
  0.000000000000000E+000  0.000000000000000E+000  0.000000000000000E+000
  0.000000000000000E+000  0.000000000000000E+000  0.000000000000000E+000
  0.000000000000000E+000  0.000000000000000E+000  0.000000000000000E+000
   16.6121959200000       0.180805660000000       6.400000000000000E-007
   15.2535206400000       0.169394700000000       2.600000000000000E-007
   15.4727242800000       0.156470840000000       0.000000000000000E+000
   12.4880451600000       0.100264420000000       6.960000000000000E-006
   7.63133424000000       4.058670000000000E-002  2.800000000000000E-007
   2.54817660000000       0.000000000000000E+000  0.000000000000000E+000
  0.455010000000000       0.000000000000000E+000  0.000000000000000E+000
  3.720000000000000E-006  0.000000000000000E+000  0.000000000000000E+000
  0.000000000000000E+000  0.000000000000000E+000  0.000000000000000E+000
  0.000000000000000E+000  0.000000000000000E+000  0.000000000000000E+000
   1.21636296000000       1.339966000000000E-002  0.000000000000000E+000
   1.21890876000000       4.515240000000000E-003  0.000000000000000E+000
   1.63018872000000       9.145740000000001E-003  0.000000000000000E+000
   2.51722488000000       2.406842000000000E-002  0.000000000000000E+000
   7.15940664000000       0.177068760000000       0.000000000000000E+000
   13.3523200800000       0.277260160000000       7.799999999999999E-007
   1.46551176000000       0.000000000000000E+000  0.000000000000000E+000
  0.000000000000000E+000  0.000000000000000E+000  0.000000000000000E+000
  0.000000000000000E+000  0.000000000000000E+000  0.000000000000000E+000
  0.000000000000000E+000  0.000000000000000E+000  0.000000000000000E+000
  2.012640000000000E-003  0.000000000000000E+000  0.000000000000000E+000
  3.269400000000000E-003  0.000000000000000E+000  0.000000000000000E+000
  8.580239999999999E-003  0.000000000000000E+000  0.000000000000000E+000
  7.305599999999999E-003  0.000000000000000E+000  0.000000000000000E+000
  6.973835999999999E-002  0.000000000000000E+000  0.000000000000000E+000
   1.66312308000000       2.329774000000000E-002  0.000000000000000E+000
   9.78582216000000       0.198640140000000       0.000000000000000E+000
  0.150071520000000       0.000000000000000E+000  0.000000000000000E+000
  0.000000000000000E+000  0.000000000000000E+000  0.000000000000000E+000
  0.000000000000000E+000  0.000000000000000E+000  0.000000000000000E+000
  0.000000000000000E+000  0.000000000000000E+000  0.000000000000000E+000
  0.117725280000000       0.000000000000000E+000  0.000000000000000E+000
  0.000000000000000E+000  0.000000000000000E+000  0.000000000000000E+000
  7.234560000000000E-003  0.000000000000000E+000  0.000000000000000E+000
  0.000000000000000E+000  0.000000000000000E+000  0.000000000000000E+000
  0.000000000000000E+000  0.000000000000000E+000  0.000000000000000E+000
  0.000000000000000E+000  0.000000000000000E+000  0.000000000000000E+000
  0.000000000000000E+000  0.000000000000000E+000  0.000000000000000E+000
  0.000000000000000E+000  0.000000000000000E+000  0.000000000000000E+000
  0.000000000000000E+000  0.000000000000000E+000  0.000000000000000E+000
   1.94314464000000       0.000000000000000E+000  0.000000000000000E+000
   1.00637160000000       0.000000000000000E+000  0.000000000000000E+000
   1.41325224000000       0.000000000000000E+000  0.000000000000000E+000
  0.735101160000000       0.000000000000000E+000  0.000000000000000E+000
  0.713709240000000       0.000000000000000E+000  0.000000000000000E+000
  0.240000000000000       0.000000000000000E+000  0.000000000000000E+000
  0.000000000000000E+000  0.000000000000000E+000  0.000000000000000E+000
  0.000000000000000E+000  0.000000000000000E+000  0.000000000000000E+000
  0.000000000000000E+000  0.000000000000000E+000  0.000000000000000E+000
  0.000000000000000E+000  0.000000000000000E+000  0.000000000000000E+000
   15.9735092400000       1.078382000000000E-002  0.000000000000000E+000
   13.4942850000000       3.472924000000000E-002  2.280000000000000E-006
   14.4535339200000       5.265720000000001E-003  0.000000000000000E+000
   11.2791956400000       8.261200000000001E-004  3.800000000000000E-007
   6.79040976000000       0.000000000000000E+000  0.000000000000000E+000
   1.12112004000000       0.000000000000000E+000  0.000000000000000E+000
  6.245568000000001E-002  0.000000000000000E+000  0.000000000000000E+000
  0.000000000000000E+000  0.000000000000000E+000  0.000000000000000E+000
  0.000000000000000E+000  0.000000000000000E+000  0.000000000000000E+000
  0.000000000000000E+000  0.000000000000000E+000  0.000000000000000E+000
   15.6288584400000       0.108229940000000       0.000000000000000E+000
   16.0484575200000       0.115999060000000       0.000000000000000E+000
   16.4865632400000       0.109139900000000       5.060000000000001E-006
   19.6160586000000       0.128809280000000       0.000000000000000E+000
   17.1132882000000       8.210456000000001E-002  0.000000000000000E+000
   9.33923796000000       5.968800000000000E-003  0.000000000000000E+000
   1.00125888000000       0.000000000000000E+000  0.000000000000000E+000
  0.227858760000000       0.000000000000000E+000  0.000000000000000E+000
  0.000000000000000E+000  0.000000000000000E+000  0.000000000000000E+000
  5.158680000000000E-003  0.000000000000000E+000  0.000000000000000E+000
  0.267883200000000       4.027200000000000E-004  0.000000000000000E+000
  0.397501320000000       2.000000000000000E-007  0.000000000000000E+000
  0.579717600000000       3.760000000000000E-006  0.000000000000000E+000
   1.07922264000000       3.388540000000000E-003  0.000000000000000E+000
   4.68959760000000       3.982444000000000E-002  0.000000000000000E+000
   15.5059156800000       0.153302680000000       6.320000000000000E-006
   4.07757960000000       0.000000000000000E+000  0.000000000000000E+000
  2.400000000000000E-007  0.000000000000000E+000  0.000000000000000E+000
  0.000000000000000E+000  0.000000000000000E+000  0.000000000000000E+000
  0.000000000000000E+000  0.000000000000000E+000  0.000000000000000E+000
   14.0698140000000       0.000000000000000E+000  0.000000000000000E+000
   11.2117446000000       0.000000000000000E+000  0.000000000000000E+000
   10.1477916000000       0.000000000000000E+000  0.000000000000000E+000
   9.19010496000000       4.000000000000000E-008  0.000000000000000E+000
   5.23449480000000       0.000000000000000E+000  0.000000000000000E+000
   1.54008696000000       0.000000000000000E+000  0.000000000000000E+000
  0.000000000000000E+000  0.000000000000000E+000  0.000000000000000E+000
  0.000000000000000E+000  0.000000000000000E+000  0.000000000000000E+000
  0.000000000000000E+000  0.000000000000000E+000  0.000000000000000E+000
  0.000000000000000E+000  0.000000000000000E+000  0.000000000000000E+000
   20.8691250000000       2.204312000000000E-002  0.000000000000000E+000
   22.6056878400000       2.089854000000000E-002  0.000000000000000E+000
   21.5185336800000       1.483758000000000E-002  0.000000000000000E+000
   22.4672824800000       8.563999999999999E-003  0.000000000000000E+000
   16.4227746000000       2.007746000000001E-002  1.740000000000000E-006
   7.53142620000000       0.000000000000000E+000  0.000000000000000E+000
  0.820032480000000       0.000000000000000E+000  0.000000000000000E+000
  0.120000000000000       0.000000000000000E+000  0.000000000000000E+000
  0.000000000000000E+000  0.000000000000000E+000  0.000000000000000E+000
  0.000000000000000E+000  0.000000000000000E+000  0.000000000000000E+000
   7.79667648000000       2.555352000000000E-002  0.000000000000000E+000
   9.29254392000000       5.852420000000001E-003  0.000000000000000E+000
   8.73959616000000       8.592499999999999E-003  0.000000000000000E+000
   14.9277777600000       1.877666000000000E-002  0.000000000000000E+000
   21.1764201600000       5.126327999999999E-002  0.000000000000000E+000
   15.2828724000000       4.267624000000000E-002  0.000000000000000E+000
   2.43211308000000       0.000000000000000E+000  0.000000000000000E+000
  0.000000000000000E+000  0.000000000000000E+000  0.000000000000000E+000
  0.120000000000000       0.000000000000000E+000  0.000000000000000E+000
  9.815952000000000E-002  0.000000000000000E+000  0.000000000000000E+000
   14.8763142000000       8.198840000000001E-003  0.000000000000000E+000
   16.9348790400000       6.126420000000000E-003  0.000000000000000E+000
   17.0143586400000       5.235380000000000E-003  0.000000000000000E+000
   19.7369686800000       7.050099999999999E-003  0.000000000000000E+000
   17.5347110400000       1.078270000000000E-002  0.000000000000000E+000
   12.5034170400000       1.670826000000000E-002  0.000000000000000E+000
   2.35188852000000       0.000000000000000E+000  0.000000000000000E+000
  0.120000000000000       0.000000000000000E+000  0.000000000000000E+000
  2.219604000000000E-002  0.000000000000000E+000  0.000000000000000E+000
  0.000000000000000E+000  0.000000000000000E+000  0.000000000000000E+000
