  0.413832360000000       1.618920000000000E-003  3.400000000000000E-007
  0.410028000000000       1.537940000000000E-003  2.600000000000000E-007
  0.403929480000000       1.320720000000000E-003  0.000000000000000E+000
  0.479873040000000       1.765500000000000E-003  5.120000000000000E-006
  0.520286640000000       2.426380000000000E-003  4.000000000000000E-007
  0.662171280000000       3.334740000000001E-003  5.780000000000000E-006
  0.738473520000000       4.302739999999999E-003  1.140000000000000E-006
  0.416629920000000       1.658600000000000E-003  2.400000000000000E-006
  6.314976000000001E-002  4.708000000000000E-005  0.000000000000000E+000
  5.063783999999998E-002  2.548000000000000E-005  0.000000000000000E+000
  4.108800000000000E-004  0.000000000000000E+000  0.000000000000000E+000
  5.863200000000000E-004  0.000000000000000E+000  0.000000000000000E+000
  8.110800000000000E-004  0.000000000000000E+000  0.000000000000000E+000
  8.060399999999999E-004  0.000000000000000E+000  0.000000000000000E+000
  1.399440000000001E-003  0.000000000000000E+000  0.000000000000000E+000
  6.216840000000000E-003  0.000000000000000E+000  0.000000000000000E+000
  4.516824000000001E-002  2.840000000000000E-005  0.000000000000000E+000
  0.316429200000000       7.603999999999997E-004  0.000000000000000E+000
  0.677825520000000       3.253940000000001E-003  1.220000000000000E-006
  4.503360000000000E-002  4.036000000000001E-005  0.000000000000000E+000
  0.000000000000000E+000  0.000000000000000E+000  0.000000000000000E+000
  0.000000000000000E+000  0.000000000000000E+000  0.000000000000000E+000
  0.000000000000000E+000  0.000000000000000E+000  0.000000000000000E+000
  0.000000000000000E+000  0.000000000000000E+000  0.000000000000000E+000
  0.000000000000000E+000  0.000000000000000E+000  0.000000000000000E+000
  1.020000000000000E-005  0.000000000000000E+000  0.000000000000000E+000
  1.033560000000000E-003  0.000000000000000E+000  0.000000000000000E+000
  4.014419999999999E-002  1.372000000000000E-005  0.000000000000000E+000
  0.437174400000000       1.710860000000000E-003  9.799999999999999E-007
  0.110817120000000       2.076400000000000E-004  0.000000000000000E+000
  0.000000000000000E+000  0.000000000000000E+000  0.000000000000000E+000
  0.000000000000000E+000  0.000000000000000E+000  0.000000000000000E+000
  0.000000000000000E+000  0.000000000000000E+000  0.000000000000000E+000
  0.000000000000000E+000  0.000000000000000E+000  0.000000000000000E+000
  0.000000000000000E+000  0.000000000000000E+000  0.000000000000000E+000
  0.000000000000000E+000  0.000000000000000E+000  0.000000000000000E+000
  0.000000000000000E+000  0.000000000000000E+000  0.000000000000000E+000
  3.224159999999999E-003  0.000000000000000E+000  0.000000000000000E+000
  0.208921080000000       2.826400000000000E-004  4.000000000000000E-008
  0.280211160000000       9.817600000000001E-004  2.980000000000000E-006
  0.000000000000000E+000  0.000000000000000E+000  0.000000000000000E+000
  0.000000000000000E+000  0.000000000000000E+000  0.000000000000000E+000
  0.000000000000000E+000  0.000000000000000E+000  0.000000000000000E+000
  0.000000000000000E+000  0.000000000000000E+000  0.000000000000000E+000
  0.000000000000000E+000  0.000000000000000E+000  0.000000000000000E+000
  0.000000000000000E+000  0.000000000000000E+000  0.000000000000000E+000
  0.000000000000000E+000  0.000000000000000E+000  0.000000000000000E+000
  3.244800000000000E-004  0.000000000000000E+000  0.000000000000000E+000
  7.360860000000001E-002  3.458000000000000E-005  2.000000000000000E-008
  0.511237560000000       2.111219999999999E-003  2.480000000000000E-006
   1.28084136000000       1.166974000000000E-002  3.820000000000000E-006
   1.20991056000000       1.031142000000000E-002  1.600000000000000E-007
   1.11233976000000       8.554560000000003E-003  7.000000000000001E-007
  0.732643440000000       2.850700000000000E-003  0.000000000000000E+000
  0.442977240000000       9.939000000000000E-004  0.000000000000000E+000
  0.119036160000000       0.000000000000000E+000  0.000000000000000E+000
  9.958080000000001E-003  0.000000000000000E+000  0.000000000000000E+000
  2.160000000000000E-006  0.000000000000000E+000  0.000000000000000E+000
  0.000000000000000E+000  0.000000000000000E+000  0.000000000000000E+000
  0.000000000000000E+000  0.000000000000000E+000  0.000000000000000E+000
  0.125413920000000       7.484000000000001E-005  0.000000000000000E+000
  0.106298160000000       1.527600000000000E-004  0.000000000000000E+000
  0.122457960000000       1.465400000000000E-004  0.000000000000000E+000
  0.186101760000000       5.214000000000000E-004  0.000000000000000E+000
  0.309877800000000       8.359399999999999E-004  0.000000000000000E+000
  0.806869200000000       5.910280000000000E-003  2.000000000000000E-008
   1.96363140000000       3.133364000000000E-002  1.520000000000000E-005
  0.180443880000000       6.625800000000001E-004  0.000000000000000E+000
  0.000000000000000E+000  0.000000000000000E+000  0.000000000000000E+000
  0.000000000000000E+000  0.000000000000000E+000  0.000000000000000E+000
  7.680000000000001E-006  0.000000000000000E+000  0.000000000000000E+000
  5.316000000000001E-005  0.000000000000000E+000  0.000000000000000E+000
  2.436000000000000E-004  0.000000000000000E+000  0.000000000000000E+000
  1.203360000000000E-003  0.000000000000000E+000  0.000000000000000E+000
  5.853600000000000E-004  0.000000000000000E+000  0.000000000000000E+000
  5.848679999999998E-003  0.000000000000000E+000  0.000000000000000E+000
  0.168223440000000       1.855200000000000E-004  0.000000000000000E+000
   1.50539628000000       1.751262000000000E-002  4.239999999999999E-006
  1.020216000000000E-002  0.000000000000000E+000  0.000000000000000E+000
  0.000000000000000E+000  0.000000000000000E+000  0.000000000000000E+000
  0.000000000000000E+000  0.000000000000000E+000  0.000000000000000E+000
  0.000000000000000E+000  0.000000000000000E+000  0.000000000000000E+000
  0.000000000000000E+000  0.000000000000000E+000  0.000000000000000E+000
  0.000000000000000E+000  0.000000000000000E+000  0.000000000000000E+000
  0.000000000000000E+000  0.000000000000000E+000  0.000000000000000E+000
  0.000000000000000E+000  0.000000000000000E+000  0.000000000000000E+000
  4.230240000000001E-003  0.000000000000000E+000  0.000000000000000E+000
  0.430992240000000       1.483880000000000E-003  0.000000000000000E+000
  7.856484000000002E-002  7.866000000000000E-005  0.000000000000000E+000
  6.853200000000000E-004  0.000000000000000E+000  0.000000000000000E+000
  0.000000000000000E+000  0.000000000000000E+000  0.000000000000000E+000
  0.000000000000000E+000  0.000000000000000E+000  0.000000000000000E+000
  0.000000000000000E+000  0.000000000000000E+000  0.000000000000000E+000
  0.000000000000000E+000  0.000000000000000E+000  0.000000000000000E+000
  0.000000000000000E+000  0.000000000000000E+000  0.000000000000000E+000
  0.000000000000000E+000  0.000000000000000E+000  0.000000000000000E+000
  4.068000000000000E-005  0.000000000000000E+000  0.000000000000000E+000
  5.657447999999999E-002  2.284000000000000E-005  0.000000000000000E+000
  0.616833480000000       3.884920000000000E-003  6.200000000000000E-007
  1.319160000000000E-003  0.000000000000000E+000  0.000000000000000E+000
  6.140436000000001E-002  0.000000000000000E+000  0.000000000000000E+000
  6.402096000000000E-002  0.000000000000000E+000  0.000000000000000E+000
  1.494324000000000E-002  0.000000000000000E+000  0.000000000000000E+000
  3.360000000000000E-006  0.000000000000000E+000  0.000000000000000E+000
  0.000000000000000E+000  0.000000000000000E+000  0.000000000000000E+000
  9.298800000000000E-004  0.000000000000000E+000  0.000000000000000E+000
  1.092000000000000E-005  0.000000000000000E+000  0.000000000000000E+000
  0.000000000000000E+000  0.000000000000000E+000  0.000000000000000E+000
  1.764552000000000E-002  0.000000000000000E+000  0.000000000000000E+000
  0.000000000000000E+000  0.000000000000000E+000  0.000000000000000E+000
   5.49598800000000       0.227824000000000       3.720000000000000E-006
   5.52574908000000       0.234222400000000       2.260000000000000E-006
   5.73375660000000       0.221036360000000       6.720000000000001E-006
   6.01225332000000       0.252404400000000       5.800000000000000E-006
   6.04729380000000       0.229613000000000       3.300000000000000E-006
   3.19770408000000       5.386270000000001E-002  1.206000000000000E-005
  0.176079480000000       5.825000000000000E-004  0.000000000000000E+000
  0.000000000000000E+000  0.000000000000000E+000  0.000000000000000E+000
  1.110000000000000E-004  0.000000000000000E+000  0.000000000000000E+000
  4.143144000000001E-002  0.000000000000000E+000  0.000000000000000E+000
  4.114992000000000E-002  0.000000000000000E+000  0.000000000000000E+000
  2.065008000000000E-002  1.000000000000000E-007  0.000000000000000E+000
  3.249492000000000E-002  0.000000000000000E+000  0.000000000000000E+000
  6.435864000000001E-002  3.940000000000000E-006  0.000000000000000E+000
  0.184521120000000       9.586000000000001E-005  0.000000000000000E+000
   1.09509300000000       1.024150000000000E-002  0.000000000000000E+000
   4.17725160000000       0.129083400000000       1.184000000000000E-005
  4.966932000000001E-002  0.000000000000000E+000  0.000000000000000E+000
  0.000000000000000E+000  0.000000000000000E+000  0.000000000000000E+000
  1.200000000000000E-007  0.000000000000000E+000  0.000000000000000E+000
  0.000000000000000E+000  0.000000000000000E+000  0.000000000000000E+000
  0.000000000000000E+000  0.000000000000000E+000  0.000000000000000E+000
  0.000000000000000E+000  0.000000000000000E+000  0.000000000000000E+000
  2.857200000000000E-004  0.000000000000000E+000  0.000000000000000E+000
  1.882800000000000E-004  0.000000000000000E+000  0.000000000000000E+000
  1.242612000000000E-002  0.000000000000000E+000  0.000000000000000E+000
  0.532275360000000       2.133600000000000E-003  0.000000000000000E+000
   1.70506488000000       1.834858000000000E-002  5.559999999999999E-006
  0.000000000000000E+000  0.000000000000000E+000  0.000000000000000E+000
  0.000000000000000E+000  0.000000000000000E+000  0.000000000000000E+000
  0.000000000000000E+000  0.000000000000000E+000  0.000000000000000E+000
  0.000000000000000E+000  0.000000000000000E+000  0.000000000000000E+000
  0.000000000000000E+000  0.000000000000000E+000  0.000000000000000E+000
  0.000000000000000E+000  0.000000000000000E+000  0.000000000000000E+000
  0.000000000000000E+000  0.000000000000000E+000  0.000000000000000E+000
  0.000000000000000E+000  0.000000000000000E+000  0.000000000000000E+000
  1.361016000000000E-002  0.000000000000000E+000  0.000000000000000E+000
   2.56499064000000       5.542108000000000E-002  6.080000000000000E-006
  3.292680000000000E-003  0.000000000000000E+000  0.000000000000000E+000
  0.000000000000000E+000  0.000000000000000E+000  0.000000000000000E+000
  9.332615999999999E-002  0.000000000000000E+000  0.000000000000000E+000
  5.192400000000000E-002  0.000000000000000E+000  0.000000000000000E+000
  0.000000000000000E+000  0.000000000000000E+000  0.000000000000000E+000
  2.575200000000000E-004  0.000000000000000E+000  0.000000000000000E+000
  0.181976400000000       0.000000000000000E+000  0.000000000000000E+000
  5.861532000000001E-002  0.000000000000000E+000  0.000000000000000E+000
  1.560000000000000E-006  0.000000000000000E+000  0.000000000000000E+000
  7.200000000000000E-007  0.000000000000000E+000  0.000000000000000E+000
  2.102064000000000E-002  0.000000000000000E+000  0.000000000000000E+000
  0.000000000000000E+000  0.000000000000000E+000  0.000000000000000E+000
   3.56210460000000       1.475846000000000E-002  0.000000000000000E+000
   2.99456100000000       1.147668000000000E-002  3.600000000000000E-007
   2.59485576000000       9.953440000000001E-003  0.000000000000000E+000
   1.92530892000000       1.221738000000000E-002  0.000000000000000E+000
  0.764205360000000       1.979120000000000E-003  0.000000000000000E+000
  0.180574560000000       0.000000000000000E+000  0.000000000000000E+000
  5.989752000000000E-002  0.000000000000000E+000  0.000000000000000E+000
  9.564000000000000E-005  0.000000000000000E+000  0.000000000000000E+000
  0.000000000000000E+000  0.000000000000000E+000  0.000000000000000E+000
  0.000000000000000E+000  0.000000000000000E+000  0.000000000000000E+000
   2.98004376000000       6.395232000000001E-002  0.000000000000000E+000
   2.87282424000000       5.717809999999998E-002  0.000000000000000E+000
   3.49039860000000       7.731866000000003E-002  1.100000000000000E-006
   4.86894432000000       0.151946160000000       0.000000000000000E+000
   8.15584140000000       0.334677180000000       3.340000000000000E-006
   8.32783572000000       0.228192640000000       7.540000000000000E-006
  0.503095320000000       0.000000000000000E+000  0.000000000000000E+000
  0.000000000000000E+000  0.000000000000000E+000  0.000000000000000E+000
  0.000000000000000E+000  0.000000000000000E+000  0.000000000000000E+000
  0.000000000000000E+000  0.000000000000000E+000  0.000000000000000E+000
  5.176320000000000E-003  0.000000000000000E+000  0.000000000000000E+000
  7.662599999999997E-003  0.000000000000000E+000  0.000000000000000E+000
  1.097844000000000E-002  0.000000000000000E+000  0.000000000000000E+000
  1.921284000000000E-002  0.000000000000000E+000  0.000000000000000E+000
  0.121219200000000       1.460200000000000E-004  0.000000000000000E+000
   1.30741044000000       1.347720000000000E-002  0.000000000000000E+000
   7.08171996000000       0.220877420000000       1.248000000000000E-005
  2.695188000000000E-002  0.000000000000000E+000  0.000000000000000E+000
  0.000000000000000E+000  0.000000000000000E+000  0.000000000000000E+000
  0.000000000000000E+000  0.000000000000000E+000  0.000000000000000E+000
  0.000000000000000E+000  0.000000000000000E+000  0.000000000000000E+000
  0.000000000000000E+000  0.000000000000000E+000  0.000000000000000E+000
  0.000000000000000E+000  0.000000000000000E+000  0.000000000000000E+000
  0.000000000000000E+000  0.000000000000000E+000  0.000000000000000E+000
  0.000000000000000E+000  0.000000000000000E+000  0.000000000000000E+000
  7.749720000000000E-003  0.000000000000000E+000  0.000000000000000E+000
   1.80430512000000       2.652248000000000E-002  0.000000000000000E+000
  0.270276240000000       1.224480000000000E-003  0.000000000000000E+000
  0.000000000000000E+000  0.000000000000000E+000  0.000000000000000E+000
  9.948000000000000E-005  0.000000000000000E+000  0.000000000000000E+000
  0.000000000000000E+000  0.000000000000000E+000  0.000000000000000E+000
  8.769564000000001E-002  0.000000000000000E+000  0.000000000000000E+000
  0.000000000000000E+000  0.000000000000000E+000  0.000000000000000E+000
  0.000000000000000E+000  0.000000000000000E+000  0.000000000000000E+000
  0.178633560000000       0.000000000000000E+000  0.000000000000000E+000
  5.432724000000001E-002  0.000000000000000E+000  0.000000000000000E+000
  0.000000000000000E+000  0.000000000000000E+000  0.000000000000000E+000
  0.000000000000000E+000  0.000000000000000E+000  0.000000000000000E+000
  0.000000000000000E+000  0.000000000000000E+000  0.000000000000000E+000
  0.120000000000000       0.000000000000000E+000  0.000000000000000E+000
   1.75891452000000       0.000000000000000E+000  0.000000000000000E+000
   2.19512472000000       6.200000000000000E-007  6.200000000000000E-007
   1.96371552000000       0.000000000000000E+000  0.000000000000000E+000
   1.33913292000000       0.000000000000000E+000  0.000000000000000E+000
   1.05136704000000       0.000000000000000E+000  0.000000000000000E+000
  4.445244000000000E-002  0.000000000000000E+000  0.000000000000000E+000
  0.119987520000000       0.000000000000000E+000  0.000000000000000E+000
  3.602820000000000E-002  0.000000000000000E+000  0.000000000000000E+000
  0.000000000000000E+000  0.000000000000000E+000  0.000000000000000E+000
  0.000000000000000E+000  0.000000000000000E+000  0.000000000000000E+000
   15.0698450400000       0.164233540000000       7.200000000000000E-007
   15.5789148000000       0.188607860000000       1.520000000000000E-006
   15.3383781600000       0.109063860000000       0.000000000000000E+000
   13.7990268000000       0.126212020000000       0.000000000000000E+000
   7.25665356000000       1.973064000000000E-002  0.000000000000000E+000
   1.80306396000000       3.076660000000000E-003  0.000000000000000E+000
  0.222810360000000       0.000000000000000E+000  0.000000000000000E+000
  5.640000000000000E-006  0.000000000000000E+000  0.000000000000000E+000
  0.000000000000000E+000  0.000000000000000E+000  0.000000000000000E+000
  0.000000000000000E+000  0.000000000000000E+000  0.000000000000000E+000
  0.895780320000000       5.134580000000000E-003  0.000000000000000E+000
   1.25628084000000       4.267780000000001E-003  0.000000000000000E+000
   1.68032904000000       1.322124000000000E-002  8.180000000000000E-006
   2.43384156000000       2.209058000000001E-002  0.000000000000000E+000
   5.99019744000000       0.130390400000000       4.260000000000000E-006
   13.8450148800000       0.277672120000000       4.000000000000000E-008
   1.08881916000000       2.560000000000000E-006  0.000000000000000E+000
  3.565980000000000E-002  0.000000000000000E+000  0.000000000000000E+000
  0.000000000000000E+000  0.000000000000000E+000  0.000000000000000E+000
  0.000000000000000E+000  0.000000000000000E+000  0.000000000000000E+000
  1.911240000000000E-003  0.000000000000000E+000  0.000000000000000E+000
  8.598000000000000E-004  0.000000000000000E+000  0.000000000000000E+000
  5.368320000000001E-003  0.000000000000000E+000  0.000000000000000E+000
  7.525800000000000E-003  0.000000000000000E+000  0.000000000000000E+000
  7.365864000000000E-002  0.000000000000000E+000  0.000000000000000E+000
   1.63847724000000       1.685512000000000E-002  0.000000000000000E+000
   9.23482332000000       0.165053660000000       1.940000000000000E-006
  1.903320000000000E-002  0.000000000000000E+000  0.000000000000000E+000
  0.000000000000000E+000  0.000000000000000E+000  0.000000000000000E+000
  0.000000000000000E+000  0.000000000000000E+000  0.000000000000000E+000
  0.000000000000000E+000  0.000000000000000E+000  0.000000000000000E+000
  0.360000000000000       0.000000000000000E+000  0.000000000000000E+000
  1.875300000000000E-002  0.000000000000000E+000  0.000000000000000E+000
  0.000000000000000E+000  0.000000000000000E+000  0.000000000000000E+000
  0.117659520000000       0.000000000000000E+000  0.000000000000000E+000
  0.000000000000000E+000  0.000000000000000E+000  0.000000000000000E+000
  0.000000000000000E+000  0.000000000000000E+000  0.000000000000000E+000
  0.000000000000000E+000  0.000000000000000E+000  0.000000000000000E+000
  0.000000000000000E+000  0.000000000000000E+000  0.000000000000000E+000
  0.000000000000000E+000  0.000000000000000E+000  0.000000000000000E+000
   1.34593140000000       0.000000000000000E+000  0.000000000000000E+000
  0.748158480000000       0.000000000000000E+000  0.000000000000000E+000
   1.60446480000000       0.000000000000000E+000  0.000000000000000E+000
   1.01519964000000       0.000000000000000E+000  0.000000000000000E+000
  0.770855040000000       0.000000000000000E+000  0.000000000000000E+000
  0.115693560000000       0.000000000000000E+000  0.000000000000000E+000
  0.119223240000000       0.000000000000000E+000  0.000000000000000E+000
  0.000000000000000E+000  0.000000000000000E+000  0.000000000000000E+000
  0.000000000000000E+000  0.000000000000000E+000  0.000000000000000E+000
  0.000000000000000E+000  0.000000000000000E+000  0.000000000000000E+000
   15.5969083200000       2.860206000000000E-002  0.000000000000000E+000
   12.9001738800000       2.338287999999999E-002  0.000000000000000E+000
   9.96073944000000       1.373410000000000E-002  0.000000000000000E+000
   9.96336372000000       9.252020000000000E-003  0.000000000000000E+000
   5.21709720000000       1.737288000000000E-002  0.000000000000000E+000
   1.73563080000000       0.000000000000000E+000  0.000000000000000E+000
  0.132094680000000       0.000000000000000E+000  0.000000000000000E+000
  0.000000000000000E+000  0.000000000000000E+000  0.000000000000000E+000
  4.277712000000000E-002  0.000000000000000E+000  0.000000000000000E+000
  0.000000000000000E+000  0.000000000000000E+000  0.000000000000000E+000
   16.0789182000000       0.126848220000000       0.000000000000000E+000
   16.4779498800000       0.158130540000000       0.000000000000000E+000
   17.3922961200000       9.349489999999999E-002  0.000000000000000E+000
   16.8574744800000       9.167483999999999E-002  0.000000000000000E+000
   17.6431940400000       8.664869999999998E-002  9.740000000000000E-006
   10.2983078400000       1.072214000000000E-002  2.000000000000000E-008
   1.09441704000000       0.000000000000000E+000  0.000000000000000E+000
  0.000000000000000E+000  0.000000000000000E+000  0.000000000000000E+000
  0.000000000000000E+000  0.000000000000000E+000  0.000000000000000E+000
  0.000000000000000E+000  0.000000000000000E+000  0.000000000000000E+000
  0.284606760000000       6.499400000000000E-004  0.000000000000000E+000
  0.437926920000000       4.326600000000001E-004  0.000000000000000E+000
  0.638694480000000       7.391000000000000E-004  0.000000000000000E+000
   1.12307760000000       5.953800000000000E-003  0.000000000000000E+000
   4.51491624000000       3.055330000000000E-002  0.000000000000000E+000
   17.4115194000000       0.206388500000000       1.400000000000000E-007
   3.86697168000000       0.000000000000000E+000  0.000000000000000E+000
  0.291407160000000       0.000000000000000E+000  0.000000000000000E+000
  0.000000000000000E+000  0.000000000000000E+000  0.000000000000000E+000
  0.000000000000000E+000  0.000000000000000E+000  0.000000000000000E+000
   11.7588058800000       7.900120000000000E-003  0.000000000000000E+000
   11.8790384400000       0.000000000000000E+000  0.000000000000000E+000
   10.8615390000000       1.878000000000000E-005  3.959999999999999E-006
   9.05069508000000       0.000000000000000E+000  0.000000000000000E+000
   4.77645492000000       0.000000000000000E+000  0.000000000000000E+000
   1.41725544000000       0.000000000000000E+000  0.000000000000000E+000
  2.275728000000000E-002  0.000000000000000E+000  0.000000000000000E+000
  0.120000000000000       0.000000000000000E+000  0.000000000000000E+000
  0.000000000000000E+000  0.000000000000000E+000  0.000000000000000E+000
  0.000000000000000E+000  0.000000000000000E+000  0.000000000000000E+000
   20.5921980000000       1.385054000000000E-002  0.000000000000000E+000
   23.1559147200000       2.834760000000000E-002  0.000000000000000E+000
   21.8471400000000       1.729320000000000E-002  0.000000000000000E+000
   22.0118390400000       3.736362000000001E-002  0.000000000000000E+000
   15.8609701200000       6.569480000000001E-003  0.000000000000000E+000
   8.97985068000000       4.537220000000000E-003  0.000000000000000E+000
  0.181382400000000       0.000000000000000E+000  0.000000000000000E+000
  0.000000000000000E+000  0.000000000000000E+000  0.000000000000000E+000
  0.000000000000000E+000  0.000000000000000E+000  0.000000000000000E+000
  0.000000000000000E+000  0.000000000000000E+000  0.000000000000000E+000
   8.46255480000000       3.948700000000000E-003  0.000000000000000E+000
   9.14442384000000       1.636798000000000E-002  0.000000000000000E+000
   9.68302164000000       3.352896000000000E-002  0.000000000000000E+000
   14.0747292000000       4.761038000000000E-002  0.000000000000000E+000
   20.1750540000000       4.999518000000000E-002  5.340000000000000E-006
   16.5240481200000       1.133566000000000E-002  0.000000000000000E+000
   3.48109548000000       0.000000000000000E+000  0.000000000000000E+000
  0.000000000000000E+000  0.000000000000000E+000  0.000000000000000E+000
  0.000000000000000E+000  0.000000000000000E+000  0.000000000000000E+000
  0.000000000000000E+000  0.000000000000000E+000  0.000000000000000E+000
   16.8817608000000       5.905580000000001E-003  0.000000000000000E+000
   15.8000088000000       5.096800000000000E-004  0.000000000000000E+000
   16.2314056800000       7.201940000000001E-003  0.000000000000000E+000
   19.4890718400000       0.000000000000000E+000  0.000000000000000E+000
   20.9489100000000       1.580324000000000E-002  0.000000000000000E+000
   13.8659432400000       7.487200000000000E-004  0.000000000000000E+000
   3.07219200000000       0.000000000000000E+000  0.000000000000000E+000
  0.120000000000000       0.000000000000000E+000  0.000000000000000E+000
  0.000000000000000E+000  0.000000000000000E+000  0.000000000000000E+000
  0.000000000000000E+000  0.000000000000000E+000  0.000000000000000E+000
