  6.800795999999999E-002  5.852000000000000E-005  0.000000000000000E+000
  6.696336000000000E-002  3.544000000000000E-005  0.000000000000000E+000
  6.756864000000000E-002  4.588000000000000E-005  0.000000000000000E+000
  6.953856000000001E-002  4.188000000000001E-005  0.000000000000000E+000
  7.613664000000001E-002  4.767999999999999E-005  0.000000000000000E+000
  9.720132000000001E-002  1.155000000000000E-004  0.000000000000000E+000
  0.125252760000000       1.723400000000000E-004  6.400000000000000E-007
  0.167294520000000       1.842600000000001E-004  4.720000000000000E-006
  0.201241080000000       3.196999999999999E-004  2.600000000000000E-007
  0.242222640000000       6.055200000000001E-004  1.960000000000000E-006
  2.487840000000000E-003  0.000000000000000E+000  0.000000000000000E+000
  2.193360000000000E-003  0.000000000000000E+000  0.000000000000000E+000
  2.926800000000000E-003  0.000000000000000E+000  0.000000000000000E+000
  2.668799999999999E-003  0.000000000000000E+000  0.000000000000000E+000
  3.818760000000000E-003  0.000000000000000E+000  0.000000000000000E+000
  7.247640000000000E-003  0.000000000000000E+000  0.000000000000000E+000
  2.055456000000000E-002  1.340000000000000E-006  0.000000000000000E+000
  5.212344000000001E-002  2.326000000000000E-005  0.000000000000000E+000
  0.120446160000000       1.192400000000000E-004  0.000000000000000E+000
  0.188883840000000       2.872799999999999E-004  1.000000000000000E-007
  1.303200000000000E-004  0.000000000000000E+000  0.000000000000000E+000
  1.369200000000000E-004  0.000000000000000E+000  0.000000000000000E+000
  2.113200000000000E-004  0.000000000000000E+000  0.000000000000000E+000
  2.504400000000000E-004  0.000000000000000E+000  0.000000000000000E+000
  2.454000000000000E-004  0.000000000000000E+000  0.000000000000000E+000
  7.842000000000002E-004  0.000000000000000E+000  0.000000000000000E+000
  2.857680000000000E-003  0.000000000000000E+000  0.000000000000000E+000
  1.510272000000000E-002  5.760000000000000E-006  0.000000000000000E+000
  6.748608000000000E-002  2.944000000000000E-005  2.380000000000000E-006
  0.172191960000000       2.519200000000000E-004  0.000000000000000E+000
  0.000000000000000E+000  0.000000000000000E+000  0.000000000000000E+000
  2.400000000000000E-007  0.000000000000000E+000  0.000000000000000E+000
  1.308000000000000E-005  0.000000000000000E+000  0.000000000000000E+000
  0.000000000000000E+000  0.000000000000000E+000  0.000000000000000E+000
  4.920000000000000E-006  0.000000000000000E+000  0.000000000000000E+000
  6.300000000000000E-005  0.000000000000000E+000  0.000000000000000E+000
  2.103600000000000E-004  0.000000000000000E+000  0.000000000000000E+000
  4.581480000000000E-003  0.000000000000000E+000  0.000000000000000E+000
  4.121171999999999E-002  1.312000000000000E-005  0.000000000000000E+000
  0.145091400000000       1.248000000000000E-004  1.360000000000000E-006
  0.000000000000000E+000  0.000000000000000E+000  0.000000000000000E+000
  0.000000000000000E+000  0.000000000000000E+000  0.000000000000000E+000
  0.000000000000000E+000  0.000000000000000E+000  0.000000000000000E+000
  0.000000000000000E+000  0.000000000000000E+000  0.000000000000000E+000
  0.000000000000000E+000  0.000000000000000E+000  0.000000000000000E+000
  0.000000000000000E+000  0.000000000000000E+000  0.000000000000000E+000
  4.848000000000000E-005  0.000000000000000E+000  0.000000000000000E+000
  1.149840000000000E-003  0.000000000000000E+000  0.000000000000000E+000
  1.926491999999999E-002  9.399999999999999E-007  0.000000000000000E+000
  0.113631240000000       1.435200000000000E-004  0.000000000000000E+000
  0.763362360000000       4.972479999999999E-003  1.740000000000000E-006
  0.795809400000000       5.207660000000000E-003  5.100000000000000E-006
  0.793350000000000       5.211960000000000E-003  1.292000000000000E-005
  0.815794680000000       5.272399999999999E-003  1.760000000000000E-006
  0.845316240000000       6.054220000000000E-003  9.200000000000000E-007
  0.791467560000000       5.237120000000000E-003  4.020000000000000E-006
  0.259444680000000       8.271600000000000E-004  1.180000000000000E-006
  4.999475999999999E-002  3.030000000000000E-005  2.000000000000000E-008
  2.762508000000000E-002  3.770000000000000E-005  0.000000000000000E+000
  4.841351999999999E-002  5.950000000000001E-005  6.400000000000000E-007
  7.395383999999999E-002  2.514000000000000E-005  0.000000000000000E+000
  7.538808000000001E-002  3.696000000000000E-005  0.000000000000000E+000
  7.914011999999999E-002  4.864000000000000E-005  0.000000000000000E+000
  8.711819999999999E-002  3.950000000000000E-005  0.000000000000000E+000
  0.115248360000000       9.764000000000001E-005  0.000000000000000E+000
  0.165569520000000       2.160200000000000E-004  0.000000000000000E+000
  0.327073560000000       7.598999999999998E-004  0.000000000000000E+000
  0.631852320000000       3.350459999999999E-003  3.600000000000000E-007
  4.932767999999999E-002  3.891999999999999E-005  0.000000000000000E+000
  3.934152000000000E-002  7.480000000000000E-005  0.000000000000000E+000
  3.695640000000000E-003  0.000000000000000E+000  0.000000000000000E+000
  4.555200000000000E-003  0.000000000000000E+000  0.000000000000000E+000
  4.350839999999999E-003  0.000000000000000E+000  0.000000000000000E+000
  5.450760000000000E-003  0.000000000000000E+000  0.000000000000000E+000
  7.839720000000000E-003  0.000000000000000E+000  0.000000000000000E+000
  1.895436000000001E-002  2.920000000000000E-006  0.000000000000000E+000
  6.739692000000001E-002  4.828000000000001E-005  0.000000000000000E+000
  0.289077360000000       5.327200000000000E-004  0.000000000000000E+000
  0.285176280000000       1.266180000000000E-003  1.400000000000000E-007
  4.156091999999999E-002  4.494000000000000E-005  0.000000000000000E+000
  2.371200000000000E-004  0.000000000000000E+000  0.000000000000000E+000
  2.199600000000000E-004  0.000000000000000E+000  0.000000000000000E+000
  2.222400000000000E-004  0.000000000000000E+000  0.000000000000000E+000
  2.664000000000000E-004  0.000000000000000E+000  0.000000000000000E+000
  8.500799999999999E-004  0.000000000000000E+000  0.000000000000000E+000
  2.780039999999999E-003  0.000000000000000E+000  0.000000000000000E+000
  1.128192000000000E-002  2.200000000000000E-007  0.000000000000000E+000
  0.102411720000000       7.046000000000000E-005  6.400000000000000E-007
  0.505130880000000       2.175700000000000E-003  9.600000000000001E-007
  1.725192000000000E-002  1.616000000000000E-005  0.000000000000000E+000
  0.000000000000000E+000  0.000000000000000E+000  0.000000000000000E+000
  2.700000000000000E-005  0.000000000000000E+000  0.000000000000000E+000
  0.000000000000000E+000  0.000000000000000E+000  0.000000000000000E+000
  0.000000000000000E+000  0.000000000000000E+000  0.000000000000000E+000
  5.400000000000000E-006  0.000000000000000E+000  0.000000000000000E+000
  2.438400000000000E-004  0.000000000000000E+000  0.000000000000000E+000
  1.210560000000000E-003  0.000000000000000E+000  0.000000000000000E+000
  3.275232000000000E-002  1.256000000000000E-005  0.000000000000000E+000
  0.354682920000000       1.006140000000000E-003  1.600000000000000E-007
  3.360648000000001E-002  6.396000000000000E-005  1.600000000000000E-007
   1.55612040000000       2.052456000000000E-002  8.260000000000001E-006
   1.58562000000000       1.845340000000000E-002  1.094000000000000E-005
   1.53370068000000       1.965420000000000E-002  2.190000000000000E-005
   1.22957784000000       1.301012000000000E-002  1.606000000000000E-005
  0.827637720000000       7.055940000000003E-003  6.760000000000000E-006
  0.416004840000000       2.328280000000000E-003  5.400000000000000E-006
  0.133307760000000       4.427800000000000E-004  0.000000000000000E+000
  9.465876000000001E-002  2.289200000000000E-004  0.000000000000000E+000
  7.449252000000002E-002  1.070600000000000E-004  0.000000000000000E+000
  9.547824000000002E-002  1.975000000000000E-004  4.000000000000000E-007
  0.996913080000000       7.671039999999997E-003  1.460000000000000E-006
  0.998218560000000       8.217680000000000E-003  1.600000000000000E-007
   1.00171704000000       8.020460000000000E-003  0.000000000000000E+000
   1.14273480000000       1.004250000000000E-002  5.200000000000000E-007
   1.29675684000000       1.477022000000000E-002  6.660000000000001E-006
   1.61657760000000       2.148138000000000E-002  5.000000000000000E-006
   1.84161012000000       2.634104000000001E-002  8.540000000000000E-006
  0.240651480000000       9.597600000000001E-004  5.340000000000000E-006
  0.111232440000000       4.126600000000000E-004  5.000000000000000E-007
  8.949371999999998E-002  1.204600000000000E-004  3.400000000000000E-007
  0.108185280000000       7.315999999999998E-005  0.000000000000000E+000
  0.115636200000000       1.268600000000000E-004  0.000000000000000E+000
  0.117110400000000       1.185400000000000E-004  0.000000000000000E+000
  0.141819000000000       1.235000000000000E-004  0.000000000000000E+000
  0.199993440000000       2.156199999999999E-004  0.000000000000000E+000
  0.361627680000000       1.226620000000000E-003  2.680000000000000E-006
  0.909019320000000       6.518120000000001E-003  9.399999999999999E-007
   1.33043436000000       1.464042000000000E-002  8.640000000000000E-006
  9.237564000000001E-002  1.911800000000000E-004  4.300000000000000E-006
  0.104641200000000       1.975400000000000E-004  7.980000000000002E-006
  8.344440000000002E-003  0.000000000000000E+000  0.000000000000000E+000
  7.093079999999997E-003  0.000000000000000E+000  0.000000000000000E+000
  7.783439999999998E-003  0.000000000000000E+000  0.000000000000000E+000
  1.042728000000000E-002  2.022000000000000E-005  0.000000000000000E+000
  1.847496000000000E-002  1.296000000000000E-005  0.000000000000000E+000
  5.269044000000000E-002  5.200000000000000E-007  0.000000000000000E+000
  0.244087440000000       4.570600000000001E-004  0.000000000000000E+000
   1.09619340000000       1.087080000000000E-002  1.272000000000000E-005
  0.143301720000000       3.441800000000000E-004  0.000000000000000E+000
  0.111334440000000       1.551200000000000E-004  6.000000000000001E-008
  1.503600000000000E-004  0.000000000000000E+000  0.000000000000000E+000
  5.653200000000000E-004  0.000000000000000E+000  0.000000000000000E+000
  3.111600000000000E-004  0.000000000000000E+000  0.000000000000000E+000
  5.908800000000000E-004  0.000000000000000E+000  0.000000000000000E+000
  1.171320000000000E-003  0.000000000000000E+000  0.000000000000000E+000
  6.739679999999999E-003  0.000000000000000E+000  0.000000000000000E+000
  5.300675999999999E-002  3.062000000000000E-005  0.000000000000000E+000
  0.538531680000000       2.396100000000000E-003  1.620000000000000E-006
  0.210164880000000       7.558600000000002E-004  2.000000000000000E-008
  9.182028000000003E-002  1.058200000000000E-004  0.000000000000000E+000
   1.09083696000000       6.491219999999997E-003  6.180000000000001E-006
   1.11698508000000       9.778640000000000E-003  1.600000000000000E-006
   1.04371236000000       5.949200000000000E-003  3.800000000000000E-007
  0.877335360000000       4.371860000000001E-003  8.019999999999999E-006
  0.545376840000000       2.002300000000000E-003  1.820000000000000E-006
  0.344813280000000       1.102860000000000E-003  3.640000000000000E-006
  0.187576200000000       3.028800000000000E-004  0.000000000000000E+000
  9.013332000000000E-002  6.686000000000001E-005  0.000000000000000E+000
  0.149340120000000       2.955200000000000E-004  0.000000000000000E+000
  9.118104000000000E-002  2.604600000000000E-004  7.879999999999999E-006
   4.52460936000000       0.164905740000000       2.396000000000000E-005
   4.52091804000000       0.164247440000000       6.960000000000000E-006
   4.59441672000000       0.168604340000000       1.858000000000000E-005
   4.58959224000000       0.165078080000000       3.448000000000000E-005
   4.33146552000000       0.140067940000000       4.293999999999999E-005
   3.74232372000000       0.104318780000000       1.404000000000000E-005
   1.73841972000000       2.047523999999999E-002  2.120000000000000E-006
  0.226914840000000       5.509399999999999E-004  4.200000000000000E-007
  0.138557520000000       1.774000000000000E-004  0.000000000000000E+000
  0.100072080000000       4.642000000000001E-005  0.000000000000000E+000
   1.38769536000000       1.732572000000000E-002  0.000000000000000E+000
   1.43765568000000       1.774520000000000E-002  3.880000000000000E-006
   1.48589568000000       1.872194000000000E-002  0.000000000000000E+000
   1.65920508000000       2.200783999999999E-002  1.800000000000000E-006
   2.07894156000000       3.837971999999999E-002  5.100000000000000E-006
   2.97177216000000       7.430054000000001E-002  2.660000000000000E-006
   3.57098088000000       0.102934260000000       1.188000000000000E-005
  0.755129040000000       6.797860000000001E-003  4.020000000000000E-006
  0.130676400000000       2.023200000000000E-004  4.900000000000000E-006
  0.106298640000000       1.785000000000000E-004  0.000000000000000E+000
  0.170298360000000       2.551800000000000E-004  0.000000000000000E+000
  0.179858280000000       2.280800000000000E-004  0.000000000000000E+000
  0.188228880000000       2.312400000000000E-004  0.000000000000000E+000
  0.240952080000000       4.403800000000001E-004  0.000000000000000E+000
  0.378273840000000       1.088380000000000E-003  6.000000000000001E-008
  0.815199960000000       4.750279999999999E-003  0.000000000000000E+000
   2.15240208000000       3.641378000000001E-002  1.086000000000000E-005
   2.28100092000000       4.158919999999999E-002  2.724000000000000E-005
  0.175512240000000       3.527200000000000E-004  0.000000000000000E+000
  0.105671880000000       3.193800000000000E-004  0.000000000000000E+000
  1.597224000000000E-002  9.439999999999999E-006  0.000000000000000E+000
  1.252980000000000E-002  1.360000000000000E-006  0.000000000000000E+000
  1.930788000000000E-002  0.000000000000000E+000  0.000000000000000E+000
  1.905672000000000E-002  2.160000000000000E-006  0.000000000000000E+000
  4.232819999999998E-002  1.442000000000000E-005  0.000000000000000E+000
  0.138897600000000       1.831000000000000E-004  0.000000000000000E+000
  0.795329160000000       5.441360000000001E-003  0.000000000000000E+000
   2.62810896000000       5.604204000000001E-002  1.852000000000000E-005
  0.239342520000000       8.326800000000001E-004  0.000000000000000E+000
  0.103202640000000       2.853600000000000E-004  0.000000000000000E+000
  0.620269800000000       2.555660000000000E-003  2.600000000000000E-007
  0.659460240000000       1.912020000000000E-003  9.740000000000000E-006
  0.581825160000000       1.735280000000000E-003  4.140000000000000E-006
  0.470544120000000       8.671200000000000E-004  0.000000000000000E+000
  0.356199960000000       8.250000000000000E-004  0.000000000000000E+000
  0.197974200000000       1.047400000000000E-004  2.800000000000000E-007
  0.127581840000000       7.876000000000000E-005  0.000000000000000E+000
  7.445460000000001E-002  4.128000000000000E-005  0.000000000000000E+000
  7.843116000000000E-002  5.640000000000000E-006  0.000000000000000E+000
  6.074376000000001E-002  6.290000000000000E-005  4.000000000000000E-008
   4.88196672000000       0.129104140000000       1.672000000000000E-005
   4.81082784000000       0.115728940000000       2.416000000000000E-005
   4.48323528000000       9.745366000000001E-002  2.107999999999999E-005
   4.29053160000000       9.695048000000002E-002  1.476000000000000E-005
   3.40770972000000       5.806201999999999E-002  8.520000000000000E-006
   2.58935652000000       2.767648000000000E-002  3.100000000000000E-006
   1.11899400000000       5.110300000000001E-003  1.380000000000000E-006
  0.175034760000000       2.452000000000001E-004  0.000000000000000E+000
  8.257391999999998E-002  1.383600000000000E-004  0.000000000000000E+000
  7.363127999999999E-002  4.758000000000000E-005  0.000000000000000E+000
   6.98858172000000       0.378844200000000       1.802000000000000E-005
   6.87080520000000       0.362776440000000       1.734000000000000E-005
   7.14939696000000       0.394739960000000       3.470000000000000E-005
   6.88591944000000       0.370385720000000       5.019999999999999E-005
   6.94133484000000       0.343914820000000       2.402000000000000E-005
   5.67958860000000       0.232005820000000       3.972000000000000E-005
   3.33650052000000       6.774510000000002E-002  1.620000000000000E-006
  0.459293520000000       1.280380000000000E-003  1.040000000000000E-006
  0.151989120000000       2.109200000000000E-004  0.000000000000000E+000
  6.252479999999999E-002  0.000000000000000E+000  0.000000000000000E+000
   2.00076588000000       3.479062000000000E-002  3.540000000000000E-006
   2.14083516000000       3.822076000000001E-002  3.800000000000000E-006
   2.29091676000000       4.144098000000000E-002  1.140000000000000E-006
   2.66958960000000       6.102364000000000E-002  9.140000000000001E-006
   3.49699608000000       0.104555000000000       5.600000000000001E-006
   5.30023308000000       0.226056920000000       1.790000000000000E-005
   5.29471188000000       0.213394620000000       4.068000000000000E-005
   1.33427892000000       1.096054000000000E-002  4.760000000000000E-006
  0.131894280000000       1.418400000000000E-004  0.000000000000000E+000
  0.145326600000000       2.431400000000000E-004  0.000000000000000E+000
  0.268998840000000       5.664200000000001E-004  0.000000000000000E+000
  0.294583560000000       8.136400000000000E-004  0.000000000000000E+000
  0.350330640000000       8.433399999999999E-004  0.000000000000000E+000
  0.416853600000000       1.828700000000000E-003  0.000000000000000E+000
  0.747912000000000       4.394000000000000E-003  0.000000000000000E+000
   1.84478556000000       2.799562000000000E-002  1.780000000000000E-006
   4.58040012000000       0.173591100000000       1.712000000000000E-005
   2.90296584000000       5.370754000000002E-002  4.800000000000000E-006
  0.147999480000000       1.993200000000000E-004  0.000000000000000E+000
  7.514196000000001E-002  1.123800000000000E-004  0.000000000000000E+000
  0.279634080000000       3.649400000000001E-004  0.000000000000000E+000
  0.301582800000000       1.926000000000000E-004  0.000000000000000E+000
  0.258932760000000       5.789200000000000E-004  0.000000000000000E+000
  0.389772960000000       3.930000000000000E-004  2.400000000000000E-007
  0.194454000000000       2.387600000000000E-004  0.000000000000000E+000
  0.137570880000000       1.816600000000000E-004  0.000000000000000E+000
  6.146915999999999E-002  2.770000000000000E-005  0.000000000000000E+000
  5.546568000000000E-002  0.000000000000000E+000  4.400000000000000E-007
  5.180064000000001E-002  4.720000000000000E-005  0.000000000000000E+000
  3.981420000000000E-002  8.012000000000000E-005  0.000000000000000E+000
   1.74590508000000       5.873720000000002E-003  8.979999999999999E-006
   1.79272236000000       1.094974000000000E-002  0.000000000000000E+000
   1.87288416000000       5.971080000000001E-003  4.740000000000000E-006
   1.62043476000000       7.041999999999997E-003  6.020000000000000E-006
   1.58996268000000       5.669180000000000E-003  0.000000000000000E+000
   1.12656420000000       4.823140000000000E-003  1.200000000000000E-007
  0.480478920000000       9.454000000000000E-004  0.000000000000000E+000
  0.122701320000000       4.444000000000000E-005  0.000000000000000E+000
  5.742227999999999E-002  3.194000000000000E-005  0.000000000000000E+000
  7.746959999999997E-002  1.181800000000000E-004  0.000000000000000E+000
   6.53771736000000       0.173854120000000       2.678000000000000E-005
   6.59381244000000       0.183366300000000       2.728000000000000E-005
   6.26064744000000       0.137872460000000       2.656000000000000E-005
   5.81641908000000       0.123502740000000       1.184000000000000E-005
   4.18978692000000       6.423293999999999E-002  2.547999999999999E-005
   2.92339644000000       2.783959999999999E-002  1.120000000000000E-006
   1.66284048000000       8.142340000000000E-003  6.560000000000000E-006
  0.242895600000000       4.868200000000000E-004  0.000000000000000E+000
  5.953128000000001E-002  7.050000000000001E-005  0.000000000000000E+000
  4.384308000000000E-002  5.969999999999999E-005  0.000000000000000E+000
   9.81172116000000       0.699078660000000       3.107999999999999E-005
   9.84618864000000       0.704987180000000       3.440000000000000E-005
   10.0726207200000       0.737686400000000       4.202000000000000E-005
   9.96963864000000       0.701209140000000       4.018000000000000E-005
   9.46964832000000       0.580596280000000       3.666000000000000E-005
   7.27382760000000       0.276608720000000       4.074000000000001E-005
   3.26333748000000       3.973040000000001E-002  9.740000000000000E-006
  0.502157520000000       9.292000000000000E-004  7.220000000000001E-006
  8.960255999999997E-002  2.464000000000000E-005  0.000000000000000E+000
  3.429300000000000E-002  3.842000000000000E-005  0.000000000000000E+000
   3.08994480000000       7.361506000000001E-002  9.720000000000000E-006
   3.21389184000000       9.003783999999999E-002  1.068000000000000E-005
   3.37968384000000       8.815187999999999E-002  6.660000000000001E-006
   4.09956936000000       0.139416740000000       1.564000000000000E-005
   5.71308000000000       0.267687180000000       1.064000000000000E-005
   8.24201448000000       0.520916940000000       4.296000000000000E-005
   6.38046420000000       0.240594100000000       1.516000000000000E-005
   1.39532028000000       7.855180000000000E-003  0.000000000000000E+000
  0.102972360000000       1.661400000000000E-004  0.000000000000000E+000
  4.915788000000001E-002  2.235200000000000E-004  0.000000000000000E+000
   1.99141644000000       3.903419999999999E-003  8.200000000000000E-007
   1.92874848000000       3.859740000000000E-003  8.200000000000000E-007
   2.29581024000000       9.051219999999999E-003  1.380000000000000E-006
   2.22277908000000       5.998380000000000E-003  3.920000000000001E-006
   1.48695756000000       6.591940000000001E-003  2.400000000000000E-007
   1.07831196000000       2.491760000000000E-003  0.000000000000000E+000
  0.746970720000000       1.195120000000000E-003  0.000000000000000E+000
  0.125394720000000       2.212000000000000E-004  0.000000000000000E+000
  3.401615999999999E-002  0.000000000000000E+000  0.000000000000000E+000
  0.180667920000000       3.298000000000000E-005  0.000000000000000E+000
   8.96788776000000       0.215067480000000       6.600000000000001E-006
   8.97651300000000       0.214099780000000       1.458000000000000E-005
   8.44920624000000       0.182697280000000       7.360000000000001E-006
   6.85837836000000       0.128846500000000       5.700000000000000E-006
   5.00576304000000       5.497881999999999E-002  3.300000000000000E-006
   2.88660516000000       1.545062000000000E-002  1.176000000000000E-005
   1.42010460000000       1.060292000000000E-002  0.000000000000000E+000
  0.267054000000000       2.382000000000000E-004  0.000000000000000E+000
  0.109659720000000       6.000000000000001E-008  0.000000000000000E+000
  0.118775760000000       0.000000000000000E+000  0.000000000000000E+000
   12.5966535600000       0.939329820000000       2.536000000000000E-005
   12.7496462400000       0.979197400000000       5.406000000000001E-005
   13.0929229200000        1.01885800000000       4.324000000000000E-005
   13.0563088800000       0.939523400000000       4.466000000000000E-005
   12.1264093200000       0.664636340000000       1.634000000000000E-005
   7.57524204000000       0.179122160000000       1.862000000000000E-005
   2.88192792000000       1.966632000000000E-002  2.740000000000000E-006
  0.590796960000000       1.546200000000000E-003  0.000000000000000E+000
  0.137837640000000       6.640000000000000E-005  0.000000000000000E+000
  3.889668000000000E-002  5.112000000000001E-005  0.000000000000000E+000
   11.0475025200000       0.211112620000000       2.580000000000000E-006
   10.9591310400000       0.180047080000000       1.260000000000000E-005
   9.85262556000000       0.171596440000000       1.250000000000000E-005
   7.95082128000000       0.136080720000000       3.880000000000000E-006
   5.48970948000000       4.239110000000001E-002  1.040000000000000E-006
   2.21844600000000       5.202180000000001E-003  4.220000000000000E-006
   1.23336456000000       2.701240000000000E-003  0.000000000000000E+000
  0.263853000000000       3.365600000000001E-004  0.000000000000000E+000
  8.065103999999999E-002  1.388000000000000E-005  0.000000000000000E+000
  7.879980000000000E-002  0.000000000000000E+000  0.000000000000000E+000
