  0.434136120000000       1.430380000000000E-003  1.000000000000000E-007
  0.431977680000000       2.024200000000001E-003  4.540000000000000E-006
  0.449087280000000       1.979140000000000E-003  0.000000000000000E+000
  0.480647520000000       1.755899999999999E-003  0.000000000000000E+000
  0.514213320000000       2.320200000000001E-003  0.000000000000000E+000
  0.678597240000000       4.117560000000000E-003  4.800000000000001E-007
  0.724424880000000       4.266480000000000E-003  7.400000000000000E-007
  0.453354720000000       2.044000000000000E-003  4.000000000000000E-007
  6.981744000000001E-002  1.732000000000000E-005  0.000000000000000E+000
  2.879172000000000E-002  4.000000000000000E-007  0.000000000000000E+000
  4.737599999999999E-004  0.000000000000000E+000  0.000000000000000E+000
  1.260000000000000E-004  0.000000000000000E+000  0.000000000000000E+000
  1.000680000000000E-003  0.000000000000000E+000  0.000000000000000E+000
  8.155200000000000E-004  0.000000000000000E+000  0.000000000000000E+000
  1.477800000000000E-003  0.000000000000000E+000  0.000000000000000E+000
  7.119239999999998E-003  2.460000000000000E-006  0.000000000000000E+000
  4.503156000000001E-002  1.324000000000000E-005  0.000000000000000E+000
  0.316916520000000       7.980000000000000E-004  0.000000000000000E+000
  0.591052080000000       2.673560000000000E-003  0.000000000000000E+000
  7.838940000000001E-002  7.744000000000000E-005  0.000000000000000E+000
  0.000000000000000E+000  0.000000000000000E+000  0.000000000000000E+000
  0.000000000000000E+000  0.000000000000000E+000  0.000000000000000E+000
  0.000000000000000E+000  0.000000000000000E+000  0.000000000000000E+000
  0.000000000000000E+000  0.000000000000000E+000  0.000000000000000E+000
  1.200000000000000E-006  0.000000000000000E+000  0.000000000000000E+000
  0.000000000000000E+000  0.000000000000000E+000  0.000000000000000E+000
  8.070000000000000E-004  0.000000000000000E+000  0.000000000000000E+000
  4.374468000000002E-002  4.440000000000000E-006  0.000000000000000E+000
  0.442600440000000       1.661280000000000E-003  2.800000000000000E-007
  0.136112880000000       2.826200000000001E-004  0.000000000000000E+000
  0.000000000000000E+000  0.000000000000000E+000  0.000000000000000E+000
  0.000000000000000E+000  0.000000000000000E+000  0.000000000000000E+000
  0.000000000000000E+000  0.000000000000000E+000  0.000000000000000E+000
  0.000000000000000E+000  0.000000000000000E+000  0.000000000000000E+000
  0.000000000000000E+000  0.000000000000000E+000  0.000000000000000E+000
  0.000000000000000E+000  0.000000000000000E+000  0.000000000000000E+000
  4.332000000000000E-005  0.000000000000000E+000  0.000000000000000E+000
  4.041120000000000E-003  0.000000000000000E+000  0.000000000000000E+000
  0.218872440000000       3.923400000000000E-004  0.000000000000000E+000
  0.308147520000000       1.206260000000000E-003  0.000000000000000E+000
  0.000000000000000E+000  0.000000000000000E+000  0.000000000000000E+000
  0.000000000000000E+000  0.000000000000000E+000  0.000000000000000E+000
  0.000000000000000E+000  0.000000000000000E+000  0.000000000000000E+000
  0.000000000000000E+000  0.000000000000000E+000  0.000000000000000E+000
  0.000000000000000E+000  0.000000000000000E+000  0.000000000000000E+000
  0.000000000000000E+000  0.000000000000000E+000  0.000000000000000E+000
  0.000000000000000E+000  0.000000000000000E+000  0.000000000000000E+000
  2.144400000000000E-004  0.000000000000000E+000  0.000000000000000E+000
  8.283108000000000E-002  7.142000000000000E-005  0.000000000000000E+000
  0.502148160000000       2.496980000000000E-003  3.780000000000000E-006
   1.15427832000000       1.011948000000000E-002  2.620000000000000E-006
   1.24125132000000       1.117878000000000E-002  1.200000000000000E-006
   1.16683668000000       7.407500000000000E-003  2.420000000000000E-006
  0.765319320000000       3.674380000000001E-003  0.000000000000000E+000
  0.453806040000000       2.251800000000000E-003  0.000000000000000E+000
  8.209187999999999E-002  0.000000000000000E+000  0.000000000000000E+000
  1.200000000000000E-007  0.000000000000000E+000  0.000000000000000E+000
  0.000000000000000E+000  0.000000000000000E+000  0.000000000000000E+000
  0.000000000000000E+000  0.000000000000000E+000  0.000000000000000E+000
  0.000000000000000E+000  0.000000000000000E+000  0.000000000000000E+000
  0.115123320000000       1.061000000000000E-004  0.000000000000000E+000
  0.106583400000000       4.246000000000000E-005  0.000000000000000E+000
  0.153474720000000       1.129200000000000E-004  0.000000000000000E+000
  0.175035720000000       1.833200000000000E-004  0.000000000000000E+000
  0.328251480000000       8.462999999999999E-004  0.000000000000000E+000
  0.837076680000000       5.938320000000002E-003  2.800000000000000E-007
   2.04642060000000       3.233190000000000E-002  1.300000000000000E-005
  0.189669480000000       6.096000000000000E-004  0.000000000000000E+000
  1.968000000000000E-005  0.000000000000000E+000  0.000000000000000E+000
  0.000000000000000E+000  0.000000000000000E+000  0.000000000000000E+000
  0.000000000000000E+000  0.000000000000000E+000  0.000000000000000E+000
  1.202400000000000E-004  0.000000000000000E+000  0.000000000000000E+000
  3.768000000000000E-005  0.000000000000000E+000  0.000000000000000E+000
  9.345599999999999E-004  0.000000000000000E+000  0.000000000000000E+000
  1.283040000000000E-003  0.000000000000000E+000  0.000000000000000E+000
  8.656199999999999E-003  0.000000000000000E+000  0.000000000000000E+000
  0.178630320000000       2.166600000000000E-004  0.000000000000000E+000
   1.59073848000000       2.007031999999999E-002  5.920000000000000E-006
  5.759040000000000E-003  0.000000000000000E+000  0.000000000000000E+000
  6.381600000000000E-004  0.000000000000000E+000  0.000000000000000E+000
  0.000000000000000E+000  0.000000000000000E+000  0.000000000000000E+000
  0.000000000000000E+000  0.000000000000000E+000  0.000000000000000E+000
  0.000000000000000E+000  0.000000000000000E+000  0.000000000000000E+000
  0.000000000000000E+000  0.000000000000000E+000  0.000000000000000E+000
  0.000000000000000E+000  0.000000000000000E+000  0.000000000000000E+000
  3.720000000000000E-006  0.000000000000000E+000  0.000000000000000E+000
  3.729360000000000E-003  0.000000000000000E+000  0.000000000000000E+000
  0.449184720000000       1.776260000000000E-003  0.000000000000000E+000
  6.367824000000000E-002  7.816000000000000E-005  0.000000000000000E+000
  6.045360000000000E-003  0.000000000000000E+000  0.000000000000000E+000
  0.000000000000000E+000  0.000000000000000E+000  0.000000000000000E+000
  0.000000000000000E+000  0.000000000000000E+000  0.000000000000000E+000
  0.000000000000000E+000  0.000000000000000E+000  0.000000000000000E+000
  0.000000000000000E+000  0.000000000000000E+000  0.000000000000000E+000
  0.000000000000000E+000  0.000000000000000E+000  0.000000000000000E+000
  0.000000000000000E+000  0.000000000000000E+000  0.000000000000000E+000
  0.000000000000000E+000  0.000000000000000E+000  0.000000000000000E+000
  5.955576000000001E-002  1.344000000000000E-005  0.000000000000000E+000
  0.684981360000000       3.919540000000002E-003  7.400000000000000E-007
  0.000000000000000E+000  0.000000000000000E+000  0.000000000000000E+000
  9.275244000000001E-002  0.000000000000000E+000  0.000000000000000E+000
  0.117779280000000       0.000000000000000E+000  0.000000000000000E+000
  0.130429800000000       0.000000000000000E+000  0.000000000000000E+000
  1.471272000000000E-002  0.000000000000000E+000  0.000000000000000E+000
  0.000000000000000E+000  0.000000000000000E+000  0.000000000000000E+000
  3.864048000000000E-002  0.000000000000000E+000  0.000000000000000E+000
  0.000000000000000E+000  0.000000000000000E+000  0.000000000000000E+000
  0.000000000000000E+000  0.000000000000000E+000  0.000000000000000E+000
  0.000000000000000E+000  0.000000000000000E+000  0.000000000000000E+000
  2.331060000000000E-002  0.000000000000000E+000  0.000000000000000E+000
   5.42220036000000       0.214432800000000       6.960000000000001E-006
   5.35700196000000       0.222361880000000       8.260000000000001E-006
   5.74009764000000       0.241741420000000       1.780000000000000E-006
   5.75690052000000       0.239931160000000       1.504000000000000E-005
   6.02525976000000       0.223863100000000       3.959999999999999E-006
   3.18207936000000       5.387722000000002E-002  2.420000000000000E-006
  0.239924520000000       6.418999999999999E-004  0.000000000000000E+000
  0.000000000000000E+000  0.000000000000000E+000  0.000000000000000E+000
  0.000000000000000E+000  0.000000000000000E+000  0.000000000000000E+000
  6.848400000000000E-004  0.000000000000000E+000  0.000000000000000E+000
  1.498488000000000E-002  0.000000000000000E+000  0.000000000000000E+000
  3.588912000000000E-002  0.000000000000000E+000  0.000000000000000E+000
  4.556556000000000E-002  2.200000000000000E-007  0.000000000000000E+000
  4.965324000000000E-002  2.000000000000000E-007  0.000000000000000E+000
  0.200154840000000       2.210400000000000E-004  0.000000000000000E+000
   1.02991680000000       8.876860000000000E-003  1.300000000000000E-006
   4.39757304000000       0.137371120000000       1.200000000000000E-006
  8.079144000000001E-002  0.000000000000000E+000  0.000000000000000E+000
  3.036000000000000E-005  0.000000000000000E+000  0.000000000000000E+000
  2.880000000000000E-006  0.000000000000000E+000  0.000000000000000E+000
  0.000000000000000E+000  0.000000000000000E+000  0.000000000000000E+000
  0.000000000000000E+000  0.000000000000000E+000  0.000000000000000E+000
  1.044000000000000E-005  0.000000000000000E+000  0.000000000000000E+000
  0.000000000000000E+000  0.000000000000000E+000  0.000000000000000E+000
  6.648000000000001E-004  0.000000000000000E+000  0.000000000000000E+000
  7.821480000000000E-003  0.000000000000000E+000  0.000000000000000E+000
  0.573983280000000       1.840360000000000E-003  0.000000000000000E+000
   1.71881280000000       2.006392000000000E-002  1.600000000000000E-007
  0.000000000000000E+000  0.000000000000000E+000  0.000000000000000E+000
  2.349600000000000E-004  0.000000000000000E+000  0.000000000000000E+000
  0.000000000000000E+000  0.000000000000000E+000  0.000000000000000E+000
  0.000000000000000E+000  0.000000000000000E+000  0.000000000000000E+000
  0.000000000000000E+000  0.000000000000000E+000  0.000000000000000E+000
  0.000000000000000E+000  0.000000000000000E+000  0.000000000000000E+000
  0.000000000000000E+000  0.000000000000000E+000  0.000000000000000E+000
  0.000000000000000E+000  0.000000000000000E+000  0.000000000000000E+000
  1.495920000000000E-002  0.000000000000000E+000  0.000000000000000E+000
   2.68482996000000       5.755328000000002E-002  1.600000000000000E-007
  0.000000000000000E+000  0.000000000000000E+000  0.000000000000000E+000
  0.000000000000000E+000  0.000000000000000E+000  0.000000000000000E+000
  0.000000000000000E+000  0.000000000000000E+000  0.000000000000000E+000
  0.132644760000000       0.000000000000000E+000  0.000000000000000E+000
  4.129331999999999E-002  0.000000000000000E+000  0.000000000000000E+000
  0.000000000000000E+000  0.000000000000000E+000  0.000000000000000E+000
  0.000000000000000E+000  0.000000000000000E+000  0.000000000000000E+000
  0.165499320000000       0.000000000000000E+000  0.000000000000000E+000
  0.113840640000000       0.000000000000000E+000  0.000000000000000E+000
  4.179828000000001E-002  0.000000000000000E+000  0.000000000000000E+000
  0.000000000000000E+000  0.000000000000000E+000  0.000000000000000E+000
  0.000000000000000E+000  0.000000000000000E+000  0.000000000000000E+000
   3.18475200000000       1.846492000000000E-002  0.000000000000000E+000
   3.85216668000000       1.791988000000000E-002  0.000000000000000E+000
   2.76075072000000       6.694599999999999E-003  0.000000000000000E+000
   2.19904800000000       1.596940000000000E-003  0.000000000000000E+000
  0.660387000000000       2.790000000000000E-005  0.000000000000000E+000
  9.737135999999999E-002  0.000000000000000E+000  0.000000000000000E+000
  2.076000000000000E-005  0.000000000000000E+000  0.000000000000000E+000
  4.700436000000000E-002  0.000000000000000E+000  0.000000000000000E+000
  0.000000000000000E+000  0.000000000000000E+000  0.000000000000000E+000
  0.000000000000000E+000  0.000000000000000E+000  0.000000000000000E+000
   2.87201664000000       4.784011999999999E-002  1.056000000000000E-005
   3.21971544000000       5.833490000000000E-002  1.800000000000000E-007
   3.28217484000000       7.435038000000001E-002  5.220000000000000E-006
   4.94047656000000       0.146791980000000       0.000000000000000E+000
   7.48577712000000       0.286589480000000       1.600000000000000E-006
   8.98696980000000       0.270448860000000       2.020000000000000E-006
  0.390688800000000       2.444540000000000E-003  0.000000000000000E+000
  1.709880000000000E-003  0.000000000000000E+000  0.000000000000000E+000
  0.119817120000000       0.000000000000000E+000  0.000000000000000E+000
  0.000000000000000E+000  0.000000000000000E+000  0.000000000000000E+000
  1.058796000000000E-002  0.000000000000000E+000  0.000000000000000E+000
  1.918596000000000E-002  0.000000000000000E+000  0.000000000000000E+000
  1.000020000000000E-002  0.000000000000000E+000  0.000000000000000E+000
  3.539796000000000E-002  4.780000000000000E-006  0.000000000000000E+000
  0.117907440000000       2.790000000000000E-005  0.000000000000000E+000
   1.35523776000000       1.371148000000000E-002  0.000000000000000E+000
   6.92738124000000       0.193870480000000       7.219999999999999E-006
  1.422132000000000E-002  0.000000000000000E+000  0.000000000000000E+000
  0.000000000000000E+000  0.000000000000000E+000  0.000000000000000E+000
  0.000000000000000E+000  0.000000000000000E+000  0.000000000000000E+000
  0.000000000000000E+000  0.000000000000000E+000  0.000000000000000E+000
  5.999999999999999E-006  0.000000000000000E+000  0.000000000000000E+000
  0.000000000000000E+000  0.000000000000000E+000  0.000000000000000E+000
  0.000000000000000E+000  0.000000000000000E+000  0.000000000000000E+000
  0.000000000000000E+000  0.000000000000000E+000  0.000000000000000E+000
  1.248636000000000E-002  0.000000000000000E+000  0.000000000000000E+000
   1.90200372000000       3.194722000000000E-002  0.000000000000000E+000
  0.384122520000000       6.240000000000000E-006  0.000000000000000E+000
  1.477284000000000E-002  0.000000000000000E+000  0.000000000000000E+000
  0.116934120000000       0.000000000000000E+000  0.000000000000000E+000
  0.171811200000000       0.000000000000000E+000  0.000000000000000E+000
  0.000000000000000E+000  0.000000000000000E+000  0.000000000000000E+000
  0.120000000000000       0.000000000000000E+000  0.000000000000000E+000
  0.000000000000000E+000  0.000000000000000E+000  0.000000000000000E+000
  0.000000000000000E+000  0.000000000000000E+000  0.000000000000000E+000
  0.000000000000000E+000  0.000000000000000E+000  0.000000000000000E+000
  0.000000000000000E+000  0.000000000000000E+000  0.000000000000000E+000
  0.000000000000000E+000  0.000000000000000E+000  0.000000000000000E+000
  0.000000000000000E+000  0.000000000000000E+000  0.000000000000000E+000
  0.000000000000000E+000  0.000000000000000E+000  0.000000000000000E+000
   2.00928924000000       0.000000000000000E+000  0.000000000000000E+000
   1.65415008000000       0.000000000000000E+000  0.000000000000000E+000
   1.44699108000000       0.000000000000000E+000  0.000000000000000E+000
  0.550689720000000       0.000000000000000E+000  0.000000000000000E+000
  0.532729080000000       0.000000000000000E+000  0.000000000000000E+000
  0.328873560000000       0.000000000000000E+000  0.000000000000000E+000
  7.174164000000000E-002  0.000000000000000E+000  0.000000000000000E+000
  0.000000000000000E+000  0.000000000000000E+000  0.000000000000000E+000
  0.000000000000000E+000  0.000000000000000E+000  0.000000000000000E+000
  0.000000000000000E+000  0.000000000000000E+000  0.000000000000000E+000
   16.0167784800000       0.158698620000000       1.244000000000000E-005
   16.6679587200000       0.190766680000000       9.079999999999999E-006
   15.5012739600000       0.145713640000000       6.000000000000000E-007
   13.5525958800000       0.130038140000000       6.240000000000000E-006
   6.73684116000000       2.139234000000001E-002  0.000000000000000E+000
   2.82290592000000       3.546000000000000E-004  0.000000000000000E+000
  6.750755999999999E-002  0.000000000000000E+000  0.000000000000000E+000
  0.000000000000000E+000  0.000000000000000E+000  0.000000000000000E+000
  0.000000000000000E+000  0.000000000000000E+000  0.000000000000000E+000
  0.000000000000000E+000  0.000000000000000E+000  0.000000000000000E+000
   1.12203312000000       6.994920000000000E-003  0.000000000000000E+000
   1.04851284000000       6.039580000000000E-003  0.000000000000000E+000
   1.47527136000000       1.534878000000000E-002  0.000000000000000E+000
   2.48687280000000       2.531390000000000E-002  0.000000000000000E+000
   6.40654224000000       0.160264420000000       1.600000000000000E-007
   13.5762268800000       0.292678560000000       6.480000000000001E-006
   1.19582868000000       2.297380000000000E-003  0.000000000000000E+000
  2.117520000000000E-003  0.000000000000000E+000  0.000000000000000E+000
  0.000000000000000E+000  0.000000000000000E+000  0.000000000000000E+000
  0.000000000000000E+000  0.000000000000000E+000  0.000000000000000E+000
  2.521680000000000E-003  0.000000000000000E+000  0.000000000000000E+000
  4.065960000000000E-003  0.000000000000000E+000  0.000000000000000E+000
  4.815840000000001E-003  0.000000000000000E+000  0.000000000000000E+000
  1.366824000000000E-002  0.000000000000000E+000  0.000000000000000E+000
  8.260764000000000E-002  0.000000000000000E+000  0.000000000000000E+000
   1.73194428000000       1.720690000000000E-002  0.000000000000000E+000
   9.66017328000000       0.187501880000000       2.580000000000000E-006
  6.169692000000000E-002  0.000000000000000E+000  0.000000000000000E+000
  0.000000000000000E+000  0.000000000000000E+000  0.000000000000000E+000
  0.000000000000000E+000  0.000000000000000E+000  0.000000000000000E+000
  0.105480120000000       0.000000000000000E+000  0.000000000000000E+000
  0.120000000000000       0.000000000000000E+000  0.000000000000000E+000
  0.000000000000000E+000  0.000000000000000E+000  0.000000000000000E+000
  0.000000000000000E+000  0.000000000000000E+000  0.000000000000000E+000
  0.120000000000000       0.000000000000000E+000  0.000000000000000E+000
  0.000000000000000E+000  0.000000000000000E+000  0.000000000000000E+000
  0.120000000000000       0.000000000000000E+000  0.000000000000000E+000
  0.000000000000000E+000  0.000000000000000E+000  0.000000000000000E+000
  5.119620000000000E-002  0.000000000000000E+000  0.000000000000000E+000
  0.000000000000000E+000  0.000000000000000E+000  0.000000000000000E+000
   2.65484880000000       0.000000000000000E+000  0.000000000000000E+000
   1.76252568000000       0.000000000000000E+000  0.000000000000000E+000
   1.57176636000000       0.000000000000000E+000  0.000000000000000E+000
   1.16833020000000       0.000000000000000E+000  0.000000000000000E+000
  0.723134400000000       0.000000000000000E+000  0.000000000000000E+000
  0.245820960000000       0.000000000000000E+000  0.000000000000000E+000
  0.000000000000000E+000  0.000000000000000E+000  0.000000000000000E+000
  5.272847999999999E-002  0.000000000000000E+000  0.000000000000000E+000
  0.000000000000000E+000  0.000000000000000E+000  0.000000000000000E+000
  0.000000000000000E+000  0.000000000000000E+000  0.000000000000000E+000
   15.5129090400000       2.061974000000000E-002  0.000000000000000E+000
   14.2576176000000       2.006852000000000E-002  6.480000000000001E-006
   11.3528274000000       1.384806000000000E-002  0.000000000000000E+000
   10.1587354800000       7.982080000000001E-003  0.000000000000000E+000
   5.40215808000000       1.000000000000000E-007  0.000000000000000E+000
   1.63446336000000       0.000000000000000E+000  0.000000000000000E+000
  0.309045720000000       0.000000000000000E+000  0.000000000000000E+000
  0.000000000000000E+000  0.000000000000000E+000  0.000000000000000E+000
  0.000000000000000E+000  0.000000000000000E+000  0.000000000000000E+000
  0.000000000000000E+000  0.000000000000000E+000  0.000000000000000E+000
   15.9385468800000       0.101672860000000       0.000000000000000E+000
   15.8606929200000       0.135463660000000       0.000000000000000E+000
   16.3149201600000       0.118648400000000       9.740000000000000E-006
   19.1922513600000       0.117169060000000       0.000000000000000E+000
   17.8342443600000       7.262133999999999E-002  0.000000000000000E+000
   10.5656049600000       1.060456000000000E-002  0.000000000000000E+000
  0.498508440000000       0.000000000000000E+000  0.000000000000000E+000
  0.000000000000000E+000  0.000000000000000E+000  0.000000000000000E+000
  0.000000000000000E+000  0.000000000000000E+000  0.000000000000000E+000
  0.000000000000000E+000  0.000000000000000E+000  0.000000000000000E+000
  0.364361280000000       5.923800000000000E-004  0.000000000000000E+000
  0.432169440000000       1.724060000000000E-003  0.000000000000000E+000
  0.535575720000000       3.131800000000000E-003  0.000000000000000E+000
   1.05086772000000       1.605740000000000E-003  0.000000000000000E+000
   4.94561076000000       5.247629999999998E-002  0.000000000000000E+000
   16.7943541200000       0.182598880000000       0.000000000000000E+000
   4.21534872000000       1.293680000000000E-002  0.000000000000000E+000
  1.302000000000000E-003  0.000000000000000E+000  0.000000000000000E+000
  0.000000000000000E+000  0.000000000000000E+000  0.000000000000000E+000
  0.000000000000000E+000  0.000000000000000E+000  0.000000000000000E+000
   10.0345759200000       0.000000000000000E+000  0.000000000000000E+000
   10.2335947200000       0.000000000000000E+000  0.000000000000000E+000
   10.9465243200000       0.000000000000000E+000  0.000000000000000E+000
   8.10562644000000       0.000000000000000E+000  0.000000000000000E+000
   5.00622348000000       0.000000000000000E+000  0.000000000000000E+000
   1.43402964000000       0.000000000000000E+000  0.000000000000000E+000
  0.240000000000000       0.000000000000000E+000  0.000000000000000E+000
  0.000000000000000E+000  0.000000000000000E+000  0.000000000000000E+000
  1.000440000000000E-002  0.000000000000000E+000  0.000000000000000E+000
  0.000000000000000E+000  0.000000000000000E+000  0.000000000000000E+000
   21.2886846000000       8.139860000000000E-003  0.000000000000000E+000
   21.2678137200000       2.213598000000000E-002  2.000000000000000E-008
   21.8828247600000       1.243480000000000E-002  0.000000000000000E+000
   20.0962387200000       2.275956000000000E-002  0.000000000000000E+000
   16.3541368800000       6.000000000000001E-008  0.000000000000000E+000
   6.81764412000000       0.000000000000000E+000  0.000000000000000E+000
  0.417338760000000       0.000000000000000E+000  0.000000000000000E+000
  0.000000000000000E+000  0.000000000000000E+000  0.000000000000000E+000
  0.000000000000000E+000  0.000000000000000E+000  0.000000000000000E+000
  0.000000000000000E+000  0.000000000000000E+000  0.000000000000000E+000
   8.92393860000000       2.158188000000000E-002  0.000000000000000E+000
   7.65128664000000       3.249512000000000E-002  0.000000000000000E+000
   11.0600632800000       2.402872000000000E-002  0.000000000000000E+000
   13.3197007200000       2.269974000000000E-002  0.000000000000000E+000
   21.7489616400000       6.024976000000001E-002  0.000000000000000E+000
   15.7971850800000       1.570836000000000E-002  0.000000000000000E+000
   2.10879852000000       0.000000000000000E+000  0.000000000000000E+000
  7.765932000000000E-002  0.000000000000000E+000  0.000000000000000E+000
  0.000000000000000E+000  0.000000000000000E+000  0.000000000000000E+000
  0.000000000000000E+000  0.000000000000000E+000  0.000000000000000E+000
   14.9692622400000       8.318000000000001E-004  0.000000000000000E+000
   14.0216882400000       9.695480000000001E-003  0.000000000000000E+000
   18.6458566800000       3.701200000000000E-004  0.000000000000000E+000
   16.0368284400000       1.274306000000000E-002  0.000000000000000E+000
   17.6716233600000       2.901880000000000E-003  0.000000000000000E+000
   15.7685278800000       0.000000000000000E+000  0.000000000000000E+000
   2.41363944000000       0.000000000000000E+000  0.000000000000000E+000
  2.478696000000000E-002  0.000000000000000E+000  0.000000000000000E+000
  3.092556000000000E-002  0.000000000000000E+000  0.000000000000000E+000
  0.000000000000000E+000  0.000000000000000E+000  0.000000000000000E+000
