   1.00000000000000       0.100000000000000     
   1.00000000000000       0.145923280296109     
   1.00000000000000       0.212936037323766     
   1.00000000000000       0.310723250595386     
   1.00000000000000       0.453417559911485     
   1.00000000000000       0.661641776861411     
   1.00000000000000       0.965489384605630     
   1.00000000000000        1.40887378092725     
   1.00000000000000        2.05587483636085     
   1.00000000000000        3.00000000000000     
   3.25000000000000       0.100000000000000     
   3.25000000000000       0.145923280296109     
   3.25000000000000       0.212936037323766     
   3.25000000000000       0.310723250595386     
   3.25000000000000       0.453417559911485     
   3.25000000000000       0.661641776861411     
   3.25000000000000       0.965489384605630     
   3.25000000000000        1.40887378092725     
   3.25000000000000        2.05587483636085     
   3.25000000000000        3.00000000000000     
   5.50000000000000       0.100000000000000     
   5.50000000000000       0.145923280296109     
   5.50000000000000       0.212936037323766     
   5.50000000000000       0.310723250595386     
   5.50000000000000       0.453417559911485     
   5.50000000000000       0.661641776861411     
   5.50000000000000       0.965489384605630     
   5.50000000000000        1.40887378092725     
   5.50000000000000        2.05587483636085     
   5.50000000000000        3.00000000000000     
   7.75000000000000       0.100000000000000     
   7.75000000000000       0.145923280296109     
   7.75000000000000       0.212936037323766     
   7.75000000000000       0.310723250595386     
   7.75000000000000       0.453417559911485     
   7.75000000000000       0.661641776861411     
   7.75000000000000       0.965489384605630     
   7.75000000000000        1.40887378092725     
   7.75000000000000        2.05587483636085     
   7.75000000000000        3.00000000000000     
   10.0000000000000       0.100000000000000     
   10.0000000000000       0.145923280296109     
   10.0000000000000       0.212936037323766     
   10.0000000000000       0.310723250595386     
   10.0000000000000       0.453417559911485     
   10.0000000000000       0.661641776861411     
   10.0000000000000       0.965489384605630     
   10.0000000000000        1.40887378092725     
   10.0000000000000        2.05587483636085     
   10.0000000000000        3.00000000000000     
   1.00000000000000       0.100000000000000     
   1.00000000000000       0.145923280296109     
   1.00000000000000       0.212936037323766     
   1.00000000000000       0.310723250595386     
   1.00000000000000       0.453417559911485     
   1.00000000000000       0.661641776861411     
   1.00000000000000       0.965489384605630     
   1.00000000000000        1.40887378092725     
   1.00000000000000        2.05587483636085     
   1.00000000000000        3.00000000000000     
   3.25000000000000       0.100000000000000     
   3.25000000000000       0.145923280296109     
   3.25000000000000       0.212936037323766     
   3.25000000000000       0.310723250595386     
   3.25000000000000       0.453417559911485     
   3.25000000000000       0.661641776861411     
   3.25000000000000       0.965489384605630     
   3.25000000000000        1.40887378092725     
   3.25000000000000        2.05587483636085     
   3.25000000000000        3.00000000000000     
   5.50000000000000       0.100000000000000     
   5.50000000000000       0.145923280296109     
   5.50000000000000       0.212936037323766     
   5.50000000000000       0.310723250595386     
   5.50000000000000       0.453417559911485     
   5.50000000000000       0.661641776861411     
   5.50000000000000       0.965489384605630     
   5.50000000000000        1.40887378092725     
   5.50000000000000        2.05587483636085     
   5.50000000000000        3.00000000000000     
   7.75000000000000       0.100000000000000     
   7.75000000000000       0.145923280296109     
   7.75000000000000       0.212936037323766     
   7.75000000000000       0.310723250595386     
   7.75000000000000       0.453417559911485     
   7.75000000000000       0.661641776861411     
   7.75000000000000       0.965489384605630     
   7.75000000000000        1.40887378092725     
   7.75000000000000        2.05587483636085     
   7.75000000000000        3.00000000000000     
   10.0000000000000       0.100000000000000     
   10.0000000000000       0.145923280296109     
   10.0000000000000       0.212936037323766     
   10.0000000000000       0.310723250595386     
   10.0000000000000       0.453417559911485     
   10.0000000000000       0.661641776861411     
   10.0000000000000       0.965489384605630     
   10.0000000000000        1.40887378092725     
   10.0000000000000        2.05587483636085     
   10.0000000000000        3.00000000000000     
   1.00000000000000       0.100000000000000     
   1.00000000000000       0.145923280296109     
   1.00000000000000       0.212936037323766     
   1.00000000000000       0.310723250595386     
   1.00000000000000       0.453417559911485     
   1.00000000000000       0.661641776861411     
   1.00000000000000       0.965489384605630     
   1.00000000000000        1.40887378092725     
   1.00000000000000        2.05587483636085     
   1.00000000000000        3.00000000000000     
   3.25000000000000       0.100000000000000     
   3.25000000000000       0.145923280296109     
   3.25000000000000       0.212936037323766     
   3.25000000000000       0.310723250595386     
   3.25000000000000       0.453417559911485     
   3.25000000000000       0.661641776861411     
   3.25000000000000       0.965489384605630     
   3.25000000000000        1.40887378092725     
   3.25000000000000        2.05587483636085     
   3.25000000000000        3.00000000000000     
   5.50000000000000       0.100000000000000     
   5.50000000000000       0.145923280296109     
   5.50000000000000       0.212936037323766     
   5.50000000000000       0.310723250595386     
   5.50000000000000       0.453417559911485     
   5.50000000000000       0.661641776861411     
   5.50000000000000       0.965489384605630     
   5.50000000000000        1.40887378092725     
   5.50000000000000        2.05587483636085     
   5.50000000000000        3.00000000000000     
   7.75000000000000       0.100000000000000     
   7.75000000000000       0.145923280296109     
   7.75000000000000       0.212936037323766     
   7.75000000000000       0.310723250595386     
   7.75000000000000       0.453417559911485     
   7.75000000000000       0.661641776861411     
   7.75000000000000       0.965489384605630     
   7.75000000000000        1.40887378092725     
   7.75000000000000        2.05587483636085     
   7.75000000000000        3.00000000000000     
   10.0000000000000       0.100000000000000     
   10.0000000000000       0.145923280296109     
   10.0000000000000       0.212936037323766     
   10.0000000000000       0.310723250595386     
   10.0000000000000       0.453417559911485     
   10.0000000000000       0.661641776861411     
   10.0000000000000       0.965489384605630     
   10.0000000000000        1.40887378092725     
   10.0000000000000        2.05587483636085     
   10.0000000000000        3.00000000000000     
   1.00000000000000       0.100000000000000     
   1.00000000000000       0.145923280296109     
   1.00000000000000       0.212936037323766     
   1.00000000000000       0.310723250595386     
   1.00000000000000       0.453417559911485     
   1.00000000000000       0.661641776861411     
   1.00000000000000       0.965489384605630     
   1.00000000000000        1.40887378092725     
   1.00000000000000        2.05587483636085     
   1.00000000000000        3.00000000000000     
   3.25000000000000       0.100000000000000     
   3.25000000000000       0.145923280296109     
   3.25000000000000       0.212936037323766     
   3.25000000000000       0.310723250595386     
   3.25000000000000       0.453417559911485     
   3.25000000000000       0.661641776861411     
   3.25000000000000       0.965489384605630     
   3.25000000000000        1.40887378092725     
   3.25000000000000        2.05587483636085     
   3.25000000000000        3.00000000000000     
   5.50000000000000       0.100000000000000     
   5.50000000000000       0.145923280296109     
   5.50000000000000       0.212936037323766     
   5.50000000000000       0.310723250595386     
   5.50000000000000       0.453417559911485     
   5.50000000000000       0.661641776861411     
   5.50000000000000       0.965489384605630     
   5.50000000000000        1.40887378092725     
   5.50000000000000        2.05587483636085     
   5.50000000000000        3.00000000000000     
   7.75000000000000       0.100000000000000     
   7.75000000000000       0.145923280296109     
   7.75000000000000       0.212936037323766     
   7.75000000000000       0.310723250595386     
   7.75000000000000       0.453417559911485     
   7.75000000000000       0.661641776861411     
   7.75000000000000       0.965489384605630     
   7.75000000000000        1.40887378092725     
   7.75000000000000        2.05587483636085     
   7.75000000000000        3.00000000000000     
   10.0000000000000       0.100000000000000     
   10.0000000000000       0.145923280296109     
   10.0000000000000       0.212936037323766     
   10.0000000000000       0.310723250595386     
   10.0000000000000       0.453417559911485     
   10.0000000000000       0.661641776861411     
   10.0000000000000       0.965489384605630     
   10.0000000000000        1.40887378092725     
   10.0000000000000        2.05587483636085     
   10.0000000000000        3.00000000000000     
   1.00000000000000       0.100000000000000     
   1.00000000000000       0.145923280296109     
   1.00000000000000       0.212936037323766     
   1.00000000000000       0.310723250595386     
   1.00000000000000       0.453417559911485     
   1.00000000000000       0.661641776861411     
   1.00000000000000       0.965489384605630     
   1.00000000000000        1.40887378092725     
   1.00000000000000        2.05587483636085     
   1.00000000000000        3.00000000000000     
   3.25000000000000       0.100000000000000     
   3.25000000000000       0.145923280296109     
   3.25000000000000       0.212936037323766     
   3.25000000000000       0.310723250595386     
   3.25000000000000       0.453417559911485     
   3.25000000000000       0.661641776861411     
   3.25000000000000       0.965489384605630     
   3.25000000000000        1.40887378092725     
   3.25000000000000        2.05587483636085     
   3.25000000000000        3.00000000000000     
   5.50000000000000       0.100000000000000     
   5.50000000000000       0.145923280296109     
   5.50000000000000       0.212936037323766     
   5.50000000000000       0.310723250595386     
   5.50000000000000       0.453417559911485     
   5.50000000000000       0.661641776861411     
   5.50000000000000       0.965489384605630     
   5.50000000000000        1.40887378092725     
   5.50000000000000        2.05587483636085     
   5.50000000000000        3.00000000000000     
   7.75000000000000       0.100000000000000     
   7.75000000000000       0.145923280296109     
   7.75000000000000       0.212936037323766     
   7.75000000000000       0.310723250595386     
   7.75000000000000       0.453417559911485     
   7.75000000000000       0.661641776861411     
   7.75000000000000       0.965489384605630     
   7.75000000000000        1.40887378092725     
   7.75000000000000        2.05587483636085     
   7.75000000000000        3.00000000000000     
   10.0000000000000       0.100000000000000     
   10.0000000000000       0.145923280296109     
   10.0000000000000       0.212936037323766     
   10.0000000000000       0.310723250595386     
   10.0000000000000       0.453417559911485     
   10.0000000000000       0.661641776861411     
   10.0000000000000       0.965489384605630     
   10.0000000000000        1.40887378092725     
   10.0000000000000        2.05587483636085     
   10.0000000000000        3.00000000000000     
   1.00000000000000       0.100000000000000     
   1.00000000000000       0.145923280296109     
   1.00000000000000       0.212936037323766     
   1.00000000000000       0.310723250595386     
   1.00000000000000       0.453417559911485     
   1.00000000000000       0.661641776861411     
   1.00000000000000       0.965489384605630     
   1.00000000000000        1.40887378092725     
   1.00000000000000        2.05587483636085     
   1.00000000000000        3.00000000000000     
   3.25000000000000       0.100000000000000     
   3.25000000000000       0.145923280296109     
   3.25000000000000       0.212936037323766     
   3.25000000000000       0.310723250595386     
   3.25000000000000       0.453417559911485     
   3.25000000000000       0.661641776861411     
   3.25000000000000       0.965489384605630     
   3.25000000000000        1.40887378092725     
   3.25000000000000        2.05587483636085     
   3.25000000000000        3.00000000000000     
   5.50000000000000       0.100000000000000     
   5.50000000000000       0.145923280296109     
   5.50000000000000       0.212936037323766     
   5.50000000000000       0.310723250595386     
   5.50000000000000       0.453417559911485     
   5.50000000000000       0.661641776861411     
   5.50000000000000       0.965489384605630     
   5.50000000000000        1.40887378092725     
   5.50000000000000        2.05587483636085     
   5.50000000000000        3.00000000000000     
   7.75000000000000       0.100000000000000     
   7.75000000000000       0.145923280296109     
   7.75000000000000       0.212936037323766     
   7.75000000000000       0.310723250595386     
   7.75000000000000       0.453417559911485     
   7.75000000000000       0.661641776861411     
   7.75000000000000       0.965489384605630     
   7.75000000000000        1.40887378092725     
   7.75000000000000        2.05587483636085     
   7.75000000000000        3.00000000000000     
   10.0000000000000       0.100000000000000     
   10.0000000000000       0.145923280296109     
   10.0000000000000       0.212936037323766     
   10.0000000000000       0.310723250595386     
   10.0000000000000       0.453417559911485     
   10.0000000000000       0.661641776861411     
   10.0000000000000       0.965489384605630     
   10.0000000000000        1.40887378092725     
   10.0000000000000        2.05587483636085     
   10.0000000000000        3.00000000000000     
   5.50000000000000       0.100000000000000     
   5.50000000000000       0.145923280296109     
   5.50000000000000       0.212936037323766     
   5.50000000000000       0.310723250595386     
   5.50000000000000       0.453417559911485     
   5.50000000000000       0.661641776861411     
   5.50000000000000       0.965489384605630     
   5.50000000000000        1.40887378092725     
   5.50000000000000        2.05587483636085     
   5.50000000000000        3.00000000000000     
   7.75000000000000       0.100000000000000     
   7.75000000000000       0.145923280296109     
   7.75000000000000       0.212936037323766     
   7.75000000000000       0.310723250595386     
   7.75000000000000       0.453417559911485     
   7.75000000000000       0.661641776861411     
   7.75000000000000       0.965489384605630     
   7.75000000000000        1.40887378092725     
   7.75000000000000        2.05587483636085     
   7.75000000000000        3.00000000000000     
   10.0000000000000       0.100000000000000     
   10.0000000000000       0.145923280296109     
   10.0000000000000       0.212936037323766     
   10.0000000000000       0.310723250595386     
   10.0000000000000       0.453417559911485     
   10.0000000000000       0.661641776861411     
   10.0000000000000       0.965489384605630     
   10.0000000000000        1.40887378092725     
   10.0000000000000        2.05587483636085     
   10.0000000000000        3.00000000000000     
   10.0000000000000       0.100000000000000     
   10.0000000000000       0.145923280296109     
   10.0000000000000       0.212936037323766     
   10.0000000000000       0.310723250595386     
   10.0000000000000       0.453417559911485     
   10.0000000000000       0.661641776861411     
   10.0000000000000       0.965489384605630     
   10.0000000000000        1.40887378092725     
   10.0000000000000        2.05587483636085     
   10.0000000000000        3.00000000000000     
