       0.3986E+00       0.3331E+00       0.1183E-01       0.1177E-01
       0.3921E+00       0.3485E+00       0.1137E-01       0.1141E-01
       0.3862E+00       0.3591E+00       0.1112E-01       0.1105E-01
       0.3691E+00       0.3602E+00       0.1176E-01       0.1161E-01
       0.3472E+00       0.3517E+00       0.1292E-01       0.1266E-01
       0.3204E+00       0.3320E+00       0.1436E-01       0.1400E-01
       0.2816E+00       0.3002E+00       0.1531E-01       0.1482E-01
       0.2390E+00       0.2580E+00       0.1532E-01       0.1489E-01
       0.1947E+00       0.2156E+00       0.1434E-01       0.1423E-01
       0.1536E+00       0.1715E+00       0.1261E-01       0.1255E-01
       0.1109E+00       0.1269E+00       0.9720E-02       0.1000E-01
       0.7728E-01       0.9037E-01       0.7000E-02       0.7427E-02
       0.4924E-01       0.6119E-01       0.4519E-02       0.4953E-02
       0.3045E-01       0.3959E-01       0.2724E-02       0.3051E-02
       0.1809E-01       0.2488E-01       0.1555E-02       0.1764E-02
       0.4015E+00       0.3353E+00       0.1190E-01       0.1189E-01
       0.3909E+00       0.3486E+00       0.1138E-01       0.1130E-01
       0.3863E+00       0.3586E+00       0.1109E-01       0.1106E-01
       0.3718E+00       0.3589E+00       0.1171E-01       0.1156E-01
       0.3496E+00       0.3508E+00       0.1295E-01       0.1275E-01
       0.3194E+00       0.3314E+00       0.1437E-01       0.1395E-01
       0.2815E+00       0.3008E+00       0.1538E-01       0.1482E-01
       0.2396E+00       0.2581E+00       0.1541E-01       0.1494E-01
       0.1956E+00       0.2164E+00       0.1442E-01       0.1419E-01
       0.1517E+00       0.1679E+00       0.1234E-01       0.1234E-01
       0.1116E+00       0.1281E+00       0.9783E-02       0.1003E-01
       0.7669E-01       0.8964E-01       0.6907E-02       0.7298E-02
       0.4959E-01       0.6120E-01       0.4560E-02       0.4966E-02
       0.2990E-01       0.3877E-01       0.2704E-02       0.3012E-02
       0.1802E-01       0.2456E-01       0.1536E-02       0.1720E-02
       0.4010E+00       0.3346E+00       0.1182E-01       0.1181E-01
       0.3929E+00       0.3468E+00       0.1142E-01       0.1132E-01
       0.3857E+00       0.3572E+00       0.1106E-01       0.1104E-01
       0.3722E+00       0.3582E+00       0.1170E-01       0.1160E-01
       0.3478E+00       0.3509E+00       0.1285E-01       0.1264E-01
       0.3166E+00       0.3323E+00       0.1429E-01       0.1392E-01
       0.2815E+00       0.3007E+00       0.1534E-01       0.1481E-01
       0.2392E+00       0.2596E+00       0.1542E-01       0.1503E-01
       0.1978E+00       0.2159E+00       0.1447E-01       0.1424E-01
       0.1530E+00       0.1707E+00       0.1248E-01       0.1252E-01
       0.1134E+00       0.1292E+00       0.9936E-02       0.1024E-01
       0.7618E-01       0.8906E-01       0.6855E-02       0.7239E-02
       0.4935E-01       0.6106E-01       0.4521E-02       0.4932E-02
       0.3058E-01       0.3912E-01       0.2738E-02       0.3012E-02
       0.1848E-01       0.2472E-01       0.1568E-02       0.1761E-02
