  0.000000000000000E+000  0.000000000000000E+000  0.000000000000000E+000
  0.000000000000000E+000  0.000000000000000E+000  0.000000000000000E+000
  0.000000000000000E+000  0.000000000000000E+000  0.000000000000000E+000
  0.000000000000000E+000  0.000000000000000E+000  0.000000000000000E+000
  0.000000000000000E+000  0.000000000000000E+000  0.000000000000000E+000
  0.000000000000000E+000  0.000000000000000E+000  0.000000000000000E+000
  0.000000000000000E+000  0.000000000000000E+000  0.000000000000000E+000
  1.069200000000000E-004  0.000000000000000E+000  0.000000000000000E+000
  5.137835999999998E-002  2.402000000000000E-005  0.000000000000000E+000
  0.518508120000000       2.205860000000000E-003  1.400000000000000E-006
  0.000000000000000E+000  0.000000000000000E+000  0.000000000000000E+000
  0.000000000000000E+000  0.000000000000000E+000  0.000000000000000E+000
  0.000000000000000E+000  0.000000000000000E+000  0.000000000000000E+000
  0.000000000000000E+000  0.000000000000000E+000  0.000000000000000E+000
  0.000000000000000E+000  0.000000000000000E+000  0.000000000000000E+000
  0.000000000000000E+000  0.000000000000000E+000  0.000000000000000E+000
  0.000000000000000E+000  0.000000000000000E+000  0.000000000000000E+000
  1.995552000000000E-002  4.438000000000000E-005  0.000000000000000E+000
   1.03927032000000       9.479139999999999E-003  3.680000000000000E-006
  6.559199999999999E-004  0.000000000000000E+000  0.000000000000000E+000
  0.000000000000000E+000  0.000000000000000E+000  0.000000000000000E+000
  0.000000000000000E+000  0.000000000000000E+000  0.000000000000000E+000
  0.000000000000000E+000  0.000000000000000E+000  0.000000000000000E+000
  0.000000000000000E+000  0.000000000000000E+000  0.000000000000000E+000
  0.000000000000000E+000  0.000000000000000E+000  0.000000000000000E+000
  0.000000000000000E+000  0.000000000000000E+000  0.000000000000000E+000
  1.604640000000000E-003  0.000000000000000E+000  0.000000000000000E+000
   1.55038080000000       2.019582000000000E-002  3.800000000000000E-007
  2.200800000000000E-004  0.000000000000000E+000  0.000000000000000E+000
  0.000000000000000E+000  0.000000000000000E+000  0.000000000000000E+000
  0.000000000000000E+000  0.000000000000000E+000  0.000000000000000E+000
  0.000000000000000E+000  0.000000000000000E+000  0.000000000000000E+000
  0.000000000000000E+000  0.000000000000000E+000  0.000000000000000E+000
  0.000000000000000E+000  0.000000000000000E+000  0.000000000000000E+000
  0.000000000000000E+000  0.000000000000000E+000  0.000000000000000E+000
  8.036400000000000E-004  0.000000000000000E+000  0.000000000000000E+000
  0.479336160000000       2.066880000000000E-003  0.000000000000000E+000
   1.23587304000000       4.469480000000001E-003  1.600000000000000E-007
  8.376000000000000E-005  0.000000000000000E+000  0.000000000000000E+000
  0.000000000000000E+000  0.000000000000000E+000  0.000000000000000E+000
  0.000000000000000E+000  0.000000000000000E+000  0.000000000000000E+000
  1.348320000000000E-003  0.000000000000000E+000  0.000000000000000E+000
  1.692000000000000E-005  0.000000000000000E+000  0.000000000000000E+000
  3.889680000000000E-003  0.000000000000000E+000  0.000000000000000E+000
  2.402760000000000E-003  0.000000000000000E+000  0.000000000000000E+000
  0.315277320000000       2.453400000000000E-004  0.000000000000000E+000
   10.9000603200000       0.345508520000000       8.420000000000001E-006
  5.282232000000001E-002  0.000000000000000E+000  0.000000000000000E+000
  0.000000000000000E+000  0.000000000000000E+000  0.000000000000000E+000
  0.000000000000000E+000  0.000000000000000E+000  0.000000000000000E+000
  1.314300000000000E-002  0.000000000000000E+000  0.000000000000000E+000
  2.755140000000000E-002  0.000000000000000E+000  0.000000000000000E+000
  4.125024000000000E-002  0.000000000000000E+000  0.000000000000000E+000
  5.744159999999999E-002  0.000000000000000E+000  0.000000000000000E+000
  0.636162720000000       1.436000000000000E-003  0.000000000000000E+000
   9.96882636000000       0.147038780000000       7.219999999999999E-006
   7.07150580000000       1.062148000000000E-002  0.000000000000000E+000
  0.162853440000000       0.000000000000000E+000  0.000000000000000E+000
  0.000000000000000E+000  0.000000000000000E+000  0.000000000000000E+000
  0.000000000000000E+000  0.000000000000000E+000  0.000000000000000E+000
   1.68373644000000       1.084780000000000E-003  0.000000000000000E+000
   2.08040844000000       1.465700000000000E-003  0.000000000000000E+000
   2.87132952000000       1.457098000000000E-002  4.340000000000000E-006
   5.25721740000000       1.481156000000000E-002  0.000000000000000E+000
   12.6841339200000       3.091322000000000E-002  2.000000000000000E-008
   20.0112696000000       2.223496000000000E-002  0.000000000000000E+000
   3.73445244000000       0.000000000000000E+000  0.000000000000000E+000
  0.119998680000000       0.000000000000000E+000  0.000000000000000E+000
  0.000000000000000E+000  0.000000000000000E+000  0.000000000000000E+000
  4.230840000000000E-003  0.000000000000000E+000  0.000000000000000E+000
   10.7950250400000       1.233900000000000E-002  0.000000000000000E+000
   9.54670992000000       2.384120000000000E-003  0.000000000000000E+000
   10.7714779200000       7.380000000000000E-006  0.000000000000000E+000
   15.6729850800000       1.837664000000000E-002  0.000000000000000E+000
   20.1426058800000       5.187040000000000E-003  0.000000000000000E+000
   16.3956444000000       6.939140000000000E-003  0.000000000000000E+000
   5.62444452000000       0.000000000000000E+000  0.000000000000000E+000
  0.282939480000000       0.000000000000000E+000  0.000000000000000E+000
  0.000000000000000E+000  0.000000000000000E+000  0.000000000000000E+000
  7.785600000000000E-004  0.000000000000000E+000  0.000000000000000E+000
   10.7603307600000       0.000000000000000E+000  0.000000000000000E+000
   12.9492568800000       8.400000000000000E-007  0.000000000000000E+000
   16.2443547600000       3.669260000000000E-003  0.000000000000000E+000
   17.0669194800000       2.839800000000000E-004  0.000000000000000E+000
   18.6611311200000       0.000000000000000E+000  0.000000000000000E+000
   17.2058894400000       0.000000000000000E+000  0.000000000000000E+000
   3.21329820000000       0.000000000000000E+000  0.000000000000000E+000
  0.370960800000000       0.000000000000000E+000  0.000000000000000E+000
  0.000000000000000E+000  0.000000000000000E+000  0.000000000000000E+000
  0.160345680000000       0.000000000000000E+000  0.000000000000000E+000
  0.000000000000000E+000  0.000000000000000E+000  0.000000000000000E+000
  0.000000000000000E+000  0.000000000000000E+000  0.000000000000000E+000
  0.000000000000000E+000  0.000000000000000E+000  0.000000000000000E+000
  0.000000000000000E+000  0.000000000000000E+000  0.000000000000000E+000
  0.000000000000000E+000  0.000000000000000E+000  0.000000000000000E+000
  0.000000000000000E+000  0.000000000000000E+000  0.000000000000000E+000
  0.000000000000000E+000  0.000000000000000E+000  0.000000000000000E+000
  1.717200000000000E-004  0.000000000000000E+000  0.000000000000000E+000
  5.183556000000000E-002  3.370000000000000E-005  0.000000000000000E+000
  0.500198760000000       1.880940000000000E-003  1.800000000000000E-007
  0.000000000000000E+000  0.000000000000000E+000  0.000000000000000E+000
  0.000000000000000E+000  0.000000000000000E+000  0.000000000000000E+000
  0.000000000000000E+000  0.000000000000000E+000  0.000000000000000E+000
  0.000000000000000E+000  0.000000000000000E+000  0.000000000000000E+000
  0.000000000000000E+000  0.000000000000000E+000  0.000000000000000E+000
  0.000000000000000E+000  0.000000000000000E+000  0.000000000000000E+000
  0.000000000000000E+000  0.000000000000000E+000  0.000000000000000E+000
  2.012352000000000E-002  0.000000000000000E+000  0.000000000000000E+000
   1.01027172000000       9.277420000000000E-003  5.200000000000000E-007
  1.356000000000000E-005  0.000000000000000E+000  0.000000000000000E+000
  0.000000000000000E+000  0.000000000000000E+000  0.000000000000000E+000
  0.000000000000000E+000  0.000000000000000E+000  0.000000000000000E+000
  0.000000000000000E+000  0.000000000000000E+000  0.000000000000000E+000
  0.000000000000000E+000  0.000000000000000E+000  0.000000000000000E+000
  0.000000000000000E+000  0.000000000000000E+000  0.000000000000000E+000
  0.000000000000000E+000  0.000000000000000E+000  0.000000000000000E+000
  2.490960000000000E-003  0.000000000000000E+000  0.000000000000000E+000
   1.58215788000000       1.973682000000000E-002  3.800000000000000E-007
  2.692800000000000E-003  0.000000000000000E+000  0.000000000000000E+000
  0.000000000000000E+000  0.000000000000000E+000  0.000000000000000E+000
  0.000000000000000E+000  0.000000000000000E+000  0.000000000000000E+000
  0.000000000000000E+000  0.000000000000000E+000  0.000000000000000E+000
  0.000000000000000E+000  0.000000000000000E+000  0.000000000000000E+000
  0.000000000000000E+000  0.000000000000000E+000  0.000000000000000E+000
  0.000000000000000E+000  0.000000000000000E+000  0.000000000000000E+000
  2.160000000000000E-006  0.000000000000000E+000  0.000000000000000E+000
  0.472193880000000       2.108840000000000E-003  0.000000000000000E+000
   1.43973780000000       4.838319999999999E-003  0.000000000000000E+000
  2.270520000000000E-003  0.000000000000000E+000  0.000000000000000E+000
  0.000000000000000E+000  0.000000000000000E+000  0.000000000000000E+000
  0.000000000000000E+000  0.000000000000000E+000  0.000000000000000E+000
  4.800000000000001E-007  0.000000000000000E+000  0.000000000000000E+000
  2.911200000000000E-004  0.000000000000000E+000  0.000000000000000E+000
  6.717600000000000E-004  0.000000000000000E+000  0.000000000000000E+000
  1.595160000000000E-003  0.000000000000000E+000  0.000000000000000E+000
  0.317938440000000       9.386800000000001E-004  0.000000000000000E+000
   9.90055080000000       0.325960080000000       1.820000000000000E-006
  0.140160720000000       0.000000000000000E+000  0.000000000000000E+000
  0.119999640000000       0.000000000000000E+000  0.000000000000000E+000
  0.000000000000000E+000  0.000000000000000E+000  0.000000000000000E+000
  3.222360000000001E-002  0.000000000000000E+000  0.000000000000000E+000
  5.987004000000001E-002  0.000000000000000E+000  0.000000000000000E+000
  5.156448000000000E-002  0.000000000000000E+000  0.000000000000000E+000
  0.135875640000000       0.000000000000000E+000  0.000000000000000E+000
  0.812501280000000       2.495240000000000E-003  0.000000000000000E+000
   9.74285124000000       0.127929620000000       7.400000000000000E-007
   5.83862676000000       3.871720000000000E-003  0.000000000000000E+000
  0.110321640000000       0.000000000000000E+000  0.000000000000000E+000
  0.000000000000000E+000  0.000000000000000E+000  0.000000000000000E+000
  1.449324000000000E-002  0.000000000000000E+000  0.000000000000000E+000
   1.55588124000000       3.757040000000001E-003  0.000000000000000E+000
   1.97971536000000       1.724800000000000E-004  0.000000000000000E+000
   2.18769408000000       2.453880000000000E-003  0.000000000000000E+000
   4.69263864000000       1.881770000000000E-002  0.000000000000000E+000
   12.2355882000000       6.373524000000001E-002  0.000000000000000E+000
   19.8071794800000       7.592145999999998E-002  2.600000000000000E-007
   3.77052756000000       0.000000000000000E+000  0.000000000000000E+000
  9.196680000000000E-003  0.000000000000000E+000  0.000000000000000E+000
  0.000000000000000E+000  0.000000000000000E+000  0.000000000000000E+000
  0.000000000000000E+000  0.000000000000000E+000  0.000000000000000E+000
   10.0949611200000       3.999420000000000E-003  0.000000000000000E+000
   11.3883210000000       6.931160000000000E-003  0.000000000000000E+000
   10.9460374800000       8.403000000000000E-004  0.000000000000000E+000
   13.7470215600000       4.719580000000000E-003  0.000000000000000E+000
   18.3899952000000       1.431580000000000E-003  0.000000000000000E+000
   18.1937982000000       7.977780000000000E-003  0.000000000000000E+000
   3.70739376000000       0.000000000000000E+000  0.000000000000000E+000
  0.000000000000000E+000  0.000000000000000E+000  0.000000000000000E+000
  3.501816000000000E-002  0.000000000000000E+000  0.000000000000000E+000
  5.407343999999999E-002  0.000000000000000E+000  0.000000000000000E+000
   13.2743662800000       0.000000000000000E+000  0.000000000000000E+000
   11.8493128800000       0.000000000000000E+000  0.000000000000000E+000
   12.1746224400000       0.000000000000000E+000  0.000000000000000E+000
   15.2412828000000       1.066988000000000E-002  0.000000000000000E+000
   18.6000390000000       0.000000000000000E+000  0.000000000000000E+000
   15.7815847200000       0.000000000000000E+000  0.000000000000000E+000
   4.15168488000000       0.000000000000000E+000  0.000000000000000E+000
  0.000000000000000E+000  0.000000000000000E+000  0.000000000000000E+000
  2.447364000000000E-002  0.000000000000000E+000  0.000000000000000E+000
  2.160396000000000E-002  0.000000000000000E+000  0.000000000000000E+000
  0.000000000000000E+000  0.000000000000000E+000  0.000000000000000E+000
  0.000000000000000E+000  0.000000000000000E+000  0.000000000000000E+000
  0.000000000000000E+000  0.000000000000000E+000  0.000000000000000E+000
  0.000000000000000E+000  0.000000000000000E+000  0.000000000000000E+000
  0.000000000000000E+000  0.000000000000000E+000  0.000000000000000E+000
  0.000000000000000E+000  0.000000000000000E+000  0.000000000000000E+000
  0.000000000000000E+000  0.000000000000000E+000  0.000000000000000E+000
  8.508000000000001E-005  0.000000000000000E+000  0.000000000000000E+000
  4.643015999999998E-002  8.280000000000000E-006  0.000000000000000E+000
  0.481176840000000       2.010840000000001E-003  4.000000000000000E-007
  0.000000000000000E+000  0.000000000000000E+000  0.000000000000000E+000
  0.000000000000000E+000  0.000000000000000E+000  0.000000000000000E+000
  0.000000000000000E+000  0.000000000000000E+000  0.000000000000000E+000
  0.000000000000000E+000  0.000000000000000E+000  0.000000000000000E+000
  0.000000000000000E+000  0.000000000000000E+000  0.000000000000000E+000
  0.000000000000000E+000  0.000000000000000E+000  0.000000000000000E+000
  0.000000000000000E+000  0.000000000000000E+000  0.000000000000000E+000
  2.157816000000000E-002  0.000000000000000E+000  0.000000000000000E+000
   1.01964384000000       1.014026000000000E-002  7.540000000000000E-006
  2.776920000000000E-003  0.000000000000000E+000  0.000000000000000E+000
  0.000000000000000E+000  0.000000000000000E+000  0.000000000000000E+000
  0.000000000000000E+000  0.000000000000000E+000  0.000000000000000E+000
  0.000000000000000E+000  0.000000000000000E+000  0.000000000000000E+000
  0.000000000000000E+000  0.000000000000000E+000  0.000000000000000E+000
  0.000000000000000E+000  0.000000000000000E+000  0.000000000000000E+000
  0.000000000000000E+000  0.000000000000000E+000  0.000000000000000E+000
  3.512880000000000E-003  0.000000000000000E+000  0.000000000000000E+000
   1.66269612000000       2.592152000000000E-002  2.600000000000000E-007
  0.000000000000000E+000  0.000000000000000E+000  0.000000000000000E+000
  0.000000000000000E+000  0.000000000000000E+000  0.000000000000000E+000
  0.000000000000000E+000  0.000000000000000E+000  0.000000000000000E+000
  0.000000000000000E+000  0.000000000000000E+000  0.000000000000000E+000
  0.000000000000000E+000  0.000000000000000E+000  0.000000000000000E+000
  0.000000000000000E+000  0.000000000000000E+000  0.000000000000000E+000
  0.000000000000000E+000  0.000000000000000E+000  0.000000000000000E+000
  5.570400000000000E-004  0.000000000000000E+000  0.000000000000000E+000
  0.470997960000000       1.884780000000000E-003  0.000000000000000E+000
   1.55167032000000       1.150742000000000E-002  0.000000000000000E+000
  0.000000000000000E+000  0.000000000000000E+000  0.000000000000000E+000
  0.000000000000000E+000  0.000000000000000E+000  0.000000000000000E+000
  0.000000000000000E+000  0.000000000000000E+000  0.000000000000000E+000
  1.200000000000000E-007  0.000000000000000E+000  0.000000000000000E+000
  0.000000000000000E+000  0.000000000000000E+000  0.000000000000000E+000
  1.142160000000000E-003  0.000000000000000E+000  0.000000000000000E+000
  2.655240000000000E-003  0.000000000000000E+000  0.000000000000000E+000
  0.283791840000000       6.892400000000000E-004  0.000000000000000E+000
   10.5781226400000       0.354240920000000       1.114000000000000E-005
  0.258770280000000       0.000000000000000E+000  0.000000000000000E+000
