  0.14202029999999999       0.77205785000000005        5.6652999999999998E-003   5.9465000000000004E-003
  0.16006434999999999       0.75550684999999995        6.4529000000000001E-003   6.0655500000000003E-003
  0.19043700000000000       0.71813400000000005        6.7507499999999998E-003   6.8073500000000002E-003
  0.22268879999999999       0.67073695000000000        9.2019000000000007E-003   9.2342499999999994E-003
  0.23165500000000000       0.64215960000000005        1.1480850000000001E-002   1.1609850000000000E-002
  0.24594669999999999       0.59341535000000001        1.4934550000000000E-002   1.5281650000000001E-002
  0.25227185000000002       0.56479130000000000        1.9053199999999999E-002   1.9762900000000000E-002
  0.27267000000000002       0.48688619999999999        2.4187150000000001E-002   2.4454850000000000E-002
  0.26795760000000002       0.44682474999999999        2.8084649999999999E-002   2.8143600000000001E-002
  0.27426420000000001       0.37557364999999998        3.3950399999999999E-002   3.4609149999999998E-002
  0.25492935000000000       0.29658954999999998        3.4833549999999998E-002   3.4546800000000003E-002
  0.23728394999999999       0.25357245000000000        3.6204100000000003E-002   3.4504800000000002E-002
  0.20780235000000000       0.19082515000000000        3.3570049999999997E-002   3.2078849999999999E-002
  0.17964585000000000       0.13981810000000000        3.0203549999999999E-002   2.8080399999999998E-002
  0.13575060000000000        9.5619200000000001E-002   2.2514150000000000E-002   2.0498949999999998E-002
