9.736233692175209953e+00
4.410440774422479948e-01
5.267896553314409536e-01
1.000000000000000000e+01
9.909722571011929659e+00
1.000000000000000000e+01
1.000000000000000000e+01
1.000000000000000000e+01
1.000000000000000000e+01
0.000000000000000000e+00
9.955351938651629595e+00
2.012456450376439998e-01
6.296257895848570429e-01
1.000000000000000000e+01
9.996983407159010682e+00
1.000000000000000000e+01
1.000000000000000000e+01
2.078443271444880003e-01
5.165132399613890257e+00
3.562707981286494796e-02
5.437921101304680427e+00
