       0.3221E-01       0.8799E-01       0.3200E-04       0.2810E-04
       0.3770E-01       0.8671E-01       0.2904E-04       0.3143E-04
       0.4902E-01       0.8376E-01       0.3668E-04       0.3917E-04
       0.6140E-01       0.7994E-01       0.5097E-04       0.5493E-04
       0.7228E-01       0.7499E-01       0.8645E-04       0.8277E-04
       0.8155E-01       0.6824E-01       0.1491E-03       0.1162E-03
       0.8411E-01       0.5971E-01       0.2373E-03       0.1556E-03
       0.8103E-01       0.5007E-01       0.3690E-03       0.2000E-03
       0.7110E-01       0.3936E-01       0.4826E-03       0.2411E-03
       0.5717E-01       0.2925E-01       0.5552E-03       0.2629E-03
       0.4150E-01       0.2029E-01       0.5766E-03       0.2654E-03
       0.2735E-01       0.1331E-01       0.5113E-03       0.2297E-03
       0.1749E-01       0.8448E-02       0.4065E-03       0.1968E-03
       0.1032E-01       0.4951E-02       0.2833E-03       0.1401E-03
       0.5914E-02       0.2972E-02       0.1888E-03       0.9794E-04
       0.3252E-01       0.8780E-01       0.2920E-04       0.2955E-04
       0.3750E-01       0.8683E-01       0.2893E-04       0.3041E-04
       0.4886E-01       0.8361E-01       0.3638E-04       0.3908E-04
       0.6217E-01       0.7973E-01       0.5254E-04       0.5556E-04
       0.7292E-01       0.7475E-01       0.8804E-04       0.8144E-04
       0.8184E-01       0.6770E-01       0.1454E-03       0.1166E-03
       0.8477E-01       0.6009E-01       0.2455E-03       0.1627E-03
       0.8135E-01       0.5051E-01       0.3615E-03       0.2089E-03
       0.7170E-01       0.3971E-01       0.4851E-03       0.2462E-03
       0.5766E-01       0.2952E-01       0.5654E-03       0.2691E-03
       0.4110E-01       0.2011E-01       0.5717E-03       0.2588E-03
       0.2731E-01       0.1320E-01       0.5001E-03       0.2362E-03
       0.1731E-01       0.8363E-02       0.4085E-03       0.1919E-03
       0.1035E-01       0.4995E-02       0.2902E-03       0.1448E-03
       0.5988E-02       0.2944E-02       0.1879E-03       0.9926E-04
       0.3287E-01       0.8723E-01       0.2969E-04       0.3131E-04
       0.3774E-01       0.8645E-01       0.3024E-04       0.3021E-04
       0.4919E-01       0.8349E-01       0.3524E-04       0.4123E-04
       0.6097E-01       0.8032E-01       0.5182E-04       0.5629E-04
       0.7274E-01       0.7477E-01       0.8839E-04       0.7847E-04
       0.8103E-01       0.6826E-01       0.1484E-03       0.1107E-03
       0.8493E-01       0.5978E-01       0.2412E-03       0.1559E-03
       0.8082E-01       0.4993E-01       0.3619E-03       0.1979E-03
       0.7148E-01       0.3933E-01       0.4834E-03       0.2415E-03
       0.5678E-01       0.2908E-01       0.5523E-03       0.2598E-03
       0.4219E-01       0.2045E-01       0.5790E-03       0.2658E-03
       0.2785E-01       0.1323E-01       0.5086E-03       0.2379E-03
       0.1700E-01       0.8156E-02       0.4028E-03       0.1892E-03
       0.1039E-01       0.5000E-02       0.2950E-03       0.1411E-03
       0.5975E-02       0.3017E-02       0.1895E-03       0.9968E-04
