  6.655007999999998E-002  2.640000000000000E-005  0.000000000000000E+000
  6.854868000000001E-002  5.403999999999999E-005  4.000000000000000E-008
  6.580691999999998E-002  3.652000000000000E-005  6.000000000000001E-008
  6.853835999999998E-002  1.618000000000000E-005  0.000000000000000E+000
  7.871544000000003E-002  6.214000000000000E-005  3.000000000000000E-007
  9.347664000000000E-002  1.024200000000000E-004  0.000000000000000E+000
  0.119262720000000       1.777200000000000E-004  1.240000000000000E-006
  0.165703200000000       2.379000000000000E-004  1.240000000000000E-006
  0.206699160000000       4.050400000000001E-004  7.200000000000000E-007
  0.229399320000000       4.152200000000001E-004  5.800000000000000E-007
  2.584080000000000E-003  0.000000000000000E+000  0.000000000000000E+000
  2.655959999999999E-003  0.000000000000000E+000  0.000000000000000E+000
  2.529360000000000E-003  0.000000000000000E+000  0.000000000000000E+000
  2.847960000000000E-003  0.000000000000000E+000  0.000000000000000E+000
  4.432800000000001E-003  0.000000000000000E+000  0.000000000000000E+000
  7.191360000000000E-003  2.400000000000000E-006  0.000000000000000E+000
  2.080500000000000E-002  2.200000000000000E-006  0.000000000000000E+000
  5.228280000000000E-002  1.406000000000000E-005  0.000000000000000E+000
  0.120596040000000       9.271999999999999E-005  0.000000000000000E+000
  0.203633760000000       3.569600000000001E-004  4.000000000000000E-008
  6.612000000000001E-005  0.000000000000000E+000  0.000000000000000E+000
  1.092000000000000E-004  0.000000000000000E+000  0.000000000000000E+000
  6.432000000000001E-005  0.000000000000000E+000  0.000000000000000E+000
  1.347600000000000E-004  0.000000000000000E+000  0.000000000000000E+000
  1.393200000000000E-004  0.000000000000000E+000  0.000000000000000E+000
  5.961600000000000E-004  0.000000000000000E+000  0.000000000000000E+000
  2.962199999999999E-003  0.000000000000000E+000  0.000000000000000E+000
  1.426080000000000E-002  4.200000000000000E-006  0.000000000000000E+000
  6.980424000000002E-002  2.577999999999999E-005  0.000000000000000E+000
  0.175174080000000       2.296000000000000E-004  0.000000000000000E+000
  0.000000000000000E+000  0.000000000000000E+000  0.000000000000000E+000
  0.000000000000000E+000  0.000000000000000E+000  0.000000000000000E+000
  1.920000000000000E-006  0.000000000000000E+000  0.000000000000000E+000
  2.520000000000000E-006  0.000000000000000E+000  0.000000000000000E+000
  1.560000000000000E-006  0.000000000000000E+000  0.000000000000000E+000
  1.548000000000000E-005  0.000000000000000E+000  0.000000000000000E+000
  3.332400000000001E-004  0.000000000000000E+000  0.000000000000000E+000
  4.098720000000000E-003  0.000000000000000E+000  0.000000000000000E+000
  3.755099999999999E-002  1.786000000000000E-005  0.000000000000000E+000
  0.143343720000000       1.737600000000001E-004  1.200000000000000E-007
  0.000000000000000E+000  0.000000000000000E+000  0.000000000000000E+000
  0.000000000000000E+000  0.000000000000000E+000  0.000000000000000E+000
  0.000000000000000E+000  0.000000000000000E+000  0.000000000000000E+000
  0.000000000000000E+000  0.000000000000000E+000  0.000000000000000E+000
  0.000000000000000E+000  0.000000000000000E+000  0.000000000000000E+000
  0.000000000000000E+000  0.000000000000000E+000  0.000000000000000E+000
  7.080000000000001E-006  0.000000000000000E+000  0.000000000000000E+000
  7.696800000000001E-004  0.000000000000000E+000  0.000000000000000E+000
  1.966296000000000E-002  6.400000000000000E-007  0.000000000000000E+000
  0.121349520000000       9.750000000000000E-005  0.000000000000000E+000
  0.774915240000000       5.277000000000000E-003  2.060000000000000E-006
  0.787395480000000       5.051660000000000E-003  1.078000000000000E-005
  0.779016000000000       4.792799999999999E-003  1.940000000000000E-006
  0.790747200000000       4.826900000000000E-003  1.580000000000000E-006
  0.848191920000000       5.401760000000001E-003  5.380000000000001E-006
  0.805598640000000       5.531480000000002E-003  2.440000000000000E-006
  0.260345520000000       8.714800000000000E-004  0.000000000000000E+000
  4.490532000000001E-002  8.062000000000000E-005  0.000000000000000E+000
  4.383743999999999E-002  1.092600000000000E-004  0.000000000000000E+000
  2.406887999999999E-002  2.860000000000000E-005  0.000000000000000E+000
  7.179468000000000E-002  2.542000000000000E-005  0.000000000000000E+000
  7.486212000000000E-002  2.960000000000000E-005  0.000000000000000E+000
  8.038007999999998E-002  7.497999999999999E-005  0.000000000000000E+000
  9.033996000000002E-002  7.100000000000000E-005  0.000000000000000E+000
  0.104882880000000       9.056000000000001E-005  0.000000000000000E+000
  0.174525120000000       3.119400000000000E-004  0.000000000000000E+000
  0.339880080000000       9.581000000000005E-004  1.320000000000000E-006
  0.615211680000000       3.137560000000001E-003  1.218000000000000E-005
  4.357224000000001E-002  7.052000000000000E-005  0.000000000000000E+000
  3.869652000000001E-002  8.376000000000000E-005  0.000000000000000E+000
  4.618919999999999E-003  0.000000000000000E+000  0.000000000000000E+000
  4.896360000000000E-003  0.000000000000000E+000  0.000000000000000E+000
  3.558840000000000E-003  0.000000000000000E+000  0.000000000000000E+000
  5.286119999999998E-003  0.000000000000000E+000  0.000000000000000E+000
  8.332439999999998E-003  0.000000000000000E+000  0.000000000000000E+000
  1.841844000000000E-002  5.800000000000000E-007  0.000000000000000E+000
  6.997188000000000E-002  4.542000000000000E-005  0.000000000000000E+000
  0.283747560000000       6.854599999999999E-004  4.800000000000001E-007
  0.227163360000000       7.883799999999999E-004  1.800000000000000E-007
  3.559008000000000E-002  1.243200000000000E-004  0.000000000000000E+000
  8.784000000000000E-005  0.000000000000000E+000  0.000000000000000E+000
  1.396800000000000E-004  0.000000000000000E+000  0.000000000000000E+000
  3.712800000000001E-004  0.000000000000000E+000  0.000000000000000E+000
  1.316400000000000E-004  0.000000000000000E+000  0.000000000000000E+000
  5.809200000000000E-004  0.000000000000000E+000  0.000000000000000E+000
  1.443360000000000E-003  0.000000000000000E+000  0.000000000000000E+000
  1.089743999999999E-002  2.200000000000000E-007  0.000000000000000E+000
  0.101781960000000       9.130000000000000E-005  0.000000000000000E+000
  0.507661320000000       2.035040000000000E-003  4.320000000000000E-006
  3.903912000000000E-002  6.870000000000000E-005  0.000000000000000E+000
  0.000000000000000E+000  0.000000000000000E+000  0.000000000000000E+000
  1.344000000000000E-005  0.000000000000000E+000  0.000000000000000E+000
  2.376000000000000E-005  0.000000000000000E+000  0.000000000000000E+000
  1.020000000000000E-005  0.000000000000000E+000  0.000000000000000E+000
  3.239999999999999E-006  0.000000000000000E+000  0.000000000000000E+000
  1.705200000000000E-004  0.000000000000000E+000  0.000000000000000E+000
  1.152600000000000E-003  0.000000000000000E+000  0.000000000000000E+000
  3.141839999999999E-002  2.232000000000000E-005  0.000000000000000E+000
  0.360916200000000       9.171000000000001E-004  4.400000000000000E-007
  3.841931999999999E-002  6.918000000000001E-005  0.000000000000000E+000
   1.47796620000000       1.959922000000000E-002  2.424000000000000E-005
   1.50103128000000       1.716996000000000E-002  1.584000000000000E-005
   1.44425004000000       1.823130000000000E-002  1.770000000000000E-005
   1.18351668000000       1.058838000000000E-002  2.900000000000000E-006
  0.753897000000000       5.409360000000001E-003  2.300000000000000E-006
  0.388768800000000       1.582480000000000E-003  0.000000000000000E+000
  0.155751480000000       3.911400000000001E-004  2.980000000000000E-006
  0.110303880000000       2.927000000000000E-004  0.000000000000000E+000
  9.077532000000003E-002  1.631400000000000E-004  2.000000000000000E-008
  9.166919999999999E-002  2.918000000000000E-004  0.000000000000000E+000
  0.980022240000000       8.383639999999999E-003  8.400000000000000E-007
  0.995902920000000       8.507440000000000E-003  2.220000000000000E-006
   1.00752972000000       7.696020000000000E-003  2.000000000000000E-007
   1.10883300000000       1.034896000000000E-002  6.820000000000000E-006
   1.31447544000000       1.342306000000000E-002  1.640000000000000E-006
   1.59333768000000       2.128380000000000E-002  3.860000000000000E-006
   1.81340244000000       2.636694000000000E-002  8.500000000000000E-006
  0.239640840000000       5.769200000000002E-004  0.000000000000000E+000
  0.101997960000000       2.716000000000000E-004  0.000000000000000E+000
  0.102385920000000       2.206400000000000E-004  5.800000000000000E-007
  0.108174480000000       6.418000000000000E-005  0.000000000000000E+000
  0.109011960000000       4.949999999999998E-005  0.000000000000000E+000
  0.116171280000000       1.404400000000000E-004  0.000000000000000E+000
  0.139566360000000       1.083000000000000E-004  0.000000000000000E+000
  0.198496560000000       3.398200000000000E-004  4.000000000000000E-008
  0.368802000000000       8.529199999999997E-004  1.020000000000000E-006
  0.919910160000000       7.220659999999999E-003  1.750000000000000E-005
   1.35914544000000       1.465128000000000E-002  1.660000000000000E-006
  8.482020000000000E-002  1.716600000000000E-004  1.600000000000000E-007
  0.110279160000000       2.327200000000000E-004  0.000000000000000E+000
  6.836520000000000E-003  6.539999999999999E-006  0.000000000000000E+000
  6.365879999999998E-003  0.000000000000000E+000  0.000000000000000E+000
  7.837439999999999E-003  0.000000000000000E+000  0.000000000000000E+000
  1.002468000000000E-002  1.160000000000000E-005  0.000000000000000E+000
  1.817820000000000E-002  3.320000000000000E-006  0.000000000000000E+000
  5.635283999999999E-002  2.736000000000000E-005  0.000000000000000E+000
  0.250685640000000       5.061600000000002E-004  0.000000000000000E+000
   1.12299612000000       9.649400000000001E-003  2.020000000000000E-006
  0.132347640000000       3.743200000000001E-004  0.000000000000000E+000
  7.823843999999999E-002  9.672000000000000E-005  0.000000000000000E+000
  7.030799999999999E-004  0.000000000000000E+000  0.000000000000000E+000
  5.694000000000001E-004  0.000000000000000E+000  0.000000000000000E+000
  4.749600000000000E-004  0.000000000000000E+000  0.000000000000000E+000
  4.678800000000001E-004  0.000000000000000E+000  0.000000000000000E+000
  1.574880000000000E-003  0.000000000000000E+000  0.000000000000000E+000
  7.642200000000001E-003  0.000000000000000E+000  0.000000000000000E+000
  5.136875999999999E-002  5.499999999999999E-006  0.000000000000000E+000
  0.531646560000000       2.485240000000000E-003  4.400000000000000E-007
  0.200484120000000       7.155400000000000E-004  1.320000000000000E-006
  0.107238000000000       1.035800000000000E-004  2.900000000000000E-006
   1.11049416000000       8.502460000000000E-003  3.980000000000000E-006
   1.13946012000000       6.080640000000001E-003  1.300000000000000E-006
   1.00053156000000       6.626459999999998E-003  1.064000000000000E-005
  0.854550960000000       5.948580000000000E-003  2.400000000000000E-006
  0.660535560000000       3.089699999999999E-003  4.200000000000000E-006
  0.358129560000000       1.105980000000000E-003  0.000000000000000E+000
  0.156197880000000       3.050800000000000E-004  0.000000000000000E+000
  0.107161440000000       9.574000000000002E-005  2.200000000000000E-007
  0.103286400000000       8.635999999999999E-005  5.400000000000000E-007
  8.536175999999999E-002  7.013999999999999E-005  0.000000000000000E+000
   4.48687524000000       0.160723480000000       1.720000000000000E-005
   4.57377348000000       0.173862820000000       1.296000000000000E-005
   4.61004336000000       0.174582880000000       3.018000000000000E-005
   4.42948620000000       0.161467860000000       2.032000000000000E-005
   4.33983132000000       0.147529360000000       3.006000000000000E-005
   3.57565380000000       0.101495300000000       3.704000000000000E-005
   1.74954864000000       2.100504000000000E-002  2.884000000000000E-005
  0.242955000000000       9.535600000000001E-004  5.200000000000000E-007
  0.129282840000000       1.402800000000000E-004  0.000000000000000E+000
  0.107498640000000       4.446000000000000E-005  0.000000000000000E+000
   1.39057884000000       1.700438000000001E-002  3.320000000000000E-006
   1.45317648000000       1.696622000000000E-002  2.100000000000000E-006
   1.49729148000000       1.850774000000000E-002  6.000000000000001E-008
   1.64519040000000       2.148972000000000E-002  8.500000000000000E-006
   2.08108188000000       3.469746000000000E-002  1.256000000000000E-005
   2.94771768000000       7.263619999999998E-002  1.280000000000000E-006
   3.53209824000000       0.100040700000000       5.791999999999999E-005
  0.769199880000000       4.783900000000000E-003  8.019999999999999E-006
  0.129147720000000       1.739000000000000E-004  0.000000000000000E+000
  0.115916160000000       1.901800000000000E-004  0.000000000000000E+000
  0.162744600000000       1.347200000000000E-004  0.000000000000000E+000
  0.183301920000000       3.072400000000000E-004  0.000000000000000E+000
  0.206911200000000       3.829800000000000E-004  0.000000000000000E+000
  0.241882320000000       4.058999999999999E-004  0.000000000000000E+000
  0.379243440000000       1.238999999999999E-003  1.800000000000000E-007
  0.843191040000000       6.603680000000000E-003  3.120000000000001E-006
   2.25941292000000       4.162422000000000E-002  1.198000000000000E-005
   2.28832980000000       3.948430000000000E-002  4.540000000000000E-005
  0.181362840000000       5.384200000000000E-004  7.200000000000000E-007
  0.105523680000000       1.904600000000000E-004  0.000000000000000E+000
  1.515012000000000E-002  5.440000000000000E-006  0.000000000000000E+000
  1.569588000000000E-002  0.000000000000000E+000  0.000000000000000E+000
  1.655460000000000E-002  0.000000000000000E+000  0.000000000000000E+000
  2.091960000000000E-002  1.060000000000000E-006  0.000000000000000E+000
  4.478208000000000E-002  8.180000000000000E-006  0.000000000000000E+000
  0.135111120000000       1.985200000000000E-004  0.000000000000000E+000
  0.778715880000000       5.474780000000000E-003  8.000000000000000E-008
   2.63333316000000       5.515077999999999E-002  4.296000000000000E-005
  0.149400720000000       4.592799999999999E-004  0.000000000000000E+000
  0.127477800000000       1.258400000000000E-004  0.000000000000000E+000
  0.635424840000000       2.326980000000000E-003  0.000000000000000E+000
  0.631952280000000       2.190200000000001E-003  4.500000000000000E-006
  0.538673280000000       1.791879999999999E-003  0.000000000000000E+000
  0.569408880000000       1.277120000000000E-003  5.379999999999999E-006
  0.401741640000000       1.003640000000000E-003  0.000000000000000E+000
  0.205088280000000       2.846200000000000E-004  2.220000000000000E-006
  0.127456920000000       1.877800000000000E-004  0.000000000000000E+000
  6.922644000000000E-002  3.890000000000000E-005  0.000000000000000E+000
  5.886743999999999E-002  1.171000000000000E-004  0.000000000000000E+000
  5.888123999999999E-002  9.350000000000001E-005  0.000000000000000E+000
   4.70904408000000       0.119946640000000       3.030000000000000E-005
   4.82642220000000       0.121189880000000       8.919999999999999E-006
   4.41761376000000       0.105430240000000       2.342000000000000E-005
   4.30365516000000       9.521743999999999E-002  4.471999999999999E-005
   3.43564596000000       5.541598000000000E-002  2.624000000000000E-005
   2.41965948000000       2.539917999999999E-002  3.280000000000000E-006
   1.00959180000000       4.533139999999998E-003  3.940000000000000E-006
  0.179820600000000       2.722800000000000E-004  0.000000000000000E+000
  7.718760000000001E-002  3.548000000000000E-005  0.000000000000000E+000
  6.844824000000001E-002  6.895999999999999E-005  0.000000000000000E+000
   6.87871404000000       0.389802400000000       5.900000000000000E-006
   7.03264572000000       0.388585620000000       4.756000000000000E-005
   6.90056628000000       0.373399300000000       4.957999999999999E-005
   7.04030568000000       0.392595600000000       4.231999999999999E-005
   6.87441336000000       0.364317260000000       4.176000000000000E-005
   5.77018956000000       0.223615020000000       3.830000000000000E-005
   3.31369260000000       6.303953999999999E-002  4.040000000000000E-006
  0.501849360000000       1.072340000000000E-003  4.600000000000000E-007
  9.642048000000000E-002  2.314000000000000E-004  0.000000000000000E+000
  7.780187999999998E-002  1.478800000000000E-004  0.000000000000000E+000
   2.08646928000000       3.638154000000000E-002  6.340000000000000E-006
   2.15306064000000       3.815690000000001E-002  1.002000000000000E-005
   2.31139404000000       4.537616000000001E-002  1.168000000000000E-005
   2.56297884000000       5.283322000000002E-002  1.166000000000000E-005
   3.52027668000000       0.101560440000000       4.940000000000001E-006
   5.21102976000000       0.216888040000000       3.726000000000000E-005
   5.33145372000000       0.219022280000000       2.922000000000000E-005
   1.44546396000000       1.303688000000000E-002  4.780000000000000E-006
  0.134083920000000       9.481999999999999E-005  0.000000000000000E+000
  0.111571440000000       1.027200000000000E-004  4.000000000000000E-008
  0.297944400000000       5.790200000000000E-004  0.000000000000000E+000
  0.297994800000000       7.150600000000000E-004  0.000000000000000E+000
  0.305569800000000       7.909800000000005E-004  0.000000000000000E+000
  0.443142600000000       1.798540000000000E-003  0.000000000000000E+000
  0.731838600000000       4.629080000000001E-003  7.600000000000000E-007
   1.82263236000000       2.840081999999999E-002  4.780000000000000E-006
   4.71726180000000       0.184849540000000       2.750000000000000E-005
   2.77026564000000       5.202132000000000E-002  1.476000000000000E-005
  0.139364160000000       3.429400000000001E-004  0.000000000000000E+000
  6.449952000000000E-002  8.439999999999999E-006  0.000000000000000E+000
  0.312419400000000       6.495800000000000E-004  0.000000000000000E+000
  0.331080000000000       5.833600000000001E-004  0.000000000000000E+000
  0.284074560000000       5.235600000000001E-004  0.000000000000000E+000
  0.255067200000000       3.877000000000000E-004  0.000000000000000E+000
  0.267746400000000       3.354200000000000E-004  0.000000000000000E+000
  0.119800560000000       5.655999999999999E-005  6.600000000000000E-007
  9.418020000000001E-002  1.817800000000000E-004  0.000000000000000E+000
  0.165324720000000       0.000000000000000E+000  0.000000000000000E+000
  5.088467999999999E-002  2.800000000000000E-007  0.000000000000000E+000
  3.323964000000001E-002  5.976000000000000E-005  0.000000000000000E+000
   1.80603144000000       5.711159999999998E-003  9.400000000000001E-006
   1.68855216000000       7.397700000000000E-003  1.724000000000000E-005
   1.63942524000000       5.108280000000001E-003  8.000000000000001E-007
   1.73732448000000       9.450580000000000E-003  0.000000000000000E+000
   1.61422476000000       4.297619999999999E-003  7.360000000000000E-006
   1.19779140000000       3.964440000000000E-003  1.800000000000000E-007
  0.438818760000000       1.077560000000000E-003  0.000000000000000E+000
  0.112026360000000       9.128000000000001E-005  0.000000000000000E+000
  6.326364000000000E-002  8.758000000000000E-005  0.000000000000000E+000
  4.372020000000001E-002  8.615999999999999E-005  0.000000000000000E+000
   6.82590060000000       0.179865220000000       1.940000000000000E-005
   6.94644828000000       0.200096540000000       1.932000000000000E-005
   6.55213740000000       0.174865140000000       1.564000000000000E-005
   5.56267788000000       0.123825100000000       1.340000000000000E-005
   4.81616160000000       7.323122000000000E-002  3.060000000000000E-006
   3.28726680000000       3.592346000000000E-002  1.400000000000000E-005
   1.40983440000000       7.364699999999999E-003  2.000000000000000E-008
  0.259963560000000       2.578599999999999E-004  0.000000000000000E+000
  7.665648000000001E-002  1.315400000000000E-004  0.000000000000000E+000
  4.682712000000001E-002  0.000000000000000E+000  0.000000000000000E+000
   9.65390808000000       0.720465260000000       3.084000000000000E-005
   9.79228836000000       0.700993840000000       5.644000000000001E-005
   9.80889432000000       0.682872880000000       3.293999999999999E-005
   9.79707048000000       0.691518800000000       1.184000000000000E-005
   9.87974940000000       0.626332580000000       2.964000000000000E-005
   7.58054952000000       0.293780260000000       1.436000000000000E-005
   2.86609224000000       3.390406000000001E-002  2.100000000000000E-006
  0.584543040000000       2.282199999999999E-003  4.000000000000000E-008
  8.828184000000001E-002  1.374200000000000E-004  0.000000000000000E+000
  5.054544000000002E-002  8.723999999999998E-005  0.000000000000000E+000
   2.99083176000000       7.666926000000000E-002  9.160000000000000E-006
   3.21441144000000       8.114395999999999E-002  6.400000000000001E-006
   3.43195668000000       9.172311999999999E-002  1.878000000000000E-005
   4.16703048000000       0.144771660000000       5.840000000000000E-006
   5.83777908000000       0.264803060000000       1.248000000000000E-005
   8.64688992000000       0.553639040000000       2.588000000000000E-005
   6.42007308000000       0.231245740000000       4.468000000000001E-005
   1.38268500000000       8.832180000000000E-003  3.000000000000000E-007
  0.108085320000000       2.341200000000000E-004  0.000000000000000E+000
  4.833527999999999E-002  5.314000000000000E-005  0.000000000000000E+000
   1.96238136000000       2.930219999999999E-003  4.860000000000000E-006
   2.03748060000000       8.896220000000000E-003  5.859999999999999E-006
   1.63801668000000       4.641580000000001E-003  0.000000000000000E+000
   2.14675272000000       4.307780000000001E-003  2.320000000000000E-006
   1.29031800000000       9.714960000000002E-003  6.000000000000001E-008
   1.16108028000000       2.273139999999999E-003  0.000000000000000E+000
  0.818414760000000       1.861100000000000E-003  0.000000000000000E+000
  0.118169760000000       1.493800000000000E-004  0.000000000000000E+000
  4.713264000000000E-002  2.590000000000000E-005  0.000000000000000E+000
  1.456332000000000E-002  8.156000000000000E-005  0.000000000000000E+000
   9.29981232000000       0.241629000000000       2.646000000000000E-005
   8.37040344000000       0.203746720000000       2.480000000000000E-006
   8.54383188000000       0.191274560000000       1.104000000000000E-005
   7.59773652000000       0.140009720000000       1.252000000000000E-005
   5.19388056000000       5.745280000000000E-002  1.996000000000000E-005
   2.87444244000000       1.499872000000000E-002  2.200000000000000E-007
   1.39641048000000       3.743460000000000E-003  1.000000000000000E-007
  0.438196200000000       3.703400000000000E-004  0.000000000000000E+000
  3.191567999999999E-002  2.354000000000000E-005  0.000000000000000E+000
  9.086088000000002E-002  1.600000000000000E-006  0.000000000000000E+000
   12.7258737600000        1.05711194000000       1.726000000000000E-005
   12.8278376400000        1.02107026000000       7.092000000000001E-005
   13.2128629200000        1.02684538000000       3.436000000000000E-005
   12.8128087200000       0.947666320000000       4.027999999999999E-005
   12.1956759600000       0.667428820000000       3.418000000000000E-005
   8.14521192000000       0.211508220000000       1.696000000000000E-005
   2.20259184000000       1.641438000000000E-002  3.100000000000000E-006
  0.641093880000000       1.746900000000000E-003  0.000000000000000E+000
  5.783867999999998E-002  1.271600000000000E-004  0.000000000000000E+000
  8.798651999999997E-002  0.000000000000000E+000  0.000000000000000E+000
   11.7280636800000       0.243750620000000       8.399999999999999E-006
   10.0767374400000       0.167466940000000       1.304000000000000E-005
   10.5916245600000       0.165805500000000       8.079999999999999E-006
   8.83227696000000       0.123420480000000       2.700000000000000E-006
   6.07556904000000       7.226310000000000E-002  7.400000000000000E-006
   2.26605948000000       1.259548000000000E-002  1.200000000000000E-006
   1.16417940000000       2.574420000000000E-003  0.000000000000000E+000
  0.294379800000000       4.942599999999999E-004  0.000000000000000E+000
  0.238138560000000       1.718000000000000E-005  0.000000000000000E+000
  7.010867999999998E-002  4.220000000000000E-006  0.000000000000000E+000
