  0.420450480000000       1.155620000000000E-003  4.200000000000001E-007
  0.445728600000000       1.611600000000000E-003  1.400000000000000E-007
  0.437394600000000       1.645640000000001E-003  2.000000000000000E-008
  0.467281680000000       1.790660000000000E-003  1.340000000000000E-006
  0.532114320000000       2.177600000000000E-003  1.800000000000000E-007
  0.650023080000000       3.905060000000001E-003  4.000000000000000E-007
  0.782217600000000       4.725259999999999E-003  5.559999999999999E-006
  0.444762000000000       2.155380000000000E-003  8.400000000000001E-007
  5.866524000000001E-002  5.900000000000000E-005  0.000000000000000E+000
  3.843791999999999E-002  3.940000000000000E-006  0.000000000000000E+000
  2.798400000000000E-004  0.000000000000000E+000  0.000000000000000E+000
  3.244800000000000E-004  0.000000000000000E+000  0.000000000000000E+000
  6.673200000000000E-004  0.000000000000000E+000  0.000000000000000E+000
  6.950400000000000E-004  0.000000000000000E+000  0.000000000000000E+000
  1.668600000000000E-003  0.000000000000000E+000  0.000000000000000E+000
  7.880999999999999E-003  2.740000000000000E-006  0.000000000000000E+000
  4.942896000000001E-002  1.190000000000000E-005  0.000000000000000E+000
  0.308195400000000       7.677199999999999E-004  1.460000000000000E-006
  0.572909640000000       2.775200000000000E-003  1.620000000000000E-006
  5.504903999999998E-002  2.135000000000000E-004  0.000000000000000E+000
  0.000000000000000E+000  0.000000000000000E+000  0.000000000000000E+000
  0.000000000000000E+000  0.000000000000000E+000  0.000000000000000E+000
  0.000000000000000E+000  0.000000000000000E+000  0.000000000000000E+000
  0.000000000000000E+000  0.000000000000000E+000  0.000000000000000E+000
  0.000000000000000E+000  0.000000000000000E+000  0.000000000000000E+000
  6.216000000000000E-005  0.000000000000000E+000  0.000000000000000E+000
  1.007880000000000E-003  0.000000000000000E+000  0.000000000000000E+000
  4.155204000000001E-002  6.979999999999999E-006  0.000000000000000E+000
  0.413943240000000       1.698440000000000E-003  3.400000000000000E-006
  0.119718720000000       1.652800000000000E-004  0.000000000000000E+000
  0.000000000000000E+000  0.000000000000000E+000  0.000000000000000E+000
  0.000000000000000E+000  0.000000000000000E+000  0.000000000000000E+000
  0.000000000000000E+000  0.000000000000000E+000  0.000000000000000E+000
  0.000000000000000E+000  0.000000000000000E+000  0.000000000000000E+000
  0.000000000000000E+000  0.000000000000000E+000  0.000000000000000E+000
  0.000000000000000E+000  0.000000000000000E+000  0.000000000000000E+000
  0.000000000000000E+000  0.000000000000000E+000  0.000000000000000E+000
  2.320200000000000E-003  0.000000000000000E+000  0.000000000000000E+000
  0.212544720000000       3.343000000000001E-004  0.000000000000000E+000
  0.318579120000000       1.169960000000000E-003  4.600000000000000E-007
  0.000000000000000E+000  0.000000000000000E+000  0.000000000000000E+000
  0.000000000000000E+000  0.000000000000000E+000  0.000000000000000E+000
  0.000000000000000E+000  0.000000000000000E+000  0.000000000000000E+000
  0.000000000000000E+000  0.000000000000000E+000  0.000000000000000E+000
  0.000000000000000E+000  0.000000000000000E+000  0.000000000000000E+000
  0.000000000000000E+000  0.000000000000000E+000  0.000000000000000E+000
  0.000000000000000E+000  0.000000000000000E+000  0.000000000000000E+000
  9.287999999999999E-005  0.000000000000000E+000  0.000000000000000E+000
  7.571208000000000E-002  7.600000000000000E-005  1.000000000000000E-007
  0.466803000000000       2.034780000000000E-003  6.600000000000000E-007
   1.23659976000000       1.224484000000000E-002  0.000000000000000E+000
   1.13900676000000       7.842920000000000E-003  5.760000000000000E-006
   1.10547276000000       1.247750000000000E-002  2.000000000000000E-008
  0.752760600000000       4.525780000000000E-003  1.380000000000000E-006
  0.452823720000000       1.967940000000000E-003  0.000000000000000E+000
  0.123567840000000       1.364000000000000E-005  0.000000000000000E+000
  1.383108000000000E-002  0.000000000000000E+000  0.000000000000000E+000
  6.256800000000000E-004  0.000000000000000E+000  0.000000000000000E+000
  0.000000000000000E+000  0.000000000000000E+000  0.000000000000000E+000
  2.796000000000000E-005  0.000000000000000E+000  0.000000000000000E+000
  0.110529240000000       8.198000000000000E-005  0.000000000000000E+000
  9.930371999999997E-002  6.458000000000001E-005  0.000000000000000E+000
  0.117182760000000       1.662400000000000E-004  0.000000000000000E+000
  0.175655400000000       3.485800000000000E-004  0.000000000000000E+000
  0.325294320000000       1.127300000000000E-003  0.000000000000000E+000
  0.854491440000000       5.413700000000000E-003  0.000000000000000E+000
   2.08232232000000       3.642136000000000E-002  5.200000000000000E-007
  0.233123160000000       5.427800000000000E-004  0.000000000000000E+000
  6.359999999999999E-006  0.000000000000000E+000  0.000000000000000E+000
  3.959999999999999E-006  0.000000000000000E+000  0.000000000000000E+000
  9.719999999999999E-005  0.000000000000000E+000  0.000000000000000E+000
  1.242000000000000E-004  0.000000000000000E+000  0.000000000000000E+000
  6.480000000000001E-006  0.000000000000000E+000  0.000000000000000E+000
  3.288000000000000E-005  0.000000000000000E+000  0.000000000000000E+000
  1.004640000000000E-003  0.000000000000000E+000  0.000000000000000E+000
  7.675800000000002E-003  0.000000000000000E+000  0.000000000000000E+000
  0.162008520000000       1.984200000000000E-004  0.000000000000000E+000
   1.62408528000000       1.903140000000000E-002  2.220000000000000E-006
  1.364328000000000E-002  0.000000000000000E+000  0.000000000000000E+000
  0.000000000000000E+000  0.000000000000000E+000  0.000000000000000E+000
  0.000000000000000E+000  0.000000000000000E+000  0.000000000000000E+000
  0.000000000000000E+000  0.000000000000000E+000  0.000000000000000E+000
  0.000000000000000E+000  0.000000000000000E+000  0.000000000000000E+000
  0.000000000000000E+000  0.000000000000000E+000  0.000000000000000E+000
  0.000000000000000E+000  0.000000000000000E+000  0.000000000000000E+000
  5.556000000000000E-005  0.000000000000000E+000  0.000000000000000E+000
  2.992320000000001E-003  0.000000000000000E+000  0.000000000000000E+000
  0.442526160000000       1.498519999999999E-003  2.620000000000000E-006
  4.390776000000000E-002  6.920000000000000E-005  0.000000000000000E+000
  1.756476000000000E-002  0.000000000000000E+000  0.000000000000000E+000
  0.000000000000000E+000  0.000000000000000E+000  0.000000000000000E+000
  0.000000000000000E+000  0.000000000000000E+000  0.000000000000000E+000
  0.000000000000000E+000  0.000000000000000E+000  0.000000000000000E+000
  0.000000000000000E+000  0.000000000000000E+000  0.000000000000000E+000
  0.000000000000000E+000  0.000000000000000E+000  0.000000000000000E+000
  0.000000000000000E+000  0.000000000000000E+000  0.000000000000000E+000
  7.080000000000000E-006  0.000000000000000E+000  0.000000000000000E+000
  4.991340000000002E-002  5.336000000000000E-005  0.000000000000000E+000
  0.609424320000000       3.843359999999998E-003  0.000000000000000E+000
  0.000000000000000E+000  0.000000000000000E+000  0.000000000000000E+000
  6.690636000000000E-002  0.000000000000000E+000  0.000000000000000E+000
  0.000000000000000E+000  0.000000000000000E+000  0.000000000000000E+000
  9.089172000000000E-002  0.000000000000000E+000  0.000000000000000E+000
  1.345680000000000E-003  0.000000000000000E+000  0.000000000000000E+000
  1.165800000000000E-003  0.000000000000000E+000  0.000000000000000E+000
  5.148000000000000E-005  0.000000000000000E+000  0.000000000000000E+000
  0.000000000000000E+000  0.000000000000000E+000  0.000000000000000E+000
  0.000000000000000E+000  0.000000000000000E+000  0.000000000000000E+000
  0.000000000000000E+000  0.000000000000000E+000  0.000000000000000E+000
  0.000000000000000E+000  0.000000000000000E+000  0.000000000000000E+000
   5.47716072000000       0.216639060000000       1.580000000000000E-005
   5.33398740000000       0.215061400000000       2.620000000000000E-006
   5.79854640000000       0.254351280000000       7.020000000000001E-006
   5.89277916000000       0.233890900000000       4.180000000000001E-006
   6.03040176000000       0.225775280000000       1.506000000000000E-005
   3.02380884000000       4.855366000000000E-002  8.900000000000001E-006
  0.269283360000000       9.799999999999999E-007  0.000000000000000E+000
  1.185744000000000E-002  0.000000000000000E+000  0.000000000000000E+000
  1.200000000000000E-006  0.000000000000000E+000  0.000000000000000E+000
  0.000000000000000E+000  0.000000000000000E+000  0.000000000000000E+000
  3.109944000000001E-002  1.360000000000000E-006  0.000000000000000E+000
  2.571419999999999E-002  0.000000000000000E+000  0.000000000000000E+000
  3.630348000000000E-002  0.000000000000000E+000  0.000000000000000E+000
  5.561988000000000E-002  0.000000000000000E+000  0.000000000000000E+000
  0.181324560000000       6.562000000000000E-005  0.000000000000000E+000
  0.995385720000000       9.447719999999998E-003  0.000000000000000E+000
   4.29242916000000       0.124211600000000       1.192000000000000E-005
  4.870200000000000E-002  0.000000000000000E+000  0.000000000000000E+000
  0.000000000000000E+000  0.000000000000000E+000  0.000000000000000E+000
  3.147852000000000E-002  0.000000000000000E+000  0.000000000000000E+000
  9.924000000000001E-005  0.000000000000000E+000  0.000000000000000E+000
  0.000000000000000E+000  0.000000000000000E+000  0.000000000000000E+000
  6.780000000000001E-005  0.000000000000000E+000  0.000000000000000E+000
  2.194800000000000E-004  0.000000000000000E+000  0.000000000000000E+000
  5.671200000000000E-004  0.000000000000000E+000  0.000000000000000E+000
  9.287640000000002E-003  0.000000000000000E+000  0.000000000000000E+000
  0.586863840000000       2.021979999999999E-003  0.000000000000000E+000
   1.83806856000000       1.903980000000000E-002  1.026000000000000E-005
  4.526520000000000E-003  0.000000000000000E+000  0.000000000000000E+000
  0.000000000000000E+000  0.000000000000000E+000  0.000000000000000E+000
  0.000000000000000E+000  0.000000000000000E+000  0.000000000000000E+000
  0.000000000000000E+000  0.000000000000000E+000  0.000000000000000E+000
  0.000000000000000E+000  0.000000000000000E+000  0.000000000000000E+000
  0.000000000000000E+000  0.000000000000000E+000  0.000000000000000E+000
  0.000000000000000E+000  0.000000000000000E+000  0.000000000000000E+000
  0.000000000000000E+000  0.000000000000000E+000  0.000000000000000E+000
  1.210644000000000E-002  0.000000000000000E+000  0.000000000000000E+000
   2.55791700000000       5.075663999999999E-002  1.840000000000000E-006
  3.600000000000000E-007  0.000000000000000E+000  0.000000000000000E+000
  0.000000000000000E+000  0.000000000000000E+000  0.000000000000000E+000
  0.114064560000000       0.000000000000000E+000  0.000000000000000E+000
  0.000000000000000E+000  0.000000000000000E+000  0.000000000000000E+000
  1.225200000000000E-004  0.000000000000000E+000  0.000000000000000E+000
  0.000000000000000E+000  0.000000000000000E+000  0.000000000000000E+000
  6.960000000000000E-006  0.000000000000000E+000  0.000000000000000E+000
  1.200000000000000E-006  0.000000000000000E+000  0.000000000000000E+000
  0.000000000000000E+000  0.000000000000000E+000  0.000000000000000E+000
  0.000000000000000E+000  0.000000000000000E+000  0.000000000000000E+000
  0.000000000000000E+000  0.000000000000000E+000  0.000000000000000E+000
  0.000000000000000E+000  0.000000000000000E+000  0.000000000000000E+000
   3.19706064000000       1.269364000000000E-002  0.000000000000000E+000
   3.50690664000000       5.620200000000000E-003  0.000000000000000E+000
   3.15843924000000       1.714996000000000E-002  0.000000000000000E+000
   2.35566288000000       1.840960000000000E-003  6.640000000000000E-006
   1.20630696000000       1.285000000000000E-004  0.000000000000000E+000
  0.253517760000000       0.000000000000000E+000  0.000000000000000E+000
  5.420088000000000E-002  0.000000000000000E+000  0.000000000000000E+000
  0.000000000000000E+000  0.000000000000000E+000  0.000000000000000E+000
  0.000000000000000E+000  0.000000000000000E+000  0.000000000000000E+000
  0.000000000000000E+000  0.000000000000000E+000  0.000000000000000E+000
   3.01712772000000       6.002176000000002E-002  0.000000000000000E+000
   3.20604612000000       7.678320000000000E-002  3.780000000000000E-006
   3.41186592000000       7.857910000000000E-002  0.000000000000000E+000
   4.83339984000000       0.139504500000000       0.000000000000000E+000
   7.66490364000000       0.299746260000000       1.022000000000000E-005
   8.46954120000000       0.223583880000000       2.680000000000000E-005
  0.438666720000000       0.000000000000000E+000  0.000000000000000E+000
  8.726976000000000E-002  0.000000000000000E+000  0.000000000000000E+000
  3.404400000000000E-004  0.000000000000000E+000  0.000000000000000E+000
  0.000000000000000E+000  0.000000000000000E+000  0.000000000000000E+000
  3.652560000000000E-003  0.000000000000000E+000  0.000000000000000E+000
  8.108520000000001E-003  0.000000000000000E+000  0.000000000000000E+000
  1.889556000000000E-002  0.000000000000000E+000  0.000000000000000E+000
  1.989864000000000E-002  0.000000000000000E+000  0.000000000000000E+000
  0.118962240000000       1.705600000000000E-004  0.000000000000000E+000
   1.39937328000000       1.641048000000000E-002  2.700000000000000E-006
   7.13400096000000       0.239389160000000       1.496000000000000E-005
  7.173804000000000E-002  0.000000000000000E+000  0.000000000000000E+000
  0.000000000000000E+000  0.000000000000000E+000  0.000000000000000E+000
  0.000000000000000E+000  0.000000000000000E+000  0.000000000000000E+000
  8.400000000000000E-007  0.000000000000000E+000  0.000000000000000E+000
  0.000000000000000E+000  0.000000000000000E+000  0.000000000000000E+000
  0.000000000000000E+000  0.000000000000000E+000  0.000000000000000E+000
  0.000000000000000E+000  0.000000000000000E+000  0.000000000000000E+000
  0.000000000000000E+000  0.000000000000000E+000  0.000000000000000E+000
  7.442279999999999E-003  0.000000000000000E+000  0.000000000000000E+000
   1.82104140000000       2.520800000000001E-002  0.000000000000000E+000
  0.511698840000000       7.579000000000002E-004  0.000000000000000E+000
  0.000000000000000E+000  0.000000000000000E+000  0.000000000000000E+000
  0.000000000000000E+000  0.000000000000000E+000  0.000000000000000E+000
  0.000000000000000E+000  0.000000000000000E+000  0.000000000000000E+000
  0.000000000000000E+000  0.000000000000000E+000  0.000000000000000E+000
  0.000000000000000E+000  0.000000000000000E+000  0.000000000000000E+000
  0.000000000000000E+000  0.000000000000000E+000  0.000000000000000E+000
  0.000000000000000E+000  0.000000000000000E+000  0.000000000000000E+000
  0.000000000000000E+000  0.000000000000000E+000  0.000000000000000E+000
  0.000000000000000E+000  0.000000000000000E+000  0.000000000000000E+000
  0.000000000000000E+000  0.000000000000000E+000  0.000000000000000E+000
  0.000000000000000E+000  0.000000000000000E+000  0.000000000000000E+000
  0.000000000000000E+000  0.000000000000000E+000  0.000000000000000E+000
   1.69240992000000       0.000000000000000E+000  0.000000000000000E+000
   1.78942224000000       0.000000000000000E+000  0.000000000000000E+000
   1.95479220000000       0.000000000000000E+000  0.000000000000000E+000
   1.41949392000000       0.000000000000000E+000  0.000000000000000E+000
  0.269396520000000       0.000000000000000E+000  0.000000000000000E+000
  3.600000000000000E-007  0.000000000000000E+000  0.000000000000000E+000
  0.000000000000000E+000  0.000000000000000E+000  0.000000000000000E+000
  0.000000000000000E+000  0.000000000000000E+000  0.000000000000000E+000
  0.000000000000000E+000  0.000000000000000E+000  0.000000000000000E+000
  0.000000000000000E+000  0.000000000000000E+000  0.000000000000000E+000
   16.9240708800000       0.235724460000000       4.740000000000000E-006
   16.4767875600000       0.191591900000000       0.000000000000000E+000
   14.7520754400000       0.144025220000000       1.452000000000000E-005
   13.4824987200000       0.120684280000000       3.940000000000000E-006
   8.10518076000000       2.296230000000000E-002  0.000000000000000E+000
   2.52620088000000       0.000000000000000E+000  0.000000000000000E+000
  0.430917960000000       0.000000000000000E+000  0.000000000000000E+000
  0.000000000000000E+000  0.000000000000000E+000  0.000000000000000E+000
  0.000000000000000E+000  0.000000000000000E+000  0.000000000000000E+000
  0.000000000000000E+000  0.000000000000000E+000  0.000000000000000E+000
   1.25540952000000       9.671980000000002E-003  0.000000000000000E+000
   1.28497404000000       9.555140000000000E-003  0.000000000000000E+000
   1.41209160000000       9.289479999999999E-003  0.000000000000000E+000
   2.59103088000000       4.167088000000001E-002  0.000000000000000E+000
   6.29634384000000       0.137903060000000       0.000000000000000E+000
   13.1755785600000       0.242557800000000       9.339999999999999E-006
   1.71863328000000       0.000000000000000E+000  0.000000000000000E+000
  0.000000000000000E+000  0.000000000000000E+000  0.000000000000000E+000
  0.000000000000000E+000  0.000000000000000E+000  0.000000000000000E+000
  0.000000000000000E+000  0.000000000000000E+000  0.000000000000000E+000
  2.488920000000000E-003  0.000000000000000E+000  0.000000000000000E+000
  1.173480000000000E-003  0.000000000000000E+000  0.000000000000000E+000
  4.358160000000000E-003  0.000000000000000E+000  0.000000000000000E+000
  6.054720000000001E-003  0.000000000000000E+000  0.000000000000000E+000
  6.230639999999998E-002  3.592000000000000E-005  0.000000000000000E+000
   1.38669240000000       9.344019999999998E-003  0.000000000000000E+000
   9.08552772000000       0.150559740000000       1.260000000000000E-006
  0.132170880000000       0.000000000000000E+000  0.000000000000000E+000
  0.000000000000000E+000  0.000000000000000E+000  0.000000000000000E+000
  0.000000000000000E+000  0.000000000000000E+000  0.000000000000000E+000
  3.602268000000000E-002  0.000000000000000E+000  0.000000000000000E+000
  0.294219000000000       0.000000000000000E+000  0.000000000000000E+000
  6.163716000000000E-002  0.000000000000000E+000  0.000000000000000E+000
  0.000000000000000E+000  0.000000000000000E+000  0.000000000000000E+000
  0.000000000000000E+000  0.000000000000000E+000  0.000000000000000E+000
  0.000000000000000E+000  0.000000000000000E+000  0.000000000000000E+000
  0.000000000000000E+000  0.000000000000000E+000  0.000000000000000E+000
  0.000000000000000E+000  0.000000000000000E+000  0.000000000000000E+000
  0.108560880000000       0.000000000000000E+000  0.000000000000000E+000
  0.000000000000000E+000  0.000000000000000E+000  0.000000000000000E+000
   1.89979608000000       0.000000000000000E+000  0.000000000000000E+000
   1.27560648000000       0.000000000000000E+000  0.000000000000000E+000
   1.07298468000000       0.000000000000000E+000  0.000000000000000E+000
  0.635169960000000       0.000000000000000E+000  0.000000000000000E+000
  0.674139120000000       0.000000000000000E+000  0.000000000000000E+000
  0.000000000000000E+000  0.000000000000000E+000  0.000000000000000E+000
  0.000000000000000E+000  0.000000000000000E+000  0.000000000000000E+000
  0.000000000000000E+000  0.000000000000000E+000  0.000000000000000E+000
  0.000000000000000E+000  0.000000000000000E+000  0.000000000000000E+000
  0.000000000000000E+000  0.000000000000000E+000  0.000000000000000E+000
   13.5227360400000       1.270046000000000E-002  0.000000000000000E+000
   14.9570647200000       1.357416000000000E-002  0.000000000000000E+000
   10.2694093200000       8.450760000000000E-003  0.000000000000000E+000
   9.32224284000000       7.774600000000000E-003  0.000000000000000E+000
   7.27845576000000       3.200000000000000E-007  0.000000000000000E+000
   1.07810940000000       0.000000000000000E+000  0.000000000000000E+000
  0.243120840000000       0.000000000000000E+000  0.000000000000000E+000
  0.000000000000000E+000  0.000000000000000E+000  0.000000000000000E+000
  0.000000000000000E+000  0.000000000000000E+000  0.000000000000000E+000
  0.000000000000000E+000  0.000000000000000E+000  0.000000000000000E+000
   15.5942791200000       0.136968040000000       5.019999999999999E-006
   14.6722419600000       0.117886360000000       2.000000000000000E-008
   17.1271074000000       0.105530020000000       0.000000000000000E+000
   19.0686880800000       0.141565460000000       8.000000000000000E-008
   17.1395109600000       9.269274000000000E-002  0.000000000000000E+000
   9.21570756000000       5.615780000000000E-003  0.000000000000000E+000
  0.464910600000000       0.000000000000000E+000  0.000000000000000E+000
  0.154140600000000       0.000000000000000E+000  0.000000000000000E+000
  0.000000000000000E+000  0.000000000000000E+000  0.000000000000000E+000
  0.000000000000000E+000  0.000000000000000E+000  0.000000000000000E+000
  0.331478160000000       1.063780000000000E-003  0.000000000000000E+000
  0.344242080000000       5.572000000000000E-005  0.000000000000000E+000
  0.872612280000000       1.284680000000000E-003  0.000000000000000E+000
   1.18612560000000       1.819600000000000E-004  0.000000000000000E+000
   4.79807868000000       5.441416000000002E-002  0.000000000000000E+000
   17.4146895600000       0.183548760000000       9.180000000000000E-006
   4.16391492000000       0.000000000000000E+000  0.000000000000000E+000
  2.988000000000000E-005  0.000000000000000E+000  0.000000000000000E+000
  9.055716000000000E-002  0.000000000000000E+000  0.000000000000000E+000
  0.000000000000000E+000  0.000000000000000E+000  0.000000000000000E+000
   11.3257075200000       5.898560000000001E-003  0.000000000000000E+000
   11.9630150400000       0.000000000000000E+000  0.000000000000000E+000
   9.60520848000000       7.043779999999999E-003  0.000000000000000E+000
   9.94680180000000       0.000000000000000E+000  0.000000000000000E+000
   5.91191472000000       0.000000000000000E+000  0.000000000000000E+000
   1.43553636000000       0.000000000000000E+000  0.000000000000000E+000
  6.531252000000000E-002  0.000000000000000E+000  0.000000000000000E+000
  0.000000000000000E+000  0.000000000000000E+000  0.000000000000000E+000
  0.000000000000000E+000  0.000000000000000E+000  0.000000000000000E+000
  2.072484000000000E-002  0.000000000000000E+000  0.000000000000000E+000
   22.4016690000000       2.084124000000000E-002  0.000000000000000E+000
   22.8011784000000       1.567654000000000E-002  0.000000000000000E+000
   24.4361538000000       4.191776000000000E-002  0.000000000000000E+000
   20.4878817600000       3.383230000000000E-002  0.000000000000000E+000
   16.5603609600000       1.277560000000000E-003  0.000000000000000E+000
   7.00377732000000       0.000000000000000E+000  0.000000000000000E+000
  0.480000000000000       0.000000000000000E+000  0.000000000000000E+000
  0.000000000000000E+000  0.000000000000000E+000  0.000000000000000E+000
  0.000000000000000E+000  0.000000000000000E+000  0.000000000000000E+000
  0.000000000000000E+000  0.000000000000000E+000  0.000000000000000E+000
   8.19101496000000       2.126728000000000E-002  0.000000000000000E+000
   8.30934516000000       8.281740000000001E-003  0.000000000000000E+000
   11.0380069200000       2.237654000000000E-002  0.000000000000000E+000
   13.4501752800000       5.881564000000000E-002  0.000000000000000E+000
   20.8059459600000       6.157258000000001E-002  0.000000000000000E+000
   18.4807168800000       2.555464000000000E-002  0.000000000000000E+000
   4.51020156000000       0.000000000000000E+000  0.000000000000000E+000
  9.270372000000000E-002  0.000000000000000E+000  0.000000000000000E+000
  0.000000000000000E+000  0.000000000000000E+000  0.000000000000000E+000
  1.253616000000000E-002  0.000000000000000E+000  0.000000000000000E+000
   14.2287818400000       1.765022000000000E-002  0.000000000000000E+000
   15.2657428800000       4.220400000000000E-004  0.000000000000000E+000
   16.7965827600000       8.158780000000001E-003  0.000000000000000E+000
   20.2729420800000       8.648220000000000E-003  0.000000000000000E+000
   21.0938628000000       2.147200000000000E-003  0.000000000000000E+000
   12.8820217200000       0.000000000000000E+000  0.000000000000000E+000
   2.35986612000000       0.000000000000000E+000  0.000000000000000E+000
  1.502880000000000E-002  0.000000000000000E+000  0.000000000000000E+000
  0.000000000000000E+000  0.000000000000000E+000  0.000000000000000E+000
  4.074024000000000E-002  0.000000000000000E+000  0.000000000000000E+000
