   2.2523228621396099     
   10.000000000000000     
   2.5737495253829801     
   9.9730373228923792     
   9.9299008769385697     
   10.000000000000000     
   10.000000000000000     
   2.5684078266772001     
   10.000000000000000     
   10.000000000000000     
   10.000000000000000     
   3.0122796827928400     
   2.1736567623415000     
   10.000000000000000     
   10.000000000000000     
   2.2523228621396099     
   10.000000000000000     
   2.5737495253829801     
   9.9730373228923792     
   9.9299008769385697     
   10.000000000000000     
   10.000000000000000     
   2.5684078266772001     
   10.000000000000000     
   10.000000000000000     
   10.000000000000000     
   3.0122796827928400     
   2.1736567623415000     
   10.000000000000000     
   10.000000000000000     
   2.2523228621396099     
   10.000000000000000     
   2.5737495253829801     
   9.9730373228923792     
   9.9299008769385697     
   10.000000000000000     
   10.000000000000000     
   2.5684078266772001     
   10.000000000000000     
   10.000000000000000     
   10.000000000000000     
   3.0122796827928400     
   2.1736567623415000     
   10.000000000000000     
   10.000000000000000     
   2.2523228621396099     
   10.000000000000000     
   2.5737495253829801     
   9.9730373228923792     
   9.9299008769385697     
   10.000000000000000     
   10.000000000000000     
   2.5684078266772001     
   10.000000000000000     
   10.000000000000000     
   10.000000000000000     
   3.0122796827928400     
   2.1736567623415000     
   10.000000000000000     
   10.000000000000000     
   2.2523228621396099     
   10.000000000000000     
   2.5737495253829801     
   9.9730373228923792     
   9.9299008769385697     
   10.000000000000000     
   10.000000000000000     
   2.5684078266772001     
   10.000000000000000     
   10.000000000000000     
   10.000000000000000     
   3.0122796827928400     
   2.1736567623415000     
   10.000000000000000     
   10.000000000000000     
   2.2523228621396099     
   10.000000000000000     
   2.5737495253829801     
   9.9730373228923792     
   9.9299008769385697     
   10.000000000000000     
   10.000000000000000     
   2.5684078266772001     
   10.000000000000000     
   10.000000000000000     
   10.000000000000000     
   3.0122796827928400     
   2.1736567623415000     
   10.000000000000000     
   10.000000000000000     
   2.2523228621396099     
   10.000000000000000     
   2.5737495253829801     
   9.9730373228923792     
   9.9299008769385697     
   10.000000000000000     
   10.000000000000000     
   2.5684078266772001     
   10.000000000000000     
   10.000000000000000     
   10.000000000000000     
   3.0122796827928400     
   2.1736567623415000     
   10.000000000000000     
   10.000000000000000     
   2.2523228621396099     
   10.000000000000000     
   2.5737495253829801     
   9.9730373228923792     
   9.9299008769385697     
   10.000000000000000     
   10.000000000000000     
   2.5684078266772001     
   10.000000000000000     
   10.000000000000000     
   10.000000000000000     
   3.0122796827928400     
   2.1736567623415000     
   10.000000000000000     
   10.000000000000000     
   2.2523228621396099     
   10.000000000000000     
   2.5737495253829801     
   9.9730373228923792     
   9.9299008769385697     
   10.000000000000000     
   10.000000000000000     
   2.5684078266772001     
   10.000000000000000     
   10.000000000000000     
   10.000000000000000     
   3.0122796827928400     
   2.1736567623415000     
   10.000000000000000     
   10.000000000000000     
   2.2523228621396099     
   10.000000000000000     
   2.5737495253829801     
   9.9730373228923792     
   9.9299008769385697     
   10.000000000000000     
   10.000000000000000     
   2.5684078266772001     
   10.000000000000000     
   10.000000000000000     
   10.000000000000000     
   3.0122796827928400     
   2.1736567623415000     
   10.000000000000000     
   10.000000000000000     
   2.2523228621396099     
   10.000000000000000     
   2.5737495253829801     
   9.9730373228923792     
   9.9299008769385697     
   10.000000000000000     
   10.000000000000000     
   2.5684078266772001     
   10.000000000000000     
   10.000000000000000     
   10.000000000000000     
   3.0122796827928400     
   2.1736567623415000     
   10.000000000000000     
   10.000000000000000     
   2.2523228621396099     
   10.000000000000000     
   2.5737495253829801     
   9.9730373228923792     
   9.9299008769385697     
   10.000000000000000     
   10.000000000000000     
   2.5684078266772001     
   10.000000000000000     
   10.000000000000000     
   10.000000000000000     
   3.0122796827928400     
   2.1736567623415000     
   10.000000000000000     
   10.000000000000000     
   2.2523228621396099     
   10.000000000000000     
   2.5737495253829801     
   9.9730373228923792     
   9.9299008769385697     
   10.000000000000000     
   10.000000000000000     
   2.5684078266772001     
   10.000000000000000     
   10.000000000000000     
   10.000000000000000     
   3.0122796827928400     
   2.1736567623415000     
   10.000000000000000     
   10.000000000000000     
   2.2523228621396099     
   10.000000000000000     
   2.5737495253829801     
   9.9730373228923792     
   9.9299008769385697     
   10.000000000000000     
   10.000000000000000     
   2.5684078266772001     
   10.000000000000000     
   10.000000000000000     
   10.000000000000000     
   3.0122796827928400     
   2.1736567623415000     
   10.000000000000000     
   10.000000000000000     
   2.2523228621396099     
   10.000000000000000     
   2.5737495253829801     
   9.9730373228923792     
   9.9299008769385697     
   10.000000000000000     
   10.000000000000000     
   2.5684078266772001     
   10.000000000000000     
   10.000000000000000     
   10.000000000000000     
   3.0122796827928400     
   2.1736567623415000     
   10.000000000000000     
   10.000000000000000     
