       0.8385E-01       0.4091E+00       0.2631E-04       0.2627E-04
       0.8232E-01       0.4137E+00       0.3166E-04       0.2873E-04
       0.7946E-01       0.4102E+00       0.4211E-04       0.3692E-04
       0.7576E-01       0.4033E+00       0.5973E-04       0.5826E-04
       0.7082E-01       0.3904E+00       0.9218E-04       0.9232E-04
       0.6433E-01       0.3735E+00       0.1481E-03       0.1310E-03
       0.5757E-01       0.3420E+00       0.2133E-03       0.1974E-03
       0.4986E-01       0.2987E+00       0.2812E-03       0.2569E-03
       0.4229E-01       0.2443E+00       0.3387E-03       0.3040E-03
       0.3411E-01       0.1900E+00       0.3483E-03       0.3256E-03
       0.2645E-01       0.1370E+00       0.3480E-03       0.3136E-03
       0.1980E-01       0.9380E-01       0.3087E-03       0.2841E-03
       0.1416E-01       0.6220E-01       0.2434E-03       0.2334E-03
       0.1012E-01       0.4088E-01       0.1888E-03       0.1787E-03
       0.6804E-02       0.2555E-01       0.1394E-03       0.1302E-03
       0.8492E-01       0.4046E+00       0.2859E-04       0.2769E-04
       0.8252E-01       0.4122E+00       0.3028E-04       0.2818E-04
       0.7965E-01       0.4109E+00       0.4095E-04       0.4103E-04
       0.7606E-01       0.4015E+00       0.6146E-04       0.5857E-04
       0.7109E-01       0.3895E+00       0.9615E-04       0.8759E-04
       0.6436E-01       0.3711E+00       0.1479E-03       0.1377E-03
       0.5769E-01       0.3395E+00       0.2055E-03       0.1958E-03
       0.5004E-01       0.2981E+00       0.2825E-03       0.2551E-03
       0.4158E-01       0.2458E+00       0.3294E-03       0.3032E-03
       0.3384E-01       0.1891E+00       0.3531E-03       0.3326E-03
       0.2653E-01       0.1361E+00       0.3389E-03       0.3052E-03
       0.1979E-01       0.9480E-01       0.2974E-03       0.2869E-03
       0.1444E-01       0.6373E-01       0.2585E-03       0.2369E-03
       0.9952E-02       0.4008E-01       0.1971E-03       0.1785E-03
       0.6646E-02       0.2553E-01       0.1439E-03       0.1323E-03
       0.8447E-01       0.4066E+00       0.2716E-04       0.2762E-04
       0.8246E-01       0.4133E+00       0.2896E-04       0.2976E-04
       0.7994E-01       0.4090E+00       0.4153E-04       0.4132E-04
       0.7560E-01       0.4034E+00       0.5986E-04       0.5691E-04
       0.7053E-01       0.3909E+00       0.9610E-04       0.8854E-04
       0.6440E-01       0.3705E+00       0.1427E-03       0.1309E-03
       0.5769E-01       0.3408E+00       0.2081E-03       0.1992E-03
       0.4998E-01       0.2993E+00       0.2731E-03       0.2589E-03
       0.4246E-01       0.2460E+00       0.3320E-03       0.3054E-03
       0.3424E-01       0.1890E+00       0.3462E-03       0.3233E-03
       0.2637E-01       0.1363E+00       0.3416E-03       0.3204E-03
       0.1991E-01       0.9529E-01       0.3119E-03       0.2828E-03
       0.1419E-01       0.6172E-01       0.2442E-03       0.2297E-03
       0.1002E-01       0.4041E-01       0.1891E-03       0.1810E-03
       0.6788E-02       0.2550E-01       0.1411E-03       0.1304E-03
