  0.12771245000000001       0.79250140000000002        5.5939500000000003E-003   5.5110999999999997E-003
  0.16497110000000001       0.75207409999999997        5.7339499999999998E-003   6.0139000000000000E-003
  0.18654930000000000       0.71791430000000001        6.5640500000000001E-003   6.8583000000000003E-003
  0.20408955000000001       0.69482849999999996        8.3689000000000003E-003   8.6109499999999992E-003
  0.22729450000000001       0.65117354999999999        1.0546649999999999E-002   1.1503500000000000E-002
  0.23908265000000001       0.62935375000000005        1.4942000000000000E-002   1.4845900000000000E-002
  0.26238650000000002       0.54770310000000000        1.9284400000000000E-002   1.9539250000000001E-002
  0.27357640000000000       0.49328010000000000        2.4164999999999999E-002   2.4583199999999999E-002
  0.27619280000000002       0.42108014999999999        2.8070200000000000E-002   2.8563550000000000E-002
  0.26615394999999997       0.38820035000000003        3.2704799999999999E-002   3.2817399999999997E-002
  0.25745445000000000       0.30337694999999998        3.5138900000000001E-002   3.4939600000000001E-002
  0.23736800000000000       0.24722169999999999        3.5814899999999997E-002   3.4847299999999998E-002
  0.20505419999999999       0.18650985000000000        3.3501799999999998E-002   3.1393949999999997E-002
  0.17047635000000000       0.13384620000000000        2.8845349999999999E-002   2.6864050000000000E-002
  0.13592735000000000        9.7568000000000002E-002   2.3379400000000002E-002   2.1423600000000001E-002
