  0.000000000000000E+000  0.000000000000000E+000  0.000000000000000E+000
  0.000000000000000E+000  0.000000000000000E+000  0.000000000000000E+000
  0.000000000000000E+000  0.000000000000000E+000  0.000000000000000E+000
  0.000000000000000E+000  0.000000000000000E+000  0.000000000000000E+000
  0.000000000000000E+000  0.000000000000000E+000  0.000000000000000E+000
  2.280000000000000E-006  0.000000000000000E+000  0.000000000000000E+000
  2.760000000000000E-006  0.000000000000000E+000  0.000000000000000E+000
  4.134000000000001E-004  0.000000000000000E+000  0.000000000000000E+000
  1.447428000000000E-002  2.420000000000000E-006  0.000000000000000E+000
  0.103914840000000       5.000000000000001E-005  6.000000000000001E-008
  4.800000000000000E-006  0.000000000000000E+000  0.000000000000000E+000
  0.000000000000000E+000  0.000000000000000E+000  0.000000000000000E+000
  0.000000000000000E+000  0.000000000000000E+000  0.000000000000000E+000
  0.000000000000000E+000  0.000000000000000E+000  0.000000000000000E+000
  0.000000000000000E+000  0.000000000000000E+000  0.000000000000000E+000
  3.095999999999999E-005  0.000000000000000E+000  0.000000000000000E+000
  7.881600000000000E-004  0.000000000000000E+000  0.000000000000000E+000
  1.765428000000000E-002  1.500000000000000E-006  0.000000000000000E+000
  0.298510080000000       6.508000000000001E-004  4.400000000000000E-007
  2.988239999999999E-002  2.322000000000000E-005  0.000000000000000E+000
  8.735999999999999E-005  0.000000000000000E+000  0.000000000000000E+000
  2.422800000000000E-004  0.000000000000000E+000  0.000000000000000E+000
  7.032000000000000E-005  0.000000000000000E+000  0.000000000000000E+000
  3.319200000000000E-004  0.000000000000000E+000  0.000000000000000E+000
  4.848000000000000E-004  0.000000000000000E+000  0.000000000000000E+000
  2.838720000000000E-003  0.000000000000000E+000  0.000000000000000E+000
  2.527080000000000E-002  5.800000000000000E-006  0.000000000000000E+000
  0.358006080000000       1.045480000000000E-003  5.400000000000000E-007
  0.317173440000000       9.612799999999999E-004  4.540000000000000E-006
  8.262443999999998E-002  2.166600000000000E-004  1.920000000000000E-006
  3.618120000000001E-003  0.000000000000000E+000  0.000000000000000E+000
  3.862680000000001E-003  0.000000000000000E+000  0.000000000000000E+000
  4.555320000000001E-003  1.000000000000000E-005  0.000000000000000E+000
  5.735040000000001E-003  0.000000000000000E+000  0.000000000000000E+000
  1.561164000000000E-002  0.000000000000000E+000  0.000000000000000E+000
  5.806764000000003E-002  2.660000000000000E-005  5.400000000000000E-007
  0.460309680000000       1.590140000000001E-003  0.000000000000000E+000
   2.35962396000000       4.642302000000000E-002  2.844000000000000E-005
  0.173042760000000       7.860199999999999E-004  0.000000000000000E+000
  0.125149440000000       1.813600000000000E-004  0.000000000000000E+000
  0.111247200000000       1.103400000000000E-004  0.000000000000000E+000
  0.113202000000000       6.039999999999998E-005  0.000000000000000E+000
  0.122728200000000       1.101000000000000E-004  0.000000000000000E+000
  0.168904080000000       2.316200000000000E-004  0.000000000000000E+000
  0.304732440000000       4.995400000000000E-004  0.000000000000000E+000
  0.944421240000000       8.564439999999998E-003  0.000000000000000E+000
   3.54977664000000       0.103018360000000       1.780000000000000E-005
   3.30405192000000       7.369245999999999E-002  2.782000000000000E-005
  0.188810640000000       3.113600000000000E-004  1.320000000000000E-006
  9.062532000000000E-002  6.382000000000001E-005  0.000000000000000E+000
   1.45733892000000       1.792430000000000E-002  1.220000000000000E-006
   1.35755880000000       1.618886000000000E-002  5.000000000000000E-007
   1.70646816000000       2.539052000000000E-002  2.500000000000000E-006
   1.97659620000000       3.443484000000001E-002  4.400000000000000E-007
   3.30423288000000       8.717880000000001E-002  1.316000000000000E-005
   6.45823056000000       0.328492620000000       2.580000000000000E-005
   7.23797940000000       0.342024660000000       8.140000000000000E-006
   1.81698960000000       1.256292000000000E-002  9.880000000000002E-006
  0.126214560000000       1.534800000000000E-004  0.000000000000000E+000
  5.298719999999999E-002  1.414000000000000E-004  0.000000000000000E+000
   9.36415128000000       0.659784160000000       1.974000000000000E-005
   9.68385048000000       0.682306800000000       5.961999999999999E-005
   10.4317430400000       0.773406320000000       3.596000000000000E-005
   11.1563178000000       0.837132740000000       5.040000000000001E-005
   12.2632524000000       0.953318600000000       4.303999999999999E-005
   10.4472723600000       0.463108940000000       3.412000000000001E-005
   3.71147472000000       2.594552000000000E-002  1.044000000000000E-005
  0.990671280000000       2.999760000000001E-003  0.000000000000000E+000
  7.681776000000001E-002  7.106000000000001E-005  0.000000000000000E+000
  0.148129200000000       0.000000000000000E+000  0.000000000000000E+000
   14.8716574800000       0.634742160000000       1.240000000000000E-006
   14.3159998800000       0.588036100000000       2.206000000000000E-005
   14.2454980800000       0.497154760000000       9.120000000000001E-006
   12.6779100000000       0.372874260000000       2.126000000000000E-005
   8.94238380000000       0.144693560000000       6.420000000000000E-006
   4.15545576000000       1.715844000000000E-002  8.100000000000000E-006
   1.41039192000000       1.830340000000000E-003  3.200000000000000E-007
  0.402901800000000       8.801000000000001E-004  0.000000000000000E+000
  0.105944280000000       5.600000000000000E-007  0.000000000000000E+000
  4.051116000000000E-002  0.000000000000000E+000  0.000000000000000E+000
   8.08669656000000       2.353058000000000E-002  9.200000000000000E-007
   6.48956616000000       2.620590000000000E-002  4.360000000000001E-006
   7.18702056000000       5.541231999999999E-002  1.060000000000000E-006
   6.53729004000000       2.594408000000000E-002  0.000000000000000E+000
   3.43248504000000       1.081494000000000E-002  1.140000000000000E-006
   1.48906284000000       1.204780000000000E-003  0.000000000000000E+000
  0.481134120000000       5.055400000000000E-004  0.000000000000000E+000
  0.181591800000000       6.950000000000000E-005  0.000000000000000E+000
  0.416541960000000       7.361999999999999E-005  0.000000000000000E+000
  0.319436400000000       3.550000000000000E-005  0.000000000000000E+000
  0.000000000000000E+000  0.000000000000000E+000  0.000000000000000E+000
  0.000000000000000E+000  0.000000000000000E+000  0.000000000000000E+000
  0.000000000000000E+000  0.000000000000000E+000  0.000000000000000E+000
  0.000000000000000E+000  0.000000000000000E+000  0.000000000000000E+000
  0.000000000000000E+000  0.000000000000000E+000  0.000000000000000E+000
  0.000000000000000E+000  0.000000000000000E+000  0.000000000000000E+000
  0.000000000000000E+000  0.000000000000000E+000  0.000000000000000E+000
  8.007600000000000E-004  0.000000000000000E+000  0.000000000000000E+000
  1.413912000000000E-002  4.000000000000000E-008  0.000000000000000E+000
  9.998111999999995E-002  7.737999999999999E-005  0.000000000000000E+000
  0.000000000000000E+000  0.000000000000000E+000  0.000000000000000E+000
  0.000000000000000E+000  0.000000000000000E+000  0.000000000000000E+000
  0.000000000000000E+000  0.000000000000000E+000  0.000000000000000E+000
  0.000000000000000E+000  0.000000000000000E+000  0.000000000000000E+000
  0.000000000000000E+000  0.000000000000000E+000  0.000000000000000E+000
  2.160000000000000E-006  0.000000000000000E+000  0.000000000000000E+000
  7.047599999999998E-004  0.000000000000000E+000  0.000000000000000E+000
  1.984500000000000E-002  3.280000000000000E-006  0.000000000000000E+000
  0.289212720000000       6.231000000000000E-004  0.000000000000000E+000
  3.536400000000000E-002  3.048000000000000E-005  1.260000000000000E-006
  2.277600000000000E-004  0.000000000000000E+000  0.000000000000000E+000
  2.424000000000000E-005  0.000000000000000E+000  0.000000000000000E+000
  2.551200000000000E-004  0.000000000000000E+000  0.000000000000000E+000
  1.996800000000000E-004  0.000000000000000E+000  0.000000000000000E+000
  4.863600000000000E-004  0.000000000000000E+000  0.000000000000000E+000
  2.287680000000001E-003  0.000000000000000E+000  0.000000000000000E+000
  2.681016000000001E-002  4.880000000000000E-006  0.000000000000000E+000
  0.368739960000000       1.247400000000000E-003  1.220000000000000E-006
  0.315830280000000       1.449780000000000E-003  0.000000000000000E+000
  7.668516000000002E-002  1.808800000000000E-004  0.000000000000000E+000
  4.829760000000001E-003  0.000000000000000E+000  0.000000000000000E+000
  5.110320000000001E-003  6.220000000000001E-006  0.000000000000000E+000
  5.498279999999999E-003  0.000000000000000E+000  0.000000000000000E+000
  8.218920000000003E-003  0.000000000000000E+000  0.000000000000000E+000
  1.507596000000000E-002  0.000000000000000E+000  0.000000000000000E+000
  6.464663999999999E-002  6.421999999999999E-005  0.000000000000000E+000
  0.457751040000000       1.813580000000000E-003  0.000000000000000E+000
   2.38539444000000       4.657618000000000E-002  2.086000000000000E-005
  0.147506760000000       3.807599999999998E-004  4.800000000000001E-007
  0.109908120000000       1.408800000000000E-004  0.000000000000000E+000
  0.105807480000000       4.588000000000001E-005  0.000000000000000E+000
  0.109825440000000       1.127800000000000E-004  0.000000000000000E+000
  0.120624480000000       1.069600000000000E-004  0.000000000000000E+000
  0.164302200000000       1.857600000000000E-004  0.000000000000000E+000
  0.295190880000000       6.374000000000001E-004  0.000000000000000E+000
  0.963403560000000       7.958200000000000E-003  6.400000000000001E-006
   3.57788400000000       0.103104960000000       1.094000000000000E-005
   3.40368084000000       8.462098000000000E-002  9.240000000000001E-006
  0.159534480000000       2.602600000000000E-004  1.800000000000000E-007
  6.508608000000000E-002  1.088400000000000E-004  0.000000000000000E+000
   1.44259812000000       1.662804000000000E-002  3.200000000000000E-007
   1.44675468000000       1.771882000000000E-002  5.800000000000000E-007
   1.62226740000000       2.256861999999999E-002  2.220000000000000E-006
   2.04794436000000       3.169171999999999E-002  4.660000000000000E-006
   3.27922920000000       8.471834000000002E-002  1.248000000000000E-005
   6.46979508000000       0.329204820000000       9.660000000000001E-006
   7.46924340000000       0.364581140000000       2.594000000000000E-005
   2.03616672000000       1.661824000000000E-002  5.980000000000000E-006
  7.938048000000002E-002  5.846000000000001E-005  0.000000000000000E+000
  5.460947999999999E-002  1.868000000000000E-005  0.000000000000000E+000
   9.51315612000000       0.670816240000000       2.118000000000000E-005
   9.60217272000000       0.675232880000000       1.908000000000000E-005
   9.91751076000000       0.742850700000000       4.590000000000000E-005
   10.7965732800000       0.847905420000000       3.794000000000001E-005
   12.0265885200000       0.930711920000000       1.988000000000000E-005
   10.0954903200000       0.456343680000000       3.908000000000001E-005
   3.38288100000000       2.984005999999999E-002  7.000000000000000E-007
  0.922137240000000       3.672620000000000E-003  0.000000000000000E+000
  7.201391999999998E-002  1.379800000000000E-004  0.000000000000000E+000
  8.271528000000000E-002  1.782000000000000E-005  0.000000000000000E+000
   14.6705667600000       0.626997520000000       1.736000000000000E-005
   14.1387547200000       0.550038820000000       2.016000000000000E-005
   13.8196468800000       0.485829240000000       5.459999999999999E-006
   12.9179210400000       0.360145840000000       1.284000000000000E-005
   9.73878036000000       0.146992540000000       8.580000000000001E-006
   3.68953248000000       2.308408000000000E-002  1.820000000000000E-006
   1.42839672000000       5.661420000000000E-003  7.000000000000000E-007
  0.385013040000000       6.670999999999999E-004  0.000000000000000E+000
  4.489559999999999E-002  1.374600000000000E-004  0.000000000000000E+000
  0.309432840000000       0.000000000000000E+000  0.000000000000000E+000
   7.47510660000000       3.728837999999999E-002  1.020000000000000E-006
   6.73624464000000       3.149295999999999E-002  3.800000000000000E-007
   6.81896892000000       3.263372000000000E-002  0.000000000000000E+000
   6.13462128000000       4.502560000000001E-002  0.000000000000000E+000
   3.33434520000000       1.471020000000000E-002  0.000000000000000E+000
   1.51934124000000       5.273599999999999E-004  0.000000000000000E+000
  0.716716080000000       1.986940000000000E-003  0.000000000000000E+000
  0.159671640000000       2.571600000000000E-004  0.000000000000000E+000
  0.274249440000000       0.000000000000000E+000  0.000000000000000E+000
  0.379004280000000       4.518000000000000E-005  0.000000000000000E+000
  0.000000000000000E+000  0.000000000000000E+000  0.000000000000000E+000
  0.000000000000000E+000  0.000000000000000E+000  0.000000000000000E+000
  0.000000000000000E+000  0.000000000000000E+000  0.000000000000000E+000
  0.000000000000000E+000  0.000000000000000E+000  0.000000000000000E+000
  0.000000000000000E+000  0.000000000000000E+000  0.000000000000000E+000
  0.000000000000000E+000  0.000000000000000E+000  0.000000000000000E+000
  7.919999999999999E-006  0.000000000000000E+000  0.000000000000000E+000
  4.524000000000000E-004  0.000000000000000E+000  0.000000000000000E+000
  1.525716000000000E-002  3.640000000000000E-006  0.000000000000000E+000
  0.104300520000000       7.032000000000000E-005  4.200000000000000E-007
  0.000000000000000E+000  0.000000000000000E+000  0.000000000000000E+000
  0.000000000000000E+000  0.000000000000000E+000  0.000000000000000E+000
  4.200000000000000E-006  0.000000000000000E+000  0.000000000000000E+000
  0.000000000000000E+000  0.000000000000000E+000  0.000000000000000E+000
  3.600000000000000E-007  0.000000000000000E+000  0.000000000000000E+000
  8.916000000000001E-005  0.000000000000000E+000  0.000000000000000E+000
  4.231200000000000E-004  0.000000000000000E+000  0.000000000000000E+000
  1.653948000000000E-002  2.960000000000000E-006  0.000000000000000E+000
  0.301264080000000       7.010799999999999E-004  3.400000000000000E-007
  3.260616000000001E-002  4.190000000000000E-005  0.000000000000000E+000
  9.600000000000000E-005  0.000000000000000E+000  0.000000000000000E+000
  4.320000000000000E-006  0.000000000000000E+000  0.000000000000000E+000
  3.792000000000000E-005  0.000000000000000E+000  0.000000000000000E+000
  6.840000000000000E-005  0.000000000000000E+000  0.000000000000000E+000
  4.473600000000000E-004  0.000000000000000E+000  0.000000000000000E+000
  2.476560000000000E-003  0.000000000000000E+000  0.000000000000000E+000
  2.353116000000000E-002  5.540000000000000E-006  0.000000000000000E+000
  0.366786960000000       1.232360000000000E-003  8.799999999999999E-007
  0.377803320000000       1.721260000000000E-003  1.520000000000000E-006
  9.393455999999999E-002  3.084600000000000E-004  0.000000000000000E+000
  4.701600000000000E-003  0.000000000000000E+000  0.000000000000000E+000
  4.334039999999999E-003  0.000000000000000E+000  0.000000000000000E+000
  5.329560000000001E-003  0.000000000000000E+000  0.000000000000000E+000
  8.463839999999999E-003  1.800000000000000E-007  0.000000000000000E+000
  1.619688000000000E-002  1.000000000000000E-007  0.000000000000000E+000
  5.825124000000000E-002  2.783999999999999E-005  0.000000000000000E+000
  0.448435200000000       1.520120000000000E-003  0.000000000000000E+000
   2.39381172000000       4.664931999999999E-002  3.660000000000000E-006
  0.171321120000000       3.998000000000000E-004  0.000000000000000E+000
  0.112285080000000       2.129200000000000E-004  5.000000000000000E-007
  0.100087080000000       1.248600000000000E-004  0.000000000000000E+000
  0.113746080000000       2.351000000000000E-004  0.000000000000000E+000
  0.119200200000000       5.182000000000000E-005  0.000000000000000E+000
  0.169254600000000       1.773400000000000E-004  0.000000000000000E+000
  0.314685480000000       7.361999999999998E-004  0.000000000000000E+000
  0.959461680000000       7.526560000000001E-003  6.000000000000001E-008
   3.54897888000000       0.103080220000000       3.214000000000000E-005
   3.47005800000000       8.026554000000000E-002  2.420000000000000E-005
  0.202840680000000       5.957800000000001E-004  0.000000000000000E+000
  9.369864000000001E-002  1.018000000000000E-004  0.000000000000000E+000
   1.42365192000000       1.710770000000000E-002  0.000000000000000E+000
   1.43156952000000       1.788008000000000E-002  2.000000000000000E-008
   1.62493464000000       2.083086000000000E-002  6.620000000000000E-006
   2.05220244000000       3.468945999999999E-002  0.000000000000000E+000
   3.33337368000000       8.687583999999998E-002  2.960000000000000E-006
   6.34514952000000       0.326081460000000       2.760000000000000E-005
   7.29001872000000       0.344217000000000       1.256000000000000E-005
   1.73255964000000       1.454334000000000E-002  3.620000000000000E-006
  9.661320000000001E-002  2.155400000000000E-004  0.000000000000000E+000
  4.916868000000000E-002  5.114000000000000E-005  0.000000000000000E+000
   9.55616784000000       0.682218280000000       3.480000000000000E-005
   9.50456148000000       0.669465920000000       1.922000000000000E-005
   9.86388636000000       0.742446780000000       1.198000000000000E-005
   10.9697995200000       0.878300680000000       4.228000000000000E-005
   12.2926102800000       0.931423020000000       3.636000000000000E-005
   10.0426082400000       0.447240040000000       1.182000000000000E-005
   3.55731180000000       3.000060000000000E-002  5.500000000000001E-006
  0.908893320000000       2.976799999999999E-003  0.000000000000000E+000
  6.373128000000000E-002  9.582000000000000E-005  0.000000000000000E+000
  5.973803999999999E-002  1.424000000000000E-005  0.000000000000000E+000
   14.9390641200000       0.597837120000000       3.570000000000000E-005
   14.0688037200000       0.541579240000000       1.018000000000000E-005
   14.1909888000000       0.513934200000000       3.492000000000000E-005
   12.9071998800000       0.391325920000000       1.332000000000000E-005
   9.85032720000000       0.165128020000000       1.874000000000000E-005
   4.34413272000000       1.551868000000000E-002  9.200000000000000E-007
   1.23651084000000       1.599780000000000E-003  0.000000000000000E+000
  0.602190600000000       1.052620000000000E-003  0.000000000000000E+000
  6.047555999999999E-002  1.718000000000000E-005  0.000000000000000E+000
  0.306559920000000       5.481400000000000E-004  0.000000000000000E+000
   7.09079940000000       3.861288000000000E-002  5.960000000000001E-006
   8.49535056000000       5.805477999999999E-002  2.000000000000000E-008
   5.48457516000000       2.827909999999999E-002  0.000000000000000E+000
   5.19565920000000       3.101410000000000E-002  8.000000000000000E-008
   4.24249692000000       5.012560000000000E-003  4.000000000000000E-007
   1.09658376000000       1.616740000000000E-003  0.000000000000000E+000
  0.792952560000000       3.248200000000000E-004  0.000000000000000E+000
  0.162504000000000       1.890800000000000E-004  0.000000000000000E+000
  0.344682720000000       1.442600000000000E-004  0.000000000000000E+000
  0.524187120000000       1.380800000000000E-004  0.000000000000000E+000
  0.000000000000000E+000  0.000000000000000E+000  0.000000000000000E+000
  0.000000000000000E+000  0.000000000000000E+000  0.000000000000000E+000
  0.000000000000000E+000  0.000000000000000E+000  0.000000000000000E+000
  0.000000000000000E+000  0.000000000000000E+000  0.000000000000000E+000
  0.000000000000000E+000  0.000000000000000E+000  0.000000000000000E+000
  0.000000000000000E+000  0.000000000000000E+000  0.000000000000000E+000
  2.400000000000000E-007  0.000000000000000E+000  0.000000000000000E+000
  5.202000000000001E-004  0.000000000000000E+000  0.000000000000000E+000
  1.552500000000000E-002  3.680000000000000E-006  0.000000000000000E+000
  0.106353240000000       1.152600000000000E-004  0.000000000000000E+000
  0.000000000000000E+000  0.000000000000000E+000  0.000000000000000E+000
  0.000000000000000E+000  0.000000000000000E+000  0.000000000000000E+000
  0.000000000000000E+000  0.000000000000000E+000  0.000000000000000E+000
  0.000000000000000E+000  0.000000000000000E+000  0.000000000000000E+000
  0.000000000000000E+000  0.000000000000000E+000  0.000000000000000E+000
  5.136000000000000E-005  0.000000000000000E+000  0.000000000000000E+000
  7.852799999999999E-004  0.000000000000000E+000  0.000000000000000E+000
  1.910904000000000E-002  5.960000000000001E-006  0.000000000000000E+000
  0.275740680000000       7.038200000000004E-004  2.000000000000000E-007
  4.649375999999998E-002  1.235000000000000E-004  0.000000000000000E+000
  1.231200000000000E-004  0.000000000000000E+000  0.000000000000000E+000
  1.947600000000000E-004  0.000000000000000E+000  0.000000000000000E+000
  1.177200000000000E-004  0.000000000000000E+000  0.000000000000000E+000
  3.279600000000000E-004  0.000000000000000E+000  0.000000000000000E+000
  3.949200000000000E-004  0.000000000000000E+000  0.000000000000000E+000
  2.309400000000000E-003  0.000000000000000E+000  0.000000000000000E+000
  2.575536000000000E-002  0.000000000000000E+000  0.000000000000000E+000
  0.367038480000000       1.083740000000000E-003  2.400000000000000E-007
  0.359763600000000       1.602560000000000E-003  2.360000000000000E-006
  7.427904000000002E-002  1.043400000000000E-004  1.200000000000000E-007
  3.753719999999999E-003  0.000000000000000E+000  0.000000000000000E+000
  3.525479999999999E-003  0.000000000000000E+000  0.000000000000000E+000
  5.545080000000001E-003  0.000000000000000E+000  0.000000000000000E+000
  8.316599999999999E-003  0.000000000000000E+000  0.000000000000000E+000
  1.555296000000000E-002  0.000000000000000E+000  0.000000000000000E+000
  6.220848000000001E-002  3.164000000000000E-005  0.000000000000000E+000
  0.461267280000000       2.078320000000000E-003  0.000000000000000E+000
   2.37647580000000       4.697740000000000E-002  1.244000000000000E-005
  0.187896840000000       3.377600000000000E-004  1.660000000000000E-006
  7.477548000000001E-002  8.180000000000000E-005  1.520000000000000E-006
  9.779867999999999E-002  2.124800000000000E-004  0.000000000000000E+000
  0.105400200000000       1.058800000000000E-004  0.000000000000000E+000
  0.116524680000000       1.387400000000000E-004  0.000000000000000E+000
  0.146651880000000       1.455400000000000E-004  0.000000000000000E+000
  0.302586240000000       8.839400000000003E-004  0.000000000000000E+000
  0.938091360000000       7.475380000000001E-003  2.000000000000000E-008
   3.59000964000000       0.105287820000000       1.518000000000000E-005
   3.37620684000000       8.434884000000001E-002  3.644000000000000E-005
  0.217011240000000       3.071200000000000E-004  8.460000000000000E-006
  8.273567999999999E-002  9.921999999999999E-005  0.000000000000000E+000
   1.38441516000000       1.557838000000000E-002  3.400000000000000E-007
   1.51645980000000       1.877398000000000E-002  4.000000000000000E-007
   1.67454084000000       2.244206000000000E-002  4.000000000000000E-008
   2.09308668000000       3.580250000000001E-002  9.860000000000000E-006
   3.28241268000000       8.798556000000002E-002  8.599999999999999E-006
   6.34526364000000       0.327957160000000       2.638000000000000E-005
   7.38162612000000       0.351652540000000       3.734000000000000E-005
   1.71303408000000       1.078042000000000E-002  8.340000000000000E-006
  0.112523640000000       1.379400000000000E-004  0.000000000000000E+000
  5.878344000000000E-002  1.022400000000000E-004  0.000000000000000E+000
   9.49096488000000       0.678632400000000       2.030000000000000E-005
   9.76619184000000       0.708931060000000       4.094000000000000E-005
   10.1575670400000       0.732266620000000       3.968000000000000E-005
   11.2385997600000       0.858538720000000       5.168000000000000E-005
   12.3329028000000       0.951527680000000       3.242000000000000E-005
   10.5949688400000       0.495793420000000       4.292000000000000E-005
   3.22129500000000       2.426293999999999E-002  8.180000000000000E-006
  0.906084240000000       2.617460000000000E-003  5.900000000000000E-006
  5.213376000000002E-002  4.394000000000000E-005  0.000000000000000E+000
  7.273500000000001E-002  0.000000000000000E+000  0.000000000000000E+000
   14.6092912800000       0.651141960000000       2.804000000000000E-005
   14.7562020000000       0.597393960000000       6.680000000000000E-006
   14.1005038800000       0.530953340000000       2.352000000000000E-005
   12.4426364400000       0.414937260000000       1.040000000000000E-006
   9.86369424000000       0.147520040000000       7.960000000000000E-006
   3.92747508000000       1.747970000000000E-002  1.336000000000000E-005
   1.52777172000000       5.046620000000001E-003  0.000000000000000E+000
  0.362843760000000       4.967000000000000E-004  0.000000000000000E+000
  7.301027999999994E-002  6.160000000000000E-006  0.000000000000000E+000
  0.287852040000000       0.000000000000000E+000  0.000000000000000E+000
   7.54693356000000       3.480086000000000E-002  3.200000000000000E-007
   6.61993812000000       4.222300000000000E-002  0.000000000000000E+000
   6.52899948000000       4.138832000000000E-002  3.000000000000000E-007
   4.95678600000000       2.827858000000000E-002  0.000000000000000E+000
   3.00692592000000       3.085872000000000E-002  1.220000000000000E-006
   1.97814516000000       7.875000000000000E-004  5.999999999999999E-006
  0.870963600000000       2.423680000000000E-003  0.000000000000000E+000
  0.204058560000000       1.090800000000000E-004  0.000000000000000E+000
  0.258592320000000       1.354000000000000E-005  0.000000000000000E+000
  0.393882360000000       4.680000000000000E-006  0.000000000000000E+000
  0.000000000000000E+000  0.000000000000000E+000  0.000000000000000E+000
  0.000000000000000E+000  0.000000000000000E+000  0.000000000000000E+000
  0.000000000000000E+000  0.000000000000000E+000  0.000000000000000E+000
  0.000000000000000E+000  0.000000000000000E+000  0.000000000000000E+000
  0.000000000000000E+000  0.000000000000000E+000  0.000000000000000E+000
  0.000000000000000E+000  0.000000000000000E+000  0.000000000000000E+000
  7.200000000000000E-007  0.000000000000000E+000  0.000000000000000E+000
  6.864000000000001E-004  0.000000000000000E+000  0.000000000000000E+000
  1.648800000000001E-002  1.800000000000000E-007  0.000000000000000E+000
  0.108013080000000       8.587999999999998E-005  0.000000000000000E+000
  0.000000000000000E+000  0.000000000000000E+000  0.000000000000000E+000
  0.000000000000000E+000  0.000000000000000E+000  0.000000000000000E+000
  0.000000000000000E+000  0.000000000000000E+000  0.000000000000000E+000
  0.000000000000000E+000  0.000000000000000E+000  0.000000000000000E+000
  1.080000000000000E-006  0.000000000000000E+000  0.000000000000000E+000
  2.280000000000000E-006  0.000000000000000E+000  0.000000000000000E+000
  1.217880000000000E-003  0.000000000000000E+000  0.000000000000000E+000
  2.037324000000000E-002  5.800000000000000E-007  0.000000000000000E+000
  0.285535800000000       6.835600000000000E-004  1.540000000000000E-006
  4.077072000000000E-002  5.624000000000000E-005  0.000000000000000E+000
  1.448400000000000E-004  0.000000000000000E+000  0.000000000000000E+000
  1.128000000000000E-004  0.000000000000000E+000  0.000000000000000E+000
  6.252000000000000E-005  0.000000000000000E+000  0.000000000000000E+000
  2.559600000000000E-004  0.000000000000000E+000  0.000000000000000E+000
  2.884800000000000E-004  0.000000000000000E+000  0.000000000000000E+000
  2.378160000000000E-003  0.000000000000000E+000  0.000000000000000E+000
  2.659692000000000E-002  3.400000000000000E-006  0.000000000000000E+000
  0.363601200000000       1.282360000000000E-003  2.180000000000000E-006
  0.349229160000000       1.361820000000000E-003  4.980000000000000E-006
  5.386932000000000E-002  7.424000000000001E-005  6.200000000000000E-007
  5.030400000000001E-003  0.000000000000000E+000  0.000000000000000E+000
  4.058760000000000E-003  0.000000000000000E+000  0.000000000000000E+000
  6.805200000000003E-003  0.000000000000000E+000  0.000000000000000E+000
  9.351720000000001E-003  0.000000000000000E+000  0.000000000000000E+000
  1.151916000000000E-002  1.000000000000000E-007  0.000000000000000E+000
  6.779004000000001E-002  2.736000000000000E-005  0.000000000000000E+000
  0.474256680000000       1.796280000000000E-003  3.600000000000000E-007
   2.45887380000000       4.995450000000000E-002  9.060000000000001E-006
  0.182728680000000       4.634600000000000E-004  8.600000000000000E-007
  0.108424800000000       1.102200000000000E-004  0.000000000000000E+000
  0.102825240000000       5.928000000000000E-005  0.000000000000000E+000
  0.105475080000000       8.914000000000002E-005  0.000000000000000E+000
  0.126025080000000       1.538800000000000E-004  0.000000000000000E+000
  0.155121600000000       2.611400000000000E-004  0.000000000000000E+000
  0.302502600000000       6.360200000000001E-004  0.000000000000000E+000
  0.920890320000000       6.820900000000000E-003  0.000000000000000E+000
   3.49723212000000       9.780356000000000E-002  2.586000000000000E-005
   3.36957528000000       8.222019999999999E-002  3.200000000000000E-005
  0.176200920000000       2.821800000000000E-004  0.000000000000000E+000
  6.563772000000000E-002  5.757999999999999E-005  0.000000000000000E+000
   1.43722284000000       1.590798000000000E-002  0.000000000000000E+000
   1.48581828000000       1.814600000000000E-002  5.800000000000000E-006
   1.62621312000000       2.246690000000000E-002  2.112000000000000E-005
   2.02192404000000       3.399332000000001E-002  1.820000000000000E-006
   3.35838588000000       9.083864000000003E-002  3.440000000000000E-006
   6.42517392000000       0.339377000000000       4.978000000000000E-005
   7.29648276000000       0.342369080000000       2.606000000000000E-005
   1.93337808000000       1.736112000000000E-002  9.600000000000000E-006
  9.570732000000000E-002  8.300000000000000E-005  0.000000000000000E+000
  5.892420000000000E-002  0.000000000000000E+000  0.000000000000000E+000
   9.34986360000000       0.669824200000000       4.208000000000000E-005
   9.63098784000000       0.694744200000000       3.444000000000000E-005
   10.0647416400000       0.737123980000000       1.422000000000000E-005
   10.9756501200000       0.845240140000000       4.074000000000001E-005
   12.0666718800000       0.950237000000000       5.647999999999999E-005
   10.4597101200000       0.497389280000000       2.160000000000000E-005
   3.65265312000000       4.142936000000001E-002  5.720000000000000E-006
  0.936145560000000       2.815540000000000E-003  0.000000000000000E+000
  7.101780000000001E-002  6.617999999999999E-005  0.000000000000000E+000
  0.123236280000000       0.000000000000000E+000  0.000000000000000E+000
   15.3470316000000       0.655298200000000       1.626000000000000E-005
   14.7407796000000       0.566830560000000       2.118000000000000E-005
   14.0276875200000       0.463296220000000       7.879999999999999E-006
   13.1515395600000       0.349238120000000       1.114000000000000E-005
   10.1222079600000       0.189219760000000       5.400000000000000E-006
   3.71726712000000       2.433156000000000E-002  3.900000000000000E-006
   1.36783044000000       3.352000000000000E-003  2.000000000000000E-007
  0.388802280000000       9.596399999999998E-004  0.000000000000000E+000
  7.772760000000001E-002  7.036000000000001E-005  0.000000000000000E+000
  0.185994960000000       0.000000000000000E+000  0.000000000000000E+000
   6.51790716000000       3.091662000000000E-002  1.000000000000000E-007
   7.13985900000000       5.777746000000000E-002  2.400000000000000E-007
   7.13112900000000       2.502490000000000E-002  1.200000000000000E-007
   4.94202984000000       2.367854000000000E-002  0.000000000000000E+000
   3.76408092000000       2.645960000000000E-003  0.000000000000000E+000
   1.27098864000000       2.617000000000000E-003  0.000000000000000E+000
  0.762561120000000       6.642800000000001E-004  0.000000000000000E+000
  0.151486320000000       1.062800000000000E-004  0.000000000000000E+000
  0.119117640000000       5.396000000000000E-005  0.000000000000000E+000
  0.387338400000000       5.466000000000000E-005  0.000000000000000E+000
  0.000000000000000E+000  0.000000000000000E+000  0.000000000000000E+000
  0.000000000000000E+000  0.000000000000000E+000  0.000000000000000E+000
  0.000000000000000E+000  0.000000000000000E+000  0.000000000000000E+000
  0.000000000000000E+000  0.000000000000000E+000  0.000000000000000E+000
  0.000000000000000E+000  0.000000000000000E+000  0.000000000000000E+000
  0.000000000000000E+000  0.000000000000000E+000  0.000000000000000E+000
  8.520000000000000E-006  0.000000000000000E+000  0.000000000000000E+000
  6.727200000000001E-004  0.000000000000000E+000  0.000000000000000E+000
  1.547364000000000E-002  4.400000000000001E-007  0.000000000000000E+000
  0.104701680000000       1.330600000000000E-004  0.000000000000000E+000
  1.080000000000000E-006  0.000000000000000E+000  0.000000000000000E+000
  0.000000000000000E+000  0.000000000000000E+000  0.000000000000000E+000
  0.000000000000000E+000  0.000000000000000E+000  0.000000000000000E+000
  0.000000000000000E+000  0.000000000000000E+000  0.000000000000000E+000
  0.000000000000000E+000  0.000000000000000E+000  0.000000000000000E+000
  5.076000000000000E-005  0.000000000000000E+000  0.000000000000000E+000
  5.932800000000002E-004  0.000000000000000E+000  0.000000000000000E+000
  1.846824000000000E-002  1.720000000000000E-006  0.000000000000000E+000
  0.292606560000000       8.699800000000002E-004  1.800000000000000E-007
  2.169156000000000E-002  2.386000000000000E-005  0.000000000000000E+000
  6.408000000000001E-005  0.000000000000000E+000  0.000000000000000E+000
  6.527999999999998E-005  0.000000000000000E+000  0.000000000000000E+000
  4.464000000000000E-005  0.000000000000000E+000  0.000000000000000E+000
  2.974800000000000E-004  0.000000000000000E+000  0.000000000000000E+000
  3.958800000000000E-004  0.000000000000000E+000  0.000000000000000E+000
  3.376199999999999E-003  0.000000000000000E+000  0.000000000000000E+000
  2.597844000000000E-002  4.060000000000000E-006  0.000000000000000E+000
  0.363452760000000       1.016100000000000E-003  0.000000000000000E+000
  0.286530840000000       8.249400000000002E-004  5.260000000000000E-006
  8.311524000000001E-002  1.657000000000000E-004  0.000000000000000E+000
  4.038360000000000E-003  0.000000000000000E+000  0.000000000000000E+000
  5.223840000000000E-003  0.000000000000000E+000  0.000000000000000E+000
  5.803560000000000E-003  2.040000000000000E-006  0.000000000000000E+000
  9.156599999999999E-003  0.000000000000000E+000  0.000000000000000E+000
  1.556592000000001E-002  0.000000000000000E+000  0.000000000000000E+000
  6.717108000000001E-002  1.484000000000000E-005  0.000000000000000E+000
  0.457479000000000       1.587020000000000E-003  3.920000000000000E-006
   2.39355504000000       4.429136000000001E-002  9.700000000000002E-006
  0.271527240000000       8.480399999999999E-004  4.520000000000000E-006
  0.107442720000000       1.868000000000000E-004  0.000000000000000E+000
  9.956579999999998E-002  5.677999999999999E-005  0.000000000000000E+000
  0.115848240000000       1.044600000000000E-004  0.000000000000000E+000
  0.122136720000000       1.662800000000000E-004  0.000000000000000E+000
  0.158343840000000       2.028800000000000E-004  0.000000000000000E+000
  0.313367640000000       7.115600000000003E-004  0.000000000000000E+000
  0.925356360000000       7.441179999999999E-003  0.000000000000000E+000
   3.61400016000000       0.100492900000000       1.660000000000000E-005
   3.43539060000000       8.064462000000003E-002  3.194000000000000E-005
  0.244452000000000       4.018400000000000E-004  0.000000000000000E+000
  9.417024000000002E-002  1.201600000000000E-004  0.000000000000000E+000
   1.39773084000000       1.639618000000000E-002  1.248000000000000E-005
   1.43367684000000       1.778348000000000E-002  2.900000000000000E-006
   1.68525492000000       2.460940000000000E-002  0.000000000000000E+000
   2.00337588000000       3.513270000000000E-002  1.100000000000000E-006
   3.26692272000000       8.637644000000001E-002  1.508000000000000E-005
   6.54797856000000       0.346330020000000       1.704000000000000E-005
   7.16958840000000       0.345603680000000       1.852000000000000E-005
   1.70604096000000       1.182275999999999E-002  0.000000000000000E+000
  9.976475999999999E-002  3.254000000000000E-005  0.000000000000000E+000
  3.333444000000000E-002  1.378000000000000E-005  0.000000000000000E+000
   9.28030692000000       0.668030300000000       4.228000000000000E-005
   9.68431752000000       0.710491400000000       1.598000000000000E-005
   10.3032312000000       0.738258460000000       3.528000000000000E-005
   10.9375927200000       0.821634160000000       1.938000000000000E-005
   12.4859564400000       0.952348160000000       7.688000000000002E-005
   10.3802505600000       0.443743600000000       8.899999999999999E-006
   3.45716184000000       3.056152000000000E-002  2.680000000000000E-006
  0.926119560000000       2.901140000000000E-003  0.000000000000000E+000
  7.230396000000000E-002  4.400000000000000E-007  0.000000000000000E+000
  6.572184000000000E-002  0.000000000000000E+000  0.000000000000000E+000
   15.4011780000000       0.590284880000000       1.110000000000000E-005
   14.6531163600000       0.573741440000000       5.400000000000000E-006
   14.3260112400000       0.527793320000000       7.980000000000002E-006
   12.6314541600000       0.315073620000000       2.424000000000001E-005
   9.15749688000000       0.170256400000000       1.284000000000000E-005
   4.29218508000000       2.210662000000000E-002  8.000000000000000E-008
   1.19501820000000       2.880300000000000E-003  0.000000000000000E+000
  0.398872680000000       7.757599999999999E-004  0.000000000000000E+000
  4.082532000000001E-002  1.456000000000000E-005  0.000000000000000E+000
  0.199717320000000       0.000000000000000E+000  0.000000000000000E+000
   6.88111596000000       2.551502000000001E-002  0.000000000000000E+000
   7.17658524000000       4.700202000000001E-002  0.000000000000000E+000
   6.76947552000000       5.242392000000001E-002  3.180000000000000E-006
   4.56291288000000       1.037870000000000E-002  0.000000000000000E+000
   3.61606524000000       1.124796000000000E-002  4.000000000000000E-007
   1.87152048000000       9.274000000000000E-004  1.060000000000000E-006
  0.475615920000000       7.097400000000000E-004  0.000000000000000E+000
  0.256019880000000       1.703000000000000E-004  0.000000000000000E+000
  0.476017560000000       2.617000000000000E-004  0.000000000000000E+000
  0.192824760000000       0.000000000000000E+000  0.000000000000000E+000
  0.000000000000000E+000  0.000000000000000E+000  0.000000000000000E+000
  0.000000000000000E+000  0.000000000000000E+000  0.000000000000000E+000
  0.000000000000000E+000  0.000000000000000E+000  0.000000000000000E+000
  0.000000000000000E+000  0.000000000000000E+000  0.000000000000000E+000
  0.000000000000000E+000  0.000000000000000E+000  0.000000000000000E+000
  1.404000000000000E-005  0.000000000000000E+000  0.000000000000000E+000
  4.920000000000000E-005  0.000000000000000E+000  0.000000000000000E+000
  6.632399999999999E-004  0.000000000000000E+000  0.000000000000000E+000
  1.513320000000000E-002  2.880000000000000E-006  0.000000000000000E+000
  0.109536360000000       1.195800000000000E-004  0.000000000000000E+000
  0.000000000000000E+000  0.000000000000000E+000  0.000000000000000E+000
  0.000000000000000E+000  0.000000000000000E+000  0.000000000000000E+000
  0.000000000000000E+000  0.000000000000000E+000  0.000000000000000E+000
  0.000000000000000E+000  0.000000000000000E+000  0.000000000000000E+000
  1.680000000000000E-006  0.000000000000000E+000  0.000000000000000E+000
  9.888000000000002E-005  0.000000000000000E+000  0.000000000000000E+000
  1.164000000000000E-003  0.000000000000000E+000  0.000000000000000E+000
  1.796940000000000E-002  2.000000000000000E-008  0.000000000000000E+000
  0.301792920000000       6.288000000000002E-004  0.000000000000000E+000
  2.622000000000000E-002  4.158000000000001E-005  0.000000000000000E+000
  4.560000000000000E-005  0.000000000000000E+000  0.000000000000000E+000
  6.156000000000000E-005  0.000000000000000E+000  0.000000000000000E+000
  5.724000000000000E-005  0.000000000000000E+000  0.000000000000000E+000
  2.140800000000000E-004  0.000000000000000E+000  0.000000000000000E+000
  3.676800000000001E-004  0.000000000000000E+000  0.000000000000000E+000
  2.568360000000000E-003  0.000000000000000E+000  0.000000000000000E+000
  2.518979999999999E-002  3.000000000000000E-007  0.000000000000000E+000
  0.365632920000000       9.282800000000002E-004  0.000000000000000E+000
  0.324464280000000       1.258360000000000E-003  8.200000000000000E-007
  9.560952000000000E-002  2.986200000000000E-004  0.000000000000000E+000
  5.367960000000001E-003  0.000000000000000E+000  0.000000000000000E+000
  4.223400000000000E-003  0.000000000000000E+000  0.000000000000000E+000
  5.560080000000000E-003  0.000000000000000E+000  0.000000000000000E+000
  7.567920000000003E-003  1.380000000000000E-006  0.000000000000000E+000
  1.502808000000000E-002  6.000000000000001E-008  0.000000000000000E+000
  6.267048000000003E-002  3.364000000000000E-005  0.000000000000000E+000
  0.472115760000000       1.776180000000000E-003  0.000000000000000E+000
   2.44747620000000       5.046501999999999E-002  1.086000000000000E-005
  0.174996600000000       3.285800000000001E-004  1.076000000000000E-005
  0.104599200000000       1.944600000000000E-004  0.000000000000000E+000
  0.100173720000000       5.758000000000001E-005  0.000000000000000E+000
  0.113879040000000       1.208200000000000E-004  0.000000000000000E+000
  0.116715480000000       6.845999999999999E-005  0.000000000000000E+000
  0.177584160000000       1.712600000000000E-004  0.000000000000000E+000
  0.300633480000000       7.787799999999999E-004  0.000000000000000E+000
  0.968584440000000       7.645900000000001E-003  0.000000000000000E+000
   3.50442720000000       0.100984520000000       1.048000000000000E-005
   3.31742544000000       8.599438000000000E-002  1.160000000000000E-005
  0.197388000000000       5.624800000000000E-004  0.000000000000000E+000
  0.104966520000000       1.120000000000000E-006  0.000000000000000E+000
   1.43543304000000       1.587368000000000E-002  3.800000000000000E-007
   1.48189716000000       1.861612000000000E-002  0.000000000000000E+000
   1.62631344000000       2.206370000000000E-002  1.182000000000000E-005
   2.07786552000000       3.585845999999999E-002  9.200000000000000E-007
   3.28714260000000       8.678516000000001E-002  1.452000000000000E-005
   6.33722940000000       0.339400920000000       4.435999999999999E-005
   7.50204300000000       0.375804480000000       3.044000000000000E-005
   1.98832764000000       1.633870000000000E-002  1.142000000000000E-005
  0.112975560000000       1.022800000000000E-004  0.000000000000000E+000
  8.288747999999999E-002  5.480000000000000E-006  0.000000000000000E+000
   9.23907816000000       0.642984880000000       3.058000000000000E-005
   9.41804868000000       0.634603460000000       3.550000000000000E-005
   9.81583764000000       0.705021560000000       4.836000000000000E-005
   10.8828582000000       0.836542880000000       2.818000000000000E-005
   12.1517865600000       0.962709080000000       2.218000000000000E-005
   10.4324282400000       0.452439040000000       2.432000000000000E-005
   3.44322600000000       3.079460000000001E-002  1.334000000000000E-005
  0.995538000000000       4.081080000000000E-003  0.000000000000000E+000
  6.768516000000001E-002  2.512000000000000E-005  0.000000000000000E+000
  5.871527999999999E-002  1.200000000000000E-007  0.000000000000000E+000
   14.6326497600000       0.594238960000000       2.276000000000000E-005
   14.4088720800000       0.553083000000000       8.220000000000001E-006
   14.1678195600000       0.484693380000000       2.500000000000000E-005
   12.6293863200000       0.358306420000000       7.200000000000000E-006
   9.58927992000000       0.156764120000000       1.920000000000001E-005
   3.83849376000000       1.922842000000000E-002  9.400000000000001E-007
   1.33490892000000       2.887420000000000E-003  0.000000000000000E+000
  0.566149200000000       1.041520000000000E-003  0.000000000000000E+000
  5.625744000000001E-002  2.200000000000000E-007  0.000000000000000E+000
  0.410875440000000       1.674000000000000E-005  0.000000000000000E+000
   7.80273216000000       4.268128000000000E-002  1.000000000000000E-007
   7.14664248000000       2.125930000000000E-002  9.640000000000001E-006
   6.88226244000000       4.073450000000000E-002  0.000000000000000E+000
   6.05731860000000       2.271878000000000E-002  0.000000000000000E+000
   3.44994240000000       1.078042000000000E-002  0.000000000000000E+000
   1.30926516000000       8.172800000000001E-004  2.000000000000000E-008
  0.746980800000000       6.665400000000001E-004  0.000000000000000E+000
  0.167670840000000       1.355800000000000E-004  0.000000000000000E+000
  0.223282920000000       2.848000000000000E-005  0.000000000000000E+000
  0.398856960000000       1.098000000000000E-005  0.000000000000000E+000
  0.000000000000000E+000  0.000000000000000E+000  0.000000000000000E+000
  0.000000000000000E+000  0.000000000000000E+000  0.000000000000000E+000
  0.000000000000000E+000  0.000000000000000E+000  0.000000000000000E+000
  0.000000000000000E+000  0.000000000000000E+000  0.000000000000000E+000
  0.000000000000000E+000  0.000000000000000E+000  0.000000000000000E+000
  0.000000000000000E+000  0.000000000000000E+000  0.000000000000000E+000
  4.739999999999999E-005  0.000000000000000E+000  0.000000000000000E+000
  6.175200000000002E-004  0.000000000000000E+000  0.000000000000000E+000
  1.608252000000000E-002  3.760000000000000E-006  0.000000000000000E+000
  0.105772560000000       1.285800000000000E-004  0.000000000000000E+000
  0.000000000000000E+000  0.000000000000000E+000  0.000000000000000E+000
  0.000000000000000E+000  0.000000000000000E+000  0.000000000000000E+000
  0.000000000000000E+000  0.000000000000000E+000  0.000000000000000E+000
  0.000000000000000E+000  0.000000000000000E+000  0.000000000000000E+000
  2.640000000000000E-005  0.000000000000000E+000  0.000000000000000E+000
  0.000000000000000E+000  0.000000000000000E+000  0.000000000000000E+000
  3.357599999999999E-004  0.000000000000000E+000  0.000000000000000E+000
  1.964412000000000E-002  6.799999999999999E-007  0.000000000000000E+000
  0.283422240000000       6.859399999999999E-004  1.200000000000000E-007
  3.553092000000001E-002  5.971999999999999E-005  0.000000000000000E+000
  1.630800000000000E-004  0.000000000000000E+000  0.000000000000000E+000
  2.293200000000000E-004  0.000000000000000E+000  0.000000000000000E+000
  4.727999999999999E-005  0.000000000000000E+000  0.000000000000000E+000
  2.922000000000001E-004  0.000000000000000E+000  0.000000000000000E+000
  3.193200000000000E-004  0.000000000000000E+000  0.000000000000000E+000
  1.786440000000000E-003  0.000000000000000E+000  0.000000000000000E+000
  2.393028000000000E-002  4.000000000000000E-006  0.000000000000000E+000
  0.357502440000000       9.486400000000005E-004  8.000000000000000E-008
  0.377227800000000       1.459600000000000E-003  8.160000000000000E-006
  8.554728000000000E-002  1.624600000000000E-004  0.000000000000000E+000
  4.582080000000000E-003  0.000000000000000E+000  0.000000000000000E+000
  4.815119999999999E-003  0.000000000000000E+000  0.000000000000000E+000
  7.845479999999998E-003  0.000000000000000E+000  0.000000000000000E+000
  7.999080000000000E-003  0.000000000000000E+000  0.000000000000000E+000
  1.574064000000000E-002  6.799999999999999E-007  0.000000000000000E+000
  6.255480000000001E-002  4.490000000000000E-005  0.000000000000000E+000
  0.430951200000000       1.182480000000000E-003  0.000000000000000E+000
   2.43698496000000       4.926245999999999E-002  2.772000000000000E-005
  0.172070040000000       3.726400000000000E-004  3.520000000000001E-006
  0.123267720000000       1.622200000000000E-004  0.000000000000000E+000
  9.857255999999999E-002  1.752000000000000E-005  0.000000000000000E+000
  0.101388120000000       4.860000000000000E-005  0.000000000000000E+000
  0.120120480000000       1.451200000000000E-004  0.000000000000000E+000
  0.162597600000000       2.949600000000000E-004  0.000000000000000E+000
  0.301988760000000       6.581400000000000E-004  0.000000000000000E+000
  0.980466840000000       8.509600000000004E-003  1.320000000000000E-006
   3.60459660000000       0.107069880000000       1.652000000000000E-005
   3.18678708000000       7.427442000000001E-002  1.876000000000000E-005
  0.223768080000000       4.765600000000000E-004  0.000000000000000E+000
  6.989148000000001E-002  2.118800000000000E-004  0.000000000000000E+000
   1.47544656000000       1.788482000000000E-002  2.260000000000000E-006
   1.53679632000000       1.872318000000000E-002  9.160000000000000E-006
   1.67848152000000       2.401205999999999E-002  3.920000000000000E-006
   2.10762456000000       3.751835999999999E-002  0.000000000000000E+000
   3.39446268000000       9.107820000000000E-002  2.548000000000000E-005
   6.48701268000000       0.343141720000000       3.478000000000000E-005
   7.32066156000000       0.348244480000000       3.726000000000000E-005
   1.92681372000000       1.494700000000000E-002  3.680000000000000E-006
  9.988044000000000E-002  1.757000000000000E-004  0.000000000000000E+000
  2.835432000000000E-002  5.240000000000001E-006  0.000000000000000E+000
   9.53594004000000       0.668367460000000       5.086000000000001E-005
   9.56885208000000       0.660283960000000       5.032000000000000E-005
   9.74160252000000       0.722391200000000       3.018000000000000E-005
   11.2030278000000       0.902791880000000       3.106000000000000E-005
   11.9014848000000       0.918654300000000       2.458000000000000E-005
   10.3215291600000       0.455528000000000       1.382000000000000E-005
   3.62324568000000       3.412428000000000E-002  4.020000000000000E-006
  0.998202000000000       3.615839999999999E-003  4.600000000000000E-007
  3.759732000000000E-002  1.710000000000000E-005  0.000000000000000E+000
  2.308068000000000E-002  1.052000000000000E-005  0.000000000000000E+000
   15.1254770400000       0.708566860000000       7.360000000000000E-006
   14.8484281200000       0.612755920000000       2.505999999999999E-005
   13.9679920800000       0.511000740000000       2.574000000000000E-005
   12.5625243600000       0.336136040000000       2.718000000000000E-005
   8.95480044000000       0.155196880000000       1.646000000000000E-005
   3.75541164000000       1.318824000000000E-002  1.460000000000000E-006
   1.75391220000000       6.175459999999999E-003  0.000000000000000E+000
  0.391591920000000       4.825600000000000E-004  0.000000000000000E+000
  0.224106480000000       8.440000000000001E-006  0.000000000000000E+000
  8.680140000000001E-002  0.000000000000000E+000  0.000000000000000E+000
   7.27024584000000       4.748872000000001E-002  0.000000000000000E+000
   6.89408160000000       3.793794000000000E-002  0.000000000000000E+000
   5.40690360000000       1.546218000000000E-002  0.000000000000000E+000
   5.79096396000000       1.484936000000000E-002  0.000000000000000E+000
   3.18113928000000       4.832880000000000E-003  5.600000000000000E-007
   1.34324616000000       8.482199999999999E-004  0.000000000000000E+000
  0.818563680000000       9.117199999999999E-004  0.000000000000000E+000
  0.158134320000000       8.652000000000001E-005  0.000000000000000E+000
  0.426458400000000       1.270000000000000E-004  0.000000000000000E+000
  0.252256680000000       3.049400000000000E-004  0.000000000000000E+000
  0.000000000000000E+000  0.000000000000000E+000  0.000000000000000E+000
  0.000000000000000E+000  0.000000000000000E+000  0.000000000000000E+000
  0.000000000000000E+000  0.000000000000000E+000  0.000000000000000E+000
  0.000000000000000E+000  0.000000000000000E+000  0.000000000000000E+000
  0.000000000000000E+000  0.000000000000000E+000  0.000000000000000E+000
  0.000000000000000E+000  0.000000000000000E+000  0.000000000000000E+000
  6.000000000000000E-007  0.000000000000000E+000  0.000000000000000E+000
  5.506800000000000E-004  0.000000000000000E+000  0.000000000000000E+000
  1.671131999999999E-002  3.220000000000000E-006  0.000000000000000E+000
  0.108945960000000       1.031400000000000E-004  2.400000000000000E-007
  0.000000000000000E+000  0.000000000000000E+000  0.000000000000000E+000
  0.000000000000000E+000  0.000000000000000E+000  0.000000000000000E+000
  6.840000000000001E-006  0.000000000000000E+000  0.000000000000000E+000
  0.000000000000000E+000  0.000000000000000E+000  0.000000000000000E+000
  1.440000000000000E-006  0.000000000000000E+000  0.000000000000000E+000
  7.332000000000000E-005  0.000000000000000E+000  0.000000000000000E+000
  6.202800000000001E-004  0.000000000000000E+000  0.000000000000000E+000
  2.367888000000000E-002  5.300000000000001E-006  0.000000000000000E+000
  0.289819800000000       6.002199999999999E-004  0.000000000000000E+000
  3.990696000000001E-002  1.738000000000000E-005  0.000000000000000E+000
  2.964000000000000E-005  0.000000000000000E+000  0.000000000000000E+000
  6.732000000000000E-005  0.000000000000000E+000  0.000000000000000E+000
  2.011200000000000E-004  0.000000000000000E+000  0.000000000000000E+000
  1.068000000000000E-004  0.000000000000000E+000  0.000000000000000E+000
  3.873600000000000E-004  0.000000000000000E+000  0.000000000000000E+000
  1.408560000000000E-003  0.000000000000000E+000  0.000000000000000E+000
  2.402172000000000E-002  2.120000000000000E-006  0.000000000000000E+000
  0.363270000000000       1.055980000000000E-003  2.000000000000000E-008
  0.345886560000000       1.724720000000000E-003  2.600000000000000E-007
  7.047131999999999E-002  8.166000000000000E-005  4.800000000000001E-007
  4.253879999999999E-003  1.400000000000000E-006  0.000000000000000E+000
  5.046960000000001E-003  0.000000000000000E+000  0.000000000000000E+000
  4.795200000000000E-003  0.000000000000000E+000  0.000000000000000E+000
  7.405200000000000E-003  0.000000000000000E+000  0.000000000000000E+000
  1.601208000000000E-002  0.000000000000000E+000  0.000000000000000E+000
  6.422736000000000E-002  4.346000000000000E-005  0.000000000000000E+000
  0.461084280000000       1.522740000000000E-003  0.000000000000000E+000
   2.45614968000000       4.929435999999999E-002  2.844000000000000E-005
  0.203604120000000       6.712600000000000E-004  0.000000000000000E+000
  0.111934920000000       1.011000000000000E-004  0.000000000000000E+000
  0.108492360000000       5.126000000000000E-005  0.000000000000000E+000
  0.112234200000000       1.963800000000000E-004  0.000000000000000E+000
  0.125487840000000       1.379600000000000E-004  0.000000000000000E+000
  0.170186880000000       3.043200000000000E-004  0.000000000000000E+000
  0.317386440000000       9.323000000000001E-004  0.000000000000000E+000
  0.994672320000000       8.657939999999999E-003  8.000000000000000E-008
   3.48650184000000       9.878115999999998E-002  1.518000000000000E-005
   3.37417368000000       8.367953999999997E-002  3.012000000000000E-005
  0.134320320000000       1.524200000000000E-004  0.000000000000000E+000
  6.849864000000000E-002  1.469200000000000E-004  0.000000000000000E+000
   1.38780540000000       1.522804000000000E-002  4.299999999999999E-006
   1.47323172000000       1.823588000000000E-002  7.640000000000000E-006
   1.63753884000000       2.200748000000000E-002  0.000000000000000E+000
   2.19102912000000       4.161462000000000E-002  3.340000000000000E-006
   3.36615336000000       9.726573999999998E-002  2.440000000000000E-006
   6.46098888000000       0.332405620000000       4.214000000000000E-005
   7.22012148000000       0.347122960000000       3.307999999999999E-005
   1.99237392000000       1.965984000000000E-002  8.000000000000000E-008
  0.127099800000000       2.242400000000000E-004  0.000000000000000E+000
  4.480991999999999E-002  2.502000000000000E-005  0.000000000000000E+000
   9.52557984000000       0.673278960000000       3.514000000000000E-005
   9.61013880000000       0.698540440000000       4.180000000000000E-005
   10.1034986400000       0.753695660000000       3.360000000000000E-005
   10.7375283600000       0.851241380000000       3.624000000000000E-005
   12.6503337600000       0.983716200000000       2.880000000000000E-005
   10.6079088000000       0.500477000000000       3.984000000000000E-005
   3.30034272000000       2.339197999999999E-002  9.720000000000000E-006
  0.934244160000000       3.527940000000000E-003  2.240000000000000E-006
  5.207916000000001E-002  1.470000000000000E-005  0.000000000000000E+000
  1.804020000000000E-002  3.598000000000000E-005  0.000000000000000E+000
   14.5931340000000       0.599496880000000       1.352000000000000E-005
   14.9254320000000       0.645578540000000       3.639999999999999E-005
   14.1559572000000       0.478468300000000       1.406000000000000E-005
   12.8128141200000       0.382806440000000       1.638000000000000E-005
   9.43424748000000       0.162017660000000       9.960000000000001E-006
   4.54532640000000       2.600700000000000E-002  5.600000000000000E-007
   1.14949212000000       3.209620000000001E-003  0.000000000000000E+000
  0.396273840000000       1.383760000000000E-003  0.000000000000000E+000
  0.317627400000000       6.988000000000002E-005  0.000000000000000E+000
  0.116835120000000       0.000000000000000E+000  0.000000000000000E+000
   7.73267292000000       2.530040000000000E-002  6.600000000000000E-007
   6.77681808000000       4.040278000000000E-002  1.560000000000000E-006
   6.76819632000000       1.712084000000000E-002  8.000000000000000E-008
   5.73314964000000       3.251920000000001E-002  5.880000000000001E-006
   3.25872300000000       1.080200000000000E-002  8.600000000000000E-007
   2.03393304000000       4.904740000000000E-003  4.000000000000000E-008
  0.512875680000000       8.061200000000000E-004  0.000000000000000E+000
  0.164452200000000       9.478000000000000E-005  0.000000000000000E+000
  0.269280600000000       4.398000000000000E-005  0.000000000000000E+000
  0.426068640000000       5.532000000000000E-005  0.000000000000000E+000
  0.000000000000000E+000  0.000000000000000E+000  0.000000000000000E+000
  0.000000000000000E+000  0.000000000000000E+000  0.000000000000000E+000
  0.000000000000000E+000  0.000000000000000E+000  0.000000000000000E+000
  0.000000000000000E+000  0.000000000000000E+000  0.000000000000000E+000
  0.000000000000000E+000  0.000000000000000E+000  0.000000000000000E+000
  0.000000000000000E+000  0.000000000000000E+000  0.000000000000000E+000
  4.452000000000000E-005  0.000000000000000E+000  0.000000000000000E+000
  6.800399999999999E-004  0.000000000000000E+000  0.000000000000000E+000
  1.565796000000000E-002  3.600000000000000E-007  0.000000000000000E+000
  0.108239520000000       7.642000000000002E-005  1.700000000000000E-006
  0.000000000000000E+000  0.000000000000000E+000  0.000000000000000E+000
  3.000000000000000E-006  0.000000000000000E+000  0.000000000000000E+000
  0.000000000000000E+000  0.000000000000000E+000  0.000000000000000E+000
  3.480000000000000E-005  0.000000000000000E+000  0.000000000000000E+000
  2.160000000000000E-005  0.000000000000000E+000  0.000000000000000E+000
  3.324000000000000E-005  0.000000000000000E+000  0.000000000000000E+000
  6.993600000000001E-004  0.000000000000000E+000  0.000000000000000E+000
  1.969284000000000E-002  1.160000000000000E-006  0.000000000000000E+000
  0.277524480000000       6.376999999999998E-004  1.200000000000000E-007
  3.853332000000000E-002  4.682000000000000E-005  0.000000000000000E+000
  1.868400000000000E-004  0.000000000000000E+000  0.000000000000000E+000
  9.912000000000001E-005  0.000000000000000E+000  0.000000000000000E+000
  9.276000000000001E-005  0.000000000000000E+000  0.000000000000000E+000
  3.182400000000000E-004  0.000000000000000E+000  0.000000000000000E+000
  7.038000000000001E-004  0.000000000000000E+000  0.000000000000000E+000
  1.998720000000000E-003  0.000000000000000E+000  0.000000000000000E+000
  2.403923999999999E-002  5.240000000000001E-006  0.000000000000000E+000
  0.353228280000000       1.006520000000000E-003  0.000000000000000E+000
  0.371442360000000       1.672120000000000E-003  0.000000000000000E+000
  8.376959999999999E-002  2.497000000000001E-004  0.000000000000000E+000
  5.347080000000000E-003  0.000000000000000E+000  0.000000000000000E+000
  6.747240000000001E-003  0.000000000000000E+000  0.000000000000000E+000
  5.114520000000000E-003  3.300000000000000E-006  0.000000000000000E+000
  8.149439999999997E-003  0.000000000000000E+000  0.000000000000000E+000
  1.504512000000000E-002  0.000000000000000E+000  0.000000000000000E+000
  6.008040000000001E-002  4.734000000000000E-005  0.000000000000000E+000
  0.454575840000000       1.318460000000000E-003  0.000000000000000E+000
   2.40798048000000       4.691192000000002E-002  1.942000000000000E-005
  0.209564400000000       7.281599999999999E-004  0.000000000000000E+000
  0.105378960000000       8.241999999999999E-005  0.000000000000000E+000
  9.463980000000001E-002  6.473999999999999E-005  0.000000000000000E+000
  0.106267920000000       1.013600000000000E-004  0.000000000000000E+000
  0.128400720000000       1.034800000000000E-004  0.000000000000000E+000
  0.162338280000000       1.102000000000000E-004  0.000000000000000E+000
  0.309630720000000       9.654999999999998E-004  0.000000000000000E+000
  0.978867600000000       7.460900000000001E-003  6.740000000000000E-006
   3.46151772000000       9.985405999999999E-002  1.434000000000000E-005
   3.51658800000000       9.605086000000000E-002  1.374000000000000E-005
  0.184005120000000       3.339600000000000E-004  0.000000000000000E+000
  6.530820000000000E-002  9.258000000000001E-005  0.000000000000000E+000
   1.39363884000000       1.524144000000000E-002  4.400000000000000E-007
   1.43998764000000       1.721252000000000E-002  9.340000000000000E-006
   1.58214912000000       2.100832000000000E-002  0.000000000000000E+000
   2.05373940000000       3.380180000000000E-002  7.320000000000000E-006
   3.32144436000000       8.947337999999999E-002  5.540000000000000E-006
   6.49031880000000       0.350414320000000       2.876000000000000E-005
   7.48815876000000       0.372812520000000       2.554000000000000E-005
   1.95530580000000       1.871046000000000E-002  0.000000000000000E+000
  9.633612000000001E-002  1.362600000000000E-004  0.000000000000000E+000
  3.580476000000000E-002  2.038000000000000E-005  0.000000000000000E+000
   9.42274980000000       0.658607420000000       5.459999999999999E-005
   9.62419128000000       0.688451560000000       2.854000000000000E-005
   9.81185568000000       0.706210980000000       2.268000000000000E-005
   11.4855754800000       0.943988080000000       3.202000000000000E-005
   11.9298084000000       0.897860160000000       4.371999999999999E-005
   10.1948409600000       0.453983320000000       3.496000000000000E-005
   3.62509944000000       3.267933999999999E-002  5.240000000000000E-006
  0.974849400000000       3.155160000000000E-003  0.000000000000000E+000
  0.106124880000000       3.352000000000000E-005  0.000000000000000E+000
  2.904047999999999E-002  7.279999999999999E-005  0.000000000000000E+000
   14.7922767600000       0.626858820000000       1.692000000000000E-005
   14.6501463600000       0.591645820000000       2.386000000000000E-005
   13.9503583200000       0.475545220000000       1.790000000000000E-005
   12.9803614800000       0.334872060000000       6.879999999999999E-006
   9.39957732000000       0.140836020000000       6.839999999999999E-006
   4.17918804000000       1.690906000000000E-002  7.000000000000000E-007
   1.61341428000000       6.715060000000002E-003  0.000000000000000E+000
  0.378928560000000       4.370400000000000E-004  0.000000000000000E+000
  4.190424000000000E-002  0.000000000000000E+000  0.000000000000000E+000
  0.267333480000000       0.000000000000000E+000  0.000000000000000E+000
   6.87393360000000       2.958981999999999E-002  0.000000000000000E+000
   8.13402300000000       3.481088000000000E-002  9.799999999999999E-007
   6.21526788000000       3.161442000000000E-002  8.000000000000000E-008
   5.66106684000000       2.554364000000001E-002  2.000000000000000E-008
   3.87792876000000       1.663458000000000E-002  2.600000000000000E-007
   1.70713572000000       2.112580000000000E-003  0.000000000000000E+000
