  0.419622360000000       1.323740000000000E-003  0.000000000000000E+000
  0.427965720000000       1.527780000000000E-003  0.000000000000000E+000
  0.428189640000000       1.357480000000000E-003  1.960000000000000E-006
  0.485691360000000       1.699980000000000E-003  2.000000000000000E-008
  0.519419040000000       2.088879999999999E-003  4.200000000000000E-007
  0.640832400000000       3.450079999999999E-003  3.840000000000000E-006
  0.735991200000000       3.746579999999999E-003  1.220000000000000E-006
  0.483392400000000       2.226520000000000E-003  8.220000000000001E-006
  6.865512000000000E-002  6.304000000000001E-005  0.000000000000000E+000
  2.271036000000001E-002  1.340000000000000E-006  0.000000000000000E+000
  4.148400000000001E-004  0.000000000000000E+000  0.000000000000000E+000
  9.315599999999998E-004  0.000000000000000E+000  0.000000000000000E+000
  3.555600000000000E-004  0.000000000000000E+000  0.000000000000000E+000
  1.301760000000000E-003  0.000000000000000E+000  0.000000000000000E+000
  1.396080000000000E-003  0.000000000000000E+000  0.000000000000000E+000
  7.347600000000002E-003  0.000000000000000E+000  0.000000000000000E+000
  4.643928000000000E-002  4.980000000000000E-006  0.000000000000000E+000
  0.308864640000000       7.399600000000002E-004  4.200000000000001E-007
  0.608083080000000       3.144560000000000E-003  8.000000000000000E-008
  7.487916000000001E-002  1.137400000000000E-004  0.000000000000000E+000
  0.000000000000000E+000  0.000000000000000E+000  0.000000000000000E+000
  0.000000000000000E+000  0.000000000000000E+000  0.000000000000000E+000
  0.000000000000000E+000  0.000000000000000E+000  0.000000000000000E+000
  0.000000000000000E+000  0.000000000000000E+000  0.000000000000000E+000
  0.000000000000000E+000  0.000000000000000E+000  0.000000000000000E+000
  1.224000000000000E-005  0.000000000000000E+000  0.000000000000000E+000
  1.429080000000000E-003  0.000000000000000E+000  0.000000000000000E+000
  4.073423999999999E-002  1.784000000000000E-005  0.000000000000000E+000
  0.437806200000000       1.647680000000000E-003  3.080000000000000E-006
  0.140569200000000       2.947400000000000E-004  5.600000000000000E-007
  0.000000000000000E+000  0.000000000000000E+000  0.000000000000000E+000
  0.000000000000000E+000  0.000000000000000E+000  0.000000000000000E+000
  0.000000000000000E+000  0.000000000000000E+000  0.000000000000000E+000
  0.000000000000000E+000  0.000000000000000E+000  0.000000000000000E+000
  0.000000000000000E+000  0.000000000000000E+000  0.000000000000000E+000
  0.000000000000000E+000  0.000000000000000E+000  0.000000000000000E+000
  0.000000000000000E+000  0.000000000000000E+000  0.000000000000000E+000
  3.793440000000000E-003  0.000000000000000E+000  0.000000000000000E+000
  0.205563720000000       3.048800000000000E-004  1.420000000000000E-006
  0.315008520000000       9.850800000000002E-004  0.000000000000000E+000
  0.000000000000000E+000  0.000000000000000E+000  0.000000000000000E+000
  0.000000000000000E+000  0.000000000000000E+000  0.000000000000000E+000
  0.000000000000000E+000  0.000000000000000E+000  0.000000000000000E+000
  0.000000000000000E+000  0.000000000000000E+000  0.000000000000000E+000
  0.000000000000000E+000  0.000000000000000E+000  0.000000000000000E+000
  0.000000000000000E+000  0.000000000000000E+000  0.000000000000000E+000
  0.000000000000000E+000  0.000000000000000E+000  0.000000000000000E+000
  3.462000000000001E-004  0.000000000000000E+000  0.000000000000000E+000
  7.967628000000002E-002  3.918000000000001E-005  0.000000000000000E+000
  0.498555840000000       2.289760000000000E-003  7.540000000000000E-006
   1.34300148000000       1.457438000000000E-002  0.000000000000000E+000
   1.27994184000000       1.412984000000000E-002  0.000000000000000E+000
   1.05747804000000       8.435020000000001E-003  8.000000000000001E-007
  0.878436120000000       5.833540000000001E-003  0.000000000000000E+000
  0.499202880000000       3.137460000000000E-003  0.000000000000000E+000
  8.781264000000000E-002  0.000000000000000E+000  0.000000000000000E+000
  7.350960000000000E-003  0.000000000000000E+000  0.000000000000000E+000
  5.149920000000000E-003  0.000000000000000E+000  0.000000000000000E+000
  0.000000000000000E+000  0.000000000000000E+000  0.000000000000000E+000
  0.000000000000000E+000  0.000000000000000E+000  0.000000000000000E+000
  0.102492600000000       1.002000000000000E-005  1.200000000000000E-007
  0.132391320000000       8.282000000000000E-005  0.000000000000000E+000
  0.115487880000000       4.296199999999999E-004  0.000000000000000E+000
  0.171645600000000       2.308000000000001E-004  0.000000000000000E+000
  0.343543800000000       8.807200000000001E-004  0.000000000000000E+000
  0.808701960000000       6.589940000000000E-003  9.600000000000001E-007
   2.01759816000000       3.276195999999999E-002  7.999999999999998E-007
  0.216637200000000       4.567000000000000E-004  0.000000000000000E+000
  9.090120000000000E-003  0.000000000000000E+000  0.000000000000000E+000
  1.008000000000000E-005  0.000000000000000E+000  0.000000000000000E+000
  1.083600000000000E-004  0.000000000000000E+000  0.000000000000000E+000
  2.868000000000000E-005  0.000000000000000E+000  0.000000000000000E+000
  9.036000000000001E-005  0.000000000000000E+000  0.000000000000000E+000
  2.785200000000000E-004  0.000000000000000E+000  0.000000000000000E+000
  8.584799999999999E-004  0.000000000000000E+000  0.000000000000000E+000
  8.597879999999997E-003  0.000000000000000E+000  0.000000000000000E+000
  0.171620880000000       1.337400000000000E-004  0.000000000000000E+000
   1.56653844000000       1.942272000000000E-002  6.160000000000000E-006
  2.724000000000000E-004  0.000000000000000E+000  0.000000000000000E+000
  3.657600000000000E-004  0.000000000000000E+000  0.000000000000000E+000
  0.000000000000000E+000  0.000000000000000E+000  0.000000000000000E+000
  0.000000000000000E+000  0.000000000000000E+000  0.000000000000000E+000
  0.000000000000000E+000  0.000000000000000E+000  0.000000000000000E+000
  0.000000000000000E+000  0.000000000000000E+000  0.000000000000000E+000
  0.000000000000000E+000  0.000000000000000E+000  0.000000000000000E+000
  1.680000000000000E-006  0.000000000000000E+000  0.000000000000000E+000
  4.936920000000000E-003  4.000000000000000E-008  0.000000000000000E+000
  0.419573640000000       1.233800000000000E-003  0.000000000000000E+000
  4.362396000000000E-002  2.400000000000000E-007  0.000000000000000E+000
  3.148320000000000E-003  0.000000000000000E+000  0.000000000000000E+000
  0.000000000000000E+000  0.000000000000000E+000  0.000000000000000E+000
  0.000000000000000E+000  0.000000000000000E+000  0.000000000000000E+000
  0.000000000000000E+000  0.000000000000000E+000  0.000000000000000E+000
  0.000000000000000E+000  0.000000000000000E+000  0.000000000000000E+000
  0.000000000000000E+000  0.000000000000000E+000  0.000000000000000E+000
  0.000000000000000E+000  0.000000000000000E+000  0.000000000000000E+000
  1.560000000000000E-006  0.000000000000000E+000  0.000000000000000E+000
  5.342052000000000E-002  2.764000000000000E-005  0.000000000000000E+000
  0.678242640000000       5.241700000000000E-003  0.000000000000000E+000
  6.000000000000000E-007  0.000000000000000E+000  0.000000000000000E+000
  0.000000000000000E+000  0.000000000000000E+000  0.000000000000000E+000
  2.922840000000000E-003  0.000000000000000E+000  0.000000000000000E+000
  1.902840000000000E-002  0.000000000000000E+000  0.000000000000000E+000
  5.169600000000000E-003  0.000000000000000E+000  0.000000000000000E+000
  5.809200000000000E-003  0.000000000000000E+000  0.000000000000000E+000
  0.000000000000000E+000  0.000000000000000E+000  0.000000000000000E+000
  2.616000000000000E-005  0.000000000000000E+000  0.000000000000000E+000
  0.000000000000000E+000  0.000000000000000E+000  0.000000000000000E+000
  0.000000000000000E+000  0.000000000000000E+000  0.000000000000000E+000
  0.000000000000000E+000  0.000000000000000E+000  0.000000000000000E+000
   5.25223812000000       0.210130020000000       2.820000000000000E-006
   5.46636924000000       0.226055380000000       1.468000000000000E-005
   5.60943468000000       0.226163880000000       1.294000000000000E-005
   6.08738736000000       0.249377860000000       7.359999999999999E-006
   6.21952020000000       0.253621260000000       1.548000000000000E-005
   3.13001880000000       4.503946000000001E-002  4.700000000000000E-006
  0.210235200000000       0.000000000000000E+000  0.000000000000000E+000
  0.000000000000000E+000  0.000000000000000E+000  0.000000000000000E+000
  0.000000000000000E+000  0.000000000000000E+000  0.000000000000000E+000
  0.000000000000000E+000  0.000000000000000E+000  0.000000000000000E+000
  3.162636000000000E-002  0.000000000000000E+000  0.000000000000000E+000
  3.620124000000000E-002  6.400000000000000E-007  0.000000000000000E+000
  3.040164000000000E-002  1.514000000000000E-005  0.000000000000000E+000
  7.956264000000000E-002  0.000000000000000E+000  0.000000000000000E+000
  0.164592120000000       3.707800000000001E-004  0.000000000000000E+000
   1.04103780000000       7.641640000000002E-003  3.940000000000000E-006
   4.33085856000000       0.142279640000000       1.928000000000000E-005
  8.709408000000000E-002  0.000000000000000E+000  0.000000000000000E+000
  0.000000000000000E+000  0.000000000000000E+000  0.000000000000000E+000
  0.000000000000000E+000  0.000000000000000E+000  0.000000000000000E+000
  0.000000000000000E+000  0.000000000000000E+000  0.000000000000000E+000
  3.024000000000000E-005  0.000000000000000E+000  0.000000000000000E+000
  0.000000000000000E+000  0.000000000000000E+000  0.000000000000000E+000
  6.684000000000000E-004  0.000000000000000E+000  0.000000000000000E+000
  5.628000000000000E-005  0.000000000000000E+000  0.000000000000000E+000
  1.262820000000000E-002  2.000000000000000E-006  0.000000000000000E+000
  0.553298160000000       2.458400000000000E-003  0.000000000000000E+000
   1.71203508000000       1.967513999999999E-002  0.000000000000000E+000
  0.000000000000000E+000  0.000000000000000E+000  0.000000000000000E+000
  0.000000000000000E+000  0.000000000000000E+000  0.000000000000000E+000
  0.000000000000000E+000  0.000000000000000E+000  0.000000000000000E+000
  0.000000000000000E+000  0.000000000000000E+000  0.000000000000000E+000
  0.000000000000000E+000  0.000000000000000E+000  0.000000000000000E+000
  0.000000000000000E+000  0.000000000000000E+000  0.000000000000000E+000
  0.000000000000000E+000  0.000000000000000E+000  0.000000000000000E+000
  0.000000000000000E+000  0.000000000000000E+000  0.000000000000000E+000
  1.435164000000000E-002  0.000000000000000E+000  0.000000000000000E+000
   2.51913276000000       5.584112000000001E-002  1.168000000000000E-005
  1.638000000000000E-004  0.000000000000000E+000  0.000000000000000E+000
  0.000000000000000E+000  0.000000000000000E+000  0.000000000000000E+000
  9.938868000000001E-002  0.000000000000000E+000  0.000000000000000E+000
  0.000000000000000E+000  0.000000000000000E+000  0.000000000000000E+000
  0.000000000000000E+000  0.000000000000000E+000  0.000000000000000E+000
  0.118387200000000       0.000000000000000E+000  0.000000000000000E+000
  0.000000000000000E+000  0.000000000000000E+000  0.000000000000000E+000
  3.348000000000000E-005  0.000000000000000E+000  0.000000000000000E+000
  0.000000000000000E+000  0.000000000000000E+000  0.000000000000000E+000
  0.000000000000000E+000  0.000000000000000E+000  0.000000000000000E+000
  0.000000000000000E+000  0.000000000000000E+000  0.000000000000000E+000
  0.000000000000000E+000  0.000000000000000E+000  0.000000000000000E+000
   3.85461768000000       9.622220000000001E-003  0.000000000000000E+000
   3.32751648000000       7.599959999999999E-003  0.000000000000000E+000
   3.16759908000000       8.954540000000000E-003  0.000000000000000E+000
   1.93692036000000       7.160420000000000E-003  0.000000000000000E+000
  0.923827320000000       0.000000000000000E+000  0.000000000000000E+000
  0.300328320000000       0.000000000000000E+000  0.000000000000000E+000
  8.400000000000000E-007  0.000000000000000E+000  0.000000000000000E+000
  0.000000000000000E+000  0.000000000000000E+000  0.000000000000000E+000
  0.000000000000000E+000  0.000000000000000E+000  0.000000000000000E+000
  0.000000000000000E+000  0.000000000000000E+000  0.000000000000000E+000
   2.82840660000000       6.117008000000000E-002  0.000000000000000E+000
   3.11047776000000       7.051676000000000E-002  0.000000000000000E+000
   3.50306772000000       7.876274000000001E-002  0.000000000000000E+000
   4.59706404000000       0.111819160000000       0.000000000000000E+000
   8.21567364000000       0.343329120000000       2.000000000000000E-008
   8.91159576000000       0.293873440000000       1.456000000000000E-005
  0.626081160000000       0.000000000000000E+000  0.000000000000000E+000
  0.000000000000000E+000  0.000000000000000E+000  0.000000000000000E+000
  0.000000000000000E+000  0.000000000000000E+000  0.000000000000000E+000
  0.000000000000000E+000  0.000000000000000E+000  0.000000000000000E+000
  1.128792000000000E-002  0.000000000000000E+000  0.000000000000000E+000
  8.729999999999998E-003  0.000000000000000E+000  0.000000000000000E+000
  1.403688000000000E-002  0.000000000000000E+000  0.000000000000000E+000
  3.375660000000000E-002  2.986000000000000E-005  0.000000000000000E+000
  0.120130800000000       2.165600000000000E-004  0.000000000000000E+000
   1.24263720000000       1.152625999999999E-002  0.000000000000000E+000
   6.87290628000000       0.237954160000000       9.900000000000000E-006
  1.913160000000000E-003  0.000000000000000E+000  0.000000000000000E+000
  0.000000000000000E+000  0.000000000000000E+000  0.000000000000000E+000
  0.000000000000000E+000  0.000000000000000E+000  0.000000000000000E+000
  0.000000000000000E+000  0.000000000000000E+000  0.000000000000000E+000
  0.000000000000000E+000  0.000000000000000E+000  0.000000000000000E+000
  0.000000000000000E+000  0.000000000000000E+000  0.000000000000000E+000
  0.000000000000000E+000  0.000000000000000E+000  0.000000000000000E+000
  4.321200000000000E-004  0.000000000000000E+000  0.000000000000000E+000
  1.942812000000000E-002  0.000000000000000E+000  0.000000000000000E+000
   1.85378352000000       3.177720000000001E-002  0.000000000000000E+000
  0.519341040000000       1.844120000000000E-003  0.000000000000000E+000
  0.000000000000000E+000  0.000000000000000E+000  0.000000000000000E+000
  0.000000000000000E+000  0.000000000000000E+000  0.000000000000000E+000
  0.000000000000000E+000  0.000000000000000E+000  0.000000000000000E+000
  0.119998920000000       0.000000000000000E+000  0.000000000000000E+000
  0.000000000000000E+000  0.000000000000000E+000  0.000000000000000E+000
  2.926788000000000E-002  0.000000000000000E+000  0.000000000000000E+000
  0.000000000000000E+000  0.000000000000000E+000  0.000000000000000E+000
  0.000000000000000E+000  0.000000000000000E+000  0.000000000000000E+000
  0.000000000000000E+000  0.000000000000000E+000  0.000000000000000E+000
  0.000000000000000E+000  0.000000000000000E+000  0.000000000000000E+000
  0.000000000000000E+000  0.000000000000000E+000  0.000000000000000E+000
  0.000000000000000E+000  0.000000000000000E+000  0.000000000000000E+000
   1.85170752000000       0.000000000000000E+000  0.000000000000000E+000
   1.79458020000000       0.000000000000000E+000  0.000000000000000E+000
   2.00729628000000       0.000000000000000E+000  0.000000000000000E+000
   1.39307280000000       0.000000000000000E+000  0.000000000000000E+000
  0.800490840000000       0.000000000000000E+000  0.000000000000000E+000
  5.999999999999999E-006  0.000000000000000E+000  0.000000000000000E+000
  0.000000000000000E+000  0.000000000000000E+000  0.000000000000000E+000
  0.000000000000000E+000  0.000000000000000E+000  0.000000000000000E+000
  0.000000000000000E+000  0.000000000000000E+000  0.000000000000000E+000
  0.000000000000000E+000  0.000000000000000E+000  0.000000000000000E+000
   15.7166084400000       0.176088760000000       0.000000000000000E+000
   16.1383134000000       0.167678940000000       4.000000000000000E-008
   16.0142834400000       0.116319420000000       1.200000000000000E-006
   13.5907786800000       7.645481999999998E-002  5.600000000000000E-007
   6.75152676000000       1.757468000000000E-002  4.920000000000000E-006
   2.64643920000000       0.000000000000000E+000  0.000000000000000E+000
  0.118568520000000       0.000000000000000E+000  0.000000000000000E+000
  0.000000000000000E+000  0.000000000000000E+000  0.000000000000000E+000
  0.000000000000000E+000  0.000000000000000E+000  0.000000000000000E+000
  0.000000000000000E+000  0.000000000000000E+000  0.000000000000000E+000
   1.07739828000000       5.467880000000000E-003  0.000000000000000E+000
   1.03773936000000       6.021799999999999E-003  0.000000000000000E+000
   1.70308980000000       1.553836000000000E-002  0.000000000000000E+000
   2.30745024000000       2.945472000000000E-002  0.000000000000000E+000
   6.36741888000000       0.130863140000000       3.760000000000000E-006
   13.6178990400000       0.299987640000000       4.980000000000000E-006
  0.736304880000000       0.000000000000000E+000  0.000000000000000E+000
  0.117792600000000       0.000000000000000E+000  0.000000000000000E+000
  0.000000000000000E+000  0.000000000000000E+000  0.000000000000000E+000
  0.000000000000000E+000  0.000000000000000E+000  0.000000000000000E+000
  2.569320000000000E-003  0.000000000000000E+000  0.000000000000000E+000
  1.331640000000000E-003  0.000000000000000E+000  0.000000000000000E+000
  3.129000000000000E-003  0.000000000000000E+000  0.000000000000000E+000
  1.111464000000000E-002  0.000000000000000E+000  0.000000000000000E+000
  7.958591999999999E-002  4.114000000000000E-005  0.000000000000000E+000
   1.49034492000000       1.608660000000000E-002  6.600000000000000E-006
   9.87235920000000       0.137246260000000       4.960000000000000E-006
  8.462076000000000E-002  0.000000000000000E+000  0.000000000000000E+000
  0.000000000000000E+000  0.000000000000000E+000  0.000000000000000E+000
  0.000000000000000E+000  0.000000000000000E+000  0.000000000000000E+000
  3.995832000000000E-002  0.000000000000000E+000  0.000000000000000E+000
  0.135893520000000       0.000000000000000E+000  0.000000000000000E+000
  0.120000000000000       0.000000000000000E+000  0.000000000000000E+000
  0.000000000000000E+000  0.000000000000000E+000  0.000000000000000E+000
  0.000000000000000E+000  0.000000000000000E+000  0.000000000000000E+000
  0.000000000000000E+000  0.000000000000000E+000  0.000000000000000E+000
  0.000000000000000E+000  0.000000000000000E+000  0.000000000000000E+000
  0.000000000000000E+000  0.000000000000000E+000  0.000000000000000E+000
  0.000000000000000E+000  0.000000000000000E+000  0.000000000000000E+000
  0.000000000000000E+000  0.000000000000000E+000  0.000000000000000E+000
   2.03590152000000       0.000000000000000E+000  0.000000000000000E+000
   1.68199344000000       0.000000000000000E+000  0.000000000000000E+000
   1.64334888000000       0.000000000000000E+000  0.000000000000000E+000
   1.17087792000000       0.000000000000000E+000  0.000000000000000E+000
  0.459267960000000       0.000000000000000E+000  0.000000000000000E+000
  0.502190280000000       0.000000000000000E+000  0.000000000000000E+000
  0.120000000000000       0.000000000000000E+000  0.000000000000000E+000
  0.000000000000000E+000  0.000000000000000E+000  0.000000000000000E+000
  0.000000000000000E+000  0.000000000000000E+000  0.000000000000000E+000
  0.000000000000000E+000  0.000000000000000E+000  0.000000000000000E+000
   13.1542209600000       1.591920000000000E-003  0.000000000000000E+000
   14.1630793200000       2.087282000000000E-002  0.000000000000000E+000
   13.7694913200000       1.846062000000000E-002  0.000000000000000E+000
   10.2927424800000       3.026780000000000E-003  0.000000000000000E+000
   6.77534700000000       3.658200000000000E-004  8.840000000000000E-006
   1.65314568000000       0.000000000000000E+000  0.000000000000000E+000
  2.461476000000000E-002  0.000000000000000E+000  0.000000000000000E+000
  0.000000000000000E+000  0.000000000000000E+000  0.000000000000000E+000
  0.000000000000000E+000  0.000000000000000E+000  0.000000000000000E+000
  0.000000000000000E+000  0.000000000000000E+000  0.000000000000000E+000
   15.0538617600000       9.957865999999999E-002  1.000000000000000E-007
   16.7729138400000       0.104023200000000       0.000000000000000E+000
   16.9029232800000       0.110636680000000       7.919999999999999E-006
   19.0904103600000       0.123570700000000       3.520000000000000E-006
   18.8914407600000       0.108497740000000       6.400000000000000E-007
   10.5166368000000       7.108439999999999E-003  0.000000000000000E+000
  0.845022120000000       0.000000000000000E+000  0.000000000000000E+000
  0.119983080000000       0.000000000000000E+000  0.000000000000000E+000
  0.000000000000000E+000  0.000000000000000E+000  0.000000000000000E+000
  0.000000000000000E+000  0.000000000000000E+000  0.000000000000000E+000
  0.276368520000000       3.689400000000001E-004  0.000000000000000E+000
  0.531364320000000       2.094800000000000E-004  0.000000000000000E+000
  0.705978120000000       1.200000000000000E-007  0.000000000000000E+000
   1.12042572000000       1.008318000000000E-002  0.000000000000000E+000
   4.65491904000000       3.455056000000000E-002  0.000000000000000E+000
   17.1650532000000       0.191537580000000       0.000000000000000E+000
   3.11583132000000       0.000000000000000E+000  0.000000000000000E+000
  4.846428000000001E-002  0.000000000000000E+000  0.000000000000000E+000
  0.000000000000000E+000  0.000000000000000E+000  0.000000000000000E+000
  2.799600000000000E-003  0.000000000000000E+000  0.000000000000000E+000
   11.1493849200000       0.000000000000000E+000  0.000000000000000E+000
   12.3158164800000       8.973600000000000E-003  0.000000000000000E+000
   11.9271469200000       1.955500000000000E-003  0.000000000000000E+000
   7.48505772000000       0.000000000000000E+000  0.000000000000000E+000
   6.47273112000000       4.539940000000000E-003  0.000000000000000E+000
   1.01705628000000       0.000000000000000E+000  0.000000000000000E+000
  0.000000000000000E+000  0.000000000000000E+000  0.000000000000000E+000
  0.000000000000000E+000  0.000000000000000E+000  0.000000000000000E+000
  3.741120000000000E-002  0.000000000000000E+000  0.000000000000000E+000
  0.000000000000000E+000  0.000000000000000E+000  0.000000000000000E+000
   22.0252118400000       2.114274000000000E-002  0.000000000000000E+000
   20.3991396000000       1.560384000000000E-002  0.000000000000000E+000
   18.2106225600000       1.500408000000000E-002  0.000000000000000E+000
   20.0694414000000       5.518880000000000E-003  0.000000000000000E+000
   15.2683632000000       2.576000000000000E-005  0.000000000000000E+000
   7.32179424000000       0.000000000000000E+000  0.000000000000000E+000
  0.665359440000000       0.000000000000000E+000  0.000000000000000E+000
  0.120000000000000       0.000000000000000E+000  0.000000000000000E+000
  1.323456000000000E-002  0.000000000000000E+000  0.000000000000000E+000
  0.102709440000000       0.000000000000000E+000  0.000000000000000E+000
   6.73691292000000       1.779440000000000E-002  0.000000000000000E+000
   8.81164680000000       1.253564000000000E-002  0.000000000000000E+000
   9.97300440000000       1.478834000000000E-002  0.000000000000000E+000
   14.7330967200000       2.902482000000000E-002  0.000000000000000E+000
   19.1887320000000       6.526198000000000E-002  0.000000000000000E+000
   17.6631674400000       1.949364000000000E-002  0.000000000000000E+000
   2.94102840000000       0.000000000000000E+000  0.000000000000000E+000
  0.117525480000000       0.000000000000000E+000  0.000000000000000E+000
  0.000000000000000E+000  0.000000000000000E+000  0.000000000000000E+000
  0.000000000000000E+000  0.000000000000000E+000  0.000000000000000E+000
   15.5425033200000       7.888520000000000E-003  0.000000000000000E+000
   17.0952878400000       6.913920000000000E-003  0.000000000000000E+000
   17.4776599200000       7.326979999999999E-003  0.000000000000000E+000
   21.3791695200000       1.167672000000000E-002  0.000000000000000E+000
   18.5778805200000       1.575180000000000E-003  0.000000000000000E+000
   15.2886680400000       8.083999999999999E-005  0.000000000000000E+000
   2.51015040000000       0.000000000000000E+000  0.000000000000000E+000
  4.422816000000000E-002  0.000000000000000E+000  0.000000000000000E+000
  0.146567040000000       0.000000000000000E+000  0.000000000000000E+000
  0.000000000000000E+000  0.000000000000000E+000  0.000000000000000E+000
