   9.42728579961966     
   9.80713451839220     
   3.48356384141935     
   9.85017055658120     
   9.62091148073402     
   10.0000000000000     
   9.68469624827556     
   5.77839151093906     
   9.78886047786305     
   10.0000000000000     
   10.0000000000000     
   3.36442312378571     
   9.94126069873110     
   9.69010175077227     
   9.82567670196131     
   10.0000000000000     
   10.0000000000000     
   6.69510055935142     
  0.990564506318765     
  0.000000000000000E+000
  0.000000000000000E+000
