       0.1225E+00       0.1204E+00       0.2308E-04       0.2214E-04
       0.1185E+00       0.1355E+00       0.2267E-04       0.2433E-04
       0.1115E+00       0.1501E+00       0.3101E-04       0.3065E-04
       0.1020E+00       0.1561E+00       0.4487E-04       0.4674E-04
       0.9169E-01       0.1551E+00       0.7550E-04       0.6994E-04
       0.8042E-01       0.1492E+00       0.1075E-03       0.1029E-03
       0.7018E-01       0.1390E+00       0.1417E-03       0.1371E-03
       0.6059E-01       0.1269E+00       0.1784E-03       0.1815E-03
       0.5045E-01       0.1124E+00       0.2071E-03       0.2206E-03
       0.4181E-01       0.9710E-01       0.2173E-03       0.2657E-03
       0.3315E-01       0.8025E-01       0.2159E-03       0.2872E-03
       0.2532E-01       0.6447E-01       0.1981E-03       0.2778E-03
       0.1863E-01       0.4976E-01       0.1750E-03       0.2698E-03
       0.1335E-01       0.3721E-01       0.1412E-03       0.2225E-03
       0.9104E-02       0.2608E-01       0.1082E-03       0.1705E-03
       0.1227E+00       0.1198E+00       0.2308E-04       0.2038E-04
       0.1189E+00       0.1376E+00       0.2512E-04       0.2455E-04
       0.1109E+00       0.1509E+00       0.3168E-04       0.2925E-04
       0.1015E+00       0.1558E+00       0.4773E-04       0.4608E-04
       0.9181E-01       0.1543E+00       0.7476E-04       0.6864E-04
       0.8141E-01       0.1471E+00       0.1079E-03       0.1000E-03
       0.7002E-01       0.1376E+00       0.1436E-03       0.1383E-03
       0.5940E-01       0.1273E+00       0.1755E-03       0.1806E-03
       0.5074E-01       0.1121E+00       0.2055E-03       0.2215E-03
       0.4151E-01       0.9685E-01       0.2157E-03       0.2690E-03
       0.3291E-01       0.8110E-01       0.2073E-03       0.2957E-03
       0.2514E-01       0.6384E-01       0.1967E-03       0.2815E-03
       0.1883E-01       0.4945E-01       0.1766E-03       0.2661E-03
       0.1307E-01       0.3610E-01       0.1437E-03       0.2236E-03
       0.9173E-02       0.2650E-01       0.1079E-03       0.1830E-03
       0.1233E+00       0.1181E+00       0.2038E-04       0.2112E-04
       0.1183E+00       0.1370E+00       0.2488E-04       0.2285E-04
       0.1103E+00       0.1474E+00       0.3163E-04       0.3146E-04
       0.1015E+00       0.1545E+00       0.4884E-04       0.4678E-04
       0.9064E-01       0.1535E+00       0.7204E-04       0.6822E-04
       0.8104E-01       0.1456E+00       0.9847E-04       0.9644E-04
       0.7010E-01       0.1379E+00       0.1480E-03       0.1366E-03
       0.5979E-01       0.1276E+00       0.1740E-03       0.1834E-03
       0.5080E-01       0.1133E+00       0.2089E-03       0.2305E-03
       0.4168E-01       0.9672E-01       0.2175E-03       0.2594E-03
       0.3288E-01       0.8031E-01       0.2141E-03       0.2886E-03
       0.2533E-01       0.6411E-01       0.1979E-03       0.2953E-03
       0.1869E-01       0.4915E-01       0.1667E-03       0.2647E-03
       0.1355E-01       0.3680E-01       0.1454E-03       0.2244E-03
       0.9277E-02       0.2583E-01       0.1021E-03       0.1785E-03
