   5183092092.67834       4.082677165354330E-007
   9443099879.36267       7.437007874015749E-007
   5058103728.39348       3.984251968503937E-007
   6728103218.75259       5.299212598425197E-007
   9828102819.64885       7.740157480314959E-007
   11848087430.6571       9.330708661417324E-007
   9953077569.04812       7.838582677165356E-007
   6403089442.42858       5.043307086614173E-007
   19133090321.1176       1.506692913385827E-006
   28013081686.0780       2.205905511811024E-006
   55638074201.3369       4.381102362204724E-006
   123118043178.208       9.694488188976378E-006
   305147999811.202       2.402755905511811E-005
   1286248022294.66       1.012795275590551E-004
   116000862518832.       9.133926377952756E-003
   116383062536110.       9.164020866141730E-003
   137719417495837.       1.084404881889764E-002
   165854092482972.       1.305937755905511E-002
   195178932422361.       1.536842007874016E-002
   226727487392167.       1.785255826771653E-002
   263392632351858.       2.073957755905511E-002
   289164727363342.       2.276887637795275E-002
   306991122335851.       2.417252952755905E-002
   320227007303717.       2.521472519685040E-002
   334771132268675.       2.635993188976378E-002
   344420642243821.       2.711973582677165E-002
   351923772217295.       2.771053346456693E-002
   357143897204656.       2.812156692913386E-002
   364499027170118.       2.870071102362205E-002
   367986592166014.       2.897532244094489E-002
   373158372143391.       2.938254921259842E-002
   380490602122751.       2.995989015748032E-002
   386581432103575.       3.043948307086614E-002
   392559172102896.       3.091017125984252E-002
   395348562099255.       3.112980826771655E-002
   400195762083908.       3.151147755905511E-002
   402842607047745.       3.171989055118110E-002
   406091247029745.       3.197568897637794E-002
   408241282042070.       3.214498307086613E-002
   408774727020558.       3.218698661417321E-002
   413839907011688.       3.258581968503936E-002
   413007031990436.       3.252023897637796E-002
   414490836961094.       3.263707401574803E-002
   418475557002969.       3.295083149606300E-002
   421429021960299.       3.318338779527558E-002
   422556841967705.       3.327219251968504E-002
   423789026944789.       3.336921496062993E-002
   425182451935251.       3.347893346456692E-002
   426915756929302.       3.361541417322832E-002
   427938936923480.       3.369597952755905E-002
   427116476941031.       3.363121889763779E-002
   429764376921614.       3.383971496062994E-002
   430738226932854.       3.391639606299211E-002
   432947271889822.       3.409033661417322E-002
   431577771914625.       3.398250196850396E-002
   430919696947482.       3.393068503937007E-002
   434052631910468.       3.417737283464567E-002
   433335376926334.       3.412089606299213E-002
   435215961919670.       3.426897362204724E-002
   435831416937532.       3.431743464566928E-002
   437743101906149.       3.446796102362206E-002
   438405256918855.       3.452009921259844E-002
   437588571914751.       3.445579330708662E-002
   439661156912450.       3.461898897637794E-002
   439185501901767.       3.458153582677164E-002
   440658866894921.       3.469754881889764E-002
   439455066909928.       3.460276141732284E-002
   441947726900472.       3.479903385826773E-002
   443028991920932.       3.488417283464567E-002
   445851291898076.       3.510640118110237E-002
   444582916906788.       3.500652913385828E-002
   444466641899480.       3.499737362204723E-002
   443768531881355.       3.494240433070867E-002
   443910726895194.       3.495360078740157E-002
   442465961901640.       3.483983976377952E-002
   444603886905726.       3.500818031496064E-002
   446582666901034.       3.516398976377952E-002
   447806236899174.       3.526033385826771E-002
   448239986878270.       3.529448740157481E-002
   446070461892695.       3.512365866141733E-002
   449406226913502.       3.538631732283464E-002
   449591936885666.       3.540094015748032E-002
   450311321886614.       3.545758464566929E-002
   449136611878867.       3.536508779527558E-002
   447004171899074.       3.519717913385825E-002
   448510511900056.       3.531578858267715E-002
   446706591907394.       3.517374763779527E-002
   447922301890296.       3.526947283464568E-002
   450534296889911.       3.547514173228347E-002
   449576706904990.       3.539974094488187E-002
   449362366885778.       3.538286377952754E-002
   449094256898873.       3.536175275590552E-002
   450494951896887.       3.547204370078737E-002
   449176691905009.       3.536824370078741E-002
   451556931886746.       3.555566417322834E-002
   451932946895573.       3.558527165354333E-002
   453147041862777.       3.568086968503936E-002
   452938091895668.       3.566441692913387E-002
   452390671901712.       3.562131299212598E-002
   449891696899062.       3.542454330708659E-002
   450294331901204.       3.545624685039369E-002
   453344371895243.       3.569640748031498E-002
   455493656887452.       3.586564251968506E-002
   454183936886974.       3.576251496062993E-002
   454800811914093.       3.581108779527558E-002
   453380026917438.       3.569921496062992E-002
   452225741870925.       3.560832637795277E-002
   455316296897302.       3.585167716535433E-002
   457714796933666.       3.604053543307089E-002
   454025651900464.       3.575005157480315E-002
   454974136891282.       3.582473543307088E-002
   454861166904390.       3.581584015748030E-002
   452113116895543.       3.559945826771654E-002
   454987511890975.       3.582578858267717E-002
   455664671880744.       3.587910826771653E-002
   455482206911166.       3.586474094488190E-002
   456370006884543.       3.593464645669291E-002
   455894181862017.       3.589717992125985E-002
   452396266920914.       3.562175354330709E-002
   451837711909772.       3.557777283464569E-002
   454965426885762.       3.582404960629921E-002
   455942816884858.       3.590100944881890E-002
   453536611914286.       3.571154448818898E-002
   455592186878781.       3.587340078740157E-002
   458161761866722.       3.607572952755904E-002
   455185081885646.       3.584134527559054E-002
   454383646900943.       3.577824015748030E-002
   454808371902017.       3.581168307086614E-002
   453405116933297.       3.570119055118114E-002
   454166646887935.       3.576115354330710E-002
   455149931871141.       3.583857755905512E-002
   455763406880380.       3.588688267716533E-002
   456609886913241.       3.595353464566930E-002
   456743671882049.       3.596406889763779E-002
   453330356886744.       3.569530393700786E-002
   456449721903002.       3.594092322834647E-002
   455409831901371.       3.585904212598423E-002
   455215281910066.       3.584372322834646E-002
   455378036901154.       3.585653858267715E-002
   453615786890275.       3.571777874015747E-002
   454002171907061.       3.574820275590550E-002
   454569876926614.       3.579290393700787E-002
   455422911930353.       3.586007204724410E-002
   456469776891375.       3.594250236220470E-002
   456132071886713.       3.591591141732282E-002
   455442971885044.       3.586165157480315E-002
   454669656885899.       3.580076062992126E-002
   455733481882828.       3.588452637795277E-002
   455424741887829.       3.586021614173229E-002
   455474011887989.       3.586409566929135E-002
   456121141898150.       3.591505078740156E-002
   454935546906885.       3.582169685039369E-002
   456299741905679.       3.592911377952757E-002
   454945396902177.       3.582247244094486E-002
   453650841908389.       3.572053897637794E-002
   454909771892359.       3.581966732283465E-002
   455363636896979.       3.585540472440945E-002
   456856816910702.       3.597297795275592E-002
   455414541882128.       3.585941299212599E-002
   456701281872662.       3.596073110236222E-002
   456622651903869.       3.595453976377953E-002
   456264836902957.       3.592636535433070E-002
   454763621880931.       3.580815944881887E-002
   455208801892000.       3.584321299212597E-002
   454816791911726.       3.581234606299215E-002
   454662451913088.       3.580019330708661E-002
   455190156886046.       3.584174488188976E-002
   456703696893496.       3.596092125984252E-002
   457653031902363.       3.603567204724411E-002
   454970081891272.       3.582441614173228E-002
   456352021871396.       3.593323031496064E-002
   457382076894830.       3.601433700787401E-002
   455051931880181.       3.583086102362206E-002
   456228816872667.       3.592352913385825E-002
   453273501889648.       3.569082716535434E-002
   456552886860269.       3.594904645669292E-002
   453459731908788.       3.570549094488189E-002
   455690946909769.       3.588117716535431E-002
   453451576903172.       3.570484881889765E-002
   455140326909376.       3.583782125984252E-002
   453839856902892.       3.573542204724409E-002
   454155286884976.       3.576025905511810E-002
   456245336897285.       3.592482992125984E-002
   454239141900508.       3.576686181102363E-002
   456274256890538.       3.592710708661417E-002
   456027726900360.       3.590769527559055E-002
   456095771905282.       3.591305314960629E-002
   457343691904067.       3.601131456692915E-002
   455507331910528.       3.586671929133860E-002
   453958301905428.       3.574474842519684E-002
   454944236900656.       3.582238110236220E-002
   452825441881180.       3.565554685039370E-002
   455598531914152.       3.587390039370079E-002
   454790896913372.       3.581030708661417E-002
   458077261892533.       3.606907598425196E-002
   454534706899304.       3.579013464566928E-002
   454867436876844.       3.581633385826771E-002
   457469251895505.       3.602120118110236E-002
   458296421884630.       3.608633267716536E-002
   458590276905447.       3.610947086614172E-002
   456052576900857.       3.590965196850394E-002
   457730976888997.       3.604180944881891E-002
   454457321913808.       3.578404133858269E-002
   456209961891197.       3.592204448818899E-002
   456303996919961.       3.592944881889761E-002
   455011391893506.       3.582766889763781E-002
   453966961913951.       3.574543031496061E-002
   455860036895824.       3.589449133858266E-002
   456737396890394.       3.596357480314962E-002
   456413511916459.       3.593807204724409E-002
   458001841890725.       3.606313740157480E-002
   458124146886145.       3.607276771653543E-002
   455223281883155.       3.584435314960629E-002
   457068106919912.       3.598961496062991E-002
   457500201875543.       3.602363818897640E-002
   455900571894238.       3.589768307086613E-002
   454210091902088.       3.576457440944883E-002
   455918896893574.       3.589912598425198E-002
   455277371921400.       3.584861220472440E-002
   456212871900674.       3.592227362204724E-002
   455556071888721.       3.587055708661418E-002
   456259816885251.       3.592597007874013E-002
   458102576879234.       3.607106929133858E-002
   457527841912369.       3.602581456692912E-002
   456950671890282.       3.598036811023622E-002
   457798146894469.       3.604709842519684E-002
   455697036908802.       3.588165669291337E-002
   456723806870467.       3.596250472440945E-002
   455951346876456.       3.590168110236219E-002
   455915746895395.       3.589887795275592E-002
   453530771885864.       3.571108464566928E-002
   455345701887545.       3.585399251968505E-002
   456728296868890.       3.596285826771655E-002
   455982861877559.       3.590416259842521E-002
   455750831899399.       3.588589251968503E-002
   457367621891137.       3.601319881889761E-002
   456274691887451.       3.592714133858267E-002
   455280611874211.       3.584886732283463E-002
   455449816931170.       3.586219055118109E-002
   456326141883136.       3.593119251968502E-002
   455586496899834.       3.587295275590550E-002
   457839536899482.       3.605035748031499E-002
   455125821908279.       3.583667913385826E-002
   455089406887096.       3.583381181102360E-002
   455767661889117.       3.588721771653542E-002
   454020161888154.       3.574961929133860E-002
   455441046870279.       3.586150000000000E-002
   455125571896422.       3.583665944881891E-002
   454773836917106.       3.580896377952757E-002
   454049321885051.       3.575191535433070E-002
   456359021897053.       3.593378149606299E-002
   455391031858428.       3.585756181102363E-002
   455901286883811.       3.589773937007872E-002
   454074161905258.       3.575387125984251E-002
   456118391894746.       3.591483425196850E-002
   456852841890786.       3.597266496062992E-002
   455449676907483.       3.586217952755905E-002
   455938376909303.       3.590065984251969E-002
   453906926891997.       3.574070314960631E-002
   453436761902426.       3.570368228346456E-002
   452940761899494.       3.566462716535432E-002
   453039661915278.       3.567241456692914E-002
   454629731883313.       3.579761692913385E-002
   453839221928238.       3.573537204724409E-002
   453052261934225.       3.567340669291337E-002
   453450601878738.       3.570477204724411E-002
   456600941884384.       3.595283031496064E-002
   451888306906792.       3.558175669291339E-002
   452620581899281.       3.563941614173226E-002
   451266291915924.       3.553277913385827E-002
   453681026908955.       3.572291574803151E-002
   452675991910967.       3.564377913385829E-002
   454659076898479.       3.579992755905514E-002
   456799046926367.       3.596842913385827E-002
   453932836888779.       3.574274330708662E-002
   452465901901199.       3.562723661417323E-002
   454502981886204.       3.578763661417322E-002
   454917141888683.       3.582024763779527E-002
   454637946918076.       3.579826377952756E-002
   454060206881939.       3.575277244094489E-002
   453322671915567.       3.569469881889765E-002
   456507336877831.       3.594545984251969E-002
   453438636885254.       3.570382992125985E-002
   457606266896150.       3.603198976377953E-002
   453774946897910.       3.573031102362206E-002
   455947461893444.       3.590137519685040E-002
   453853246895784.       3.573647637795277E-002
   456902171879162.       3.597654921259844E-002
   456238321898333.       3.592427755905512E-002
   453796171891048.       3.573198228346458E-002
   455029256873729.       3.582907559055119E-002
   454331211900921.       3.577411141732284E-002
   453186076883704.       3.568394330708657E-002
   454590101900972.       3.579449645669291E-002
   453435646905348.       3.570359448818896E-002
   455422286902144.       3.586002283464569E-002
   458428316891532.       3.609671811023622E-002
   457192376894832.       3.599939999999999E-002
   454964436919369.       3.582397165354329E-002
   453606731910984.       3.571706574803151E-002
   454736091888215.       3.580599173228349E-002
   456089581895622.       3.591256574803151E-002
   454601041899071.       3.579535787401576E-002
   454707971907603.       3.580377755905511E-002
   457451956870270.       3.601983937007873E-002
   456288476921296.       3.592822677165355E-002
   455896861895172.       3.589739094488191E-002
   454444851917027.       3.578305944881890E-002
   454313976906734.       3.577275433070866E-002
   455332076911122.       3.585291968503933E-002
   455000241908080.       3.582679094488191E-002
   454992751890685.       3.582620118110236E-002
   455354291882293.       3.585466889763781E-002
   455261596892901.       3.584737007874016E-002
   456139766905248.       3.591651732283465E-002
   454832096895860.       3.581355118110238E-002
   456185361892431.       3.592010748031498E-002
   455590621898420.       3.587327755905514E-002
   454925291888424.       3.582088937007874E-002
   456359821882478.       3.593384448818897E-002
   454588391900792.       3.579436181102363E-002
   456289871884215.       3.592833661417323E-002
   455892056911745.       3.589701259842519E-002
   456703956865058.       3.596094173228349E-002
   454111921887113.       3.575684448818897E-002
   456685956898245.       3.595952440944882E-002
   455503861876668.       3.586644606299211E-002
   456878551869999.       3.597468937007873E-002
   455881666881959.       3.589619448818897E-002
   456200766887819.       3.592132047244092E-002
   456590601874403.       3.595201614173228E-002
   456077106895025.       3.591158346456692E-002
   456456791884628.       3.594147992125983E-002
   454740931893777.       3.580637283464567E-002
   454739516877581.       3.580626141732286E-002
   457005501903743.       3.598468543307086E-002
   455099111903306.       3.583457598425197E-002
   454482176887750.       3.578599842519687E-002
   456282326892419.       3.592774251968506E-002
   455242081920865.       3.584583346456695E-002
   455216746893461.       3.584383858267718E-002
   455684451922059.       3.588066574803150E-002
   456726841883185.       3.596274370078741E-002
   457321581886612.       3.600957362204726E-002
   458472386896804.       3.610018818897637E-002
   456511401892640.       3.594577992125983E-002
   456020311911167.       3.590711141732282E-002
   456967166897539.       3.598166692913385E-002
   457255881883300.       3.600440039370080E-002
   456079816891961.       3.591179685039372E-002
   455851581884019.       3.589382559055119E-002
   455094791911208.       3.583423582677165E-002
   456833061890865.       3.597110748031497E-002
   456037041891305.       3.590842874015748E-002
   455452076895577.       3.586236850393700E-002
   457593796905283.       3.603100787401576E-002
   454374716901239.       3.577753700787403E-002
   458712506907958.       3.611909527559056E-002
   457042541878464.       3.598760196850394E-002
   455493236892626.       3.586560944881889E-002
   456907906900621.       3.597700078740156E-002
   456450381922841.       3.594097519685040E-002
   457350176921133.       3.601182519685041E-002
   454147871899512.       3.575967519685039E-002
   454835841879680.       3.581384606299211E-002
   454637246892414.       3.579820866141732E-002
   454957986917307.       3.582346377952757E-002
   454134106918724.       3.575859133858265E-002
   454656866907208.       3.579975354330709E-002
   455556101893450.       3.587055944881888E-002
