   50.0000000000000     
   49.8831016876274     
   49.7758484116049     
   49.8795370483894     
   49.8877762987367     
   49.9541381159549     
   49.9505139254163     
   49.7782669622387     
   49.6934522574662     
   49.6479102070988     
   49.7517355979554     
   49.7044275211638     
   50.0000000000000     
   48.5742659066973     
   46.8249028664511     
   46.8249015808105     
   46.7304698894337     
   46.5927583528795     
   46.5141270380708     
   46.4103979890060     
   46.3436723338091     
   46.2524702601941     
   46.2496482406122     
   46.2637092843375     
   46.3163675350359     
   46.3597011824524     
   46.5565447566543     
   46.6578662483144     
   46.8360775593455     
   46.9962248127622     
   47.1729644120201     
   47.3617180314781     
   47.5931023949092     
   47.7417474247430     
   47.8537420627853     
   48.0419082274843     
   48.2302692370635     
   48.3781318830029     
   48.5181043974694     
   48.7304919949531     
   48.9060043870107     
   49.0201151526622     
   49.2440893198525     
   49.3298648260217     
   49.4238745579293     
   49.5326562517093     
   49.6287476974333     
   49.6877275003005     
   49.8177920903292     
   49.8502730143737     
   49.8976752406963     
   50.0000000000000     
   50.0000000000000     
   50.0000000000000     
   50.0000000000000     
   50.0000000000000     
   50.0000000000000     
   50.0000000000000     
   50.0000000000000     
   50.0000000000000     
   50.0000000000000     
   50.0000000000000     
   50.0000000000000     
   50.0000000000000     
   50.0000000000000     
   50.0000000000000     
   50.0000000000000     
   49.9998441841967     
   49.9963535629545     
   50.0000000000000     
   50.0000000000000     
   50.0000000000000     
   50.0000000000000     
   50.0000000000000     
   50.0000000000000     
   50.0000000000000     
   50.0000000000000     
   50.0000000000000     
   50.0000000000000     
   50.0000000000000     
   50.0000000000000     
   50.0000000000000     
   50.0000000000000     
   50.0000000000000     
   50.0000000000000     
   50.0000000000000     
   50.0000000000000     
   50.0000000000000     
   50.0000000000000     
   50.0000000000000     
   50.0000000000000     
   50.0000000000000     
   50.0000000000000     
   50.0000000000000     
   50.0000000000000     
   50.0000000000000     
   50.0000000000000     
   50.0000000000000     
   50.0000000000000     
   49.9781366566016     
   49.9774610421286     
   49.9877629907201     
   50.0000000000000     
   50.0000000000000     
   50.0000000000000     
   50.0000000000000     
   50.0000000000000     
   50.0000000000000     
   50.0000000000000     
   50.0000000000000     
   50.0000000000000     
   50.0000000000000     
   50.0000000000000     
   49.9992932149126     
   50.0000000000000     
   49.9958926352473     
   50.0000000000000     
   50.0000000000000     
   50.0000000000000     
   50.0000000000000     
   50.0000000000000     
   50.0000000000000     
   50.0000000000000     
   50.0000000000000     
   50.0000000000000     
   50.0000000000000     
   50.0000000000000     
   50.0000000000000     
   50.0000000000000     
   50.0000000000000     
   50.0000000000000     
   50.0000000000000     
   49.9862159588544     
   50.0000000000000     
   50.0000000000000     
   50.0000000000000     
   50.0000000000000     
   50.0000000000000     
   50.0000000000000     
   50.0000000000000     
   50.0000000000000     
   50.0000000000000     
   50.0000000000000     
   50.0000000000000     
   49.9629696576195     
   50.0000000000000     
   50.0000000000000     
   50.0000000000000     
   50.0000000000000     
   50.0000000000000     
   49.9860937032348     
   50.0000000000000     
   50.0000000000000     
   50.0000000000000     
   49.9367515415767     
   49.9350385563743     
   49.9848664088293     
   50.0000000000000     
   50.0000000000000     
   50.0000000000000     
   50.0000000000000     
   49.9975046802090     
   50.0000000000000     
   50.0000000000000     
   50.0000000000000     
   50.0000000000000     
   50.0000000000000     
   49.9946169807053     
   50.0000000000000     
   50.0000000000000     
   49.9999884743412     
   50.0000000000000     
   50.0000000000000     
   50.0000000000000     
   50.0000000000000     
   50.0000000000000     
   50.0000000000000     
   50.0000000000000     
   50.0000000000000     
   50.0000000000000     
   50.0000000000000     
   50.0000000000000     
   50.0000000000000     
   50.0000000000000     
   50.0000000000000     
   50.0000000000000     
   50.0000000000000     
   50.0000000000000     
   50.0000000000000     
   50.0000000000000     
   50.0000000000000     
   50.0000000000000     
   50.0000000000000     
   50.0000000000000     
   49.9782554687346     
   50.0000000000000     
   49.9737947984677     
   49.9322672526711     
   49.9915239633397     
   49.9727987698980     
   49.9961983470383     
   50.0000000000000     
   50.0000000000000     
   50.0000000000000     
   49.9981447589054     
   50.0000000000000     
   50.0000000000000     
   50.0000000000000     
   50.0000000000000     
   49.9926778784637     
   50.0000000000000     
   50.0000000000000     
   50.0000000000000     
   50.0000000000000     
   50.0000000000000     
   50.0000000000000     
   50.0000000000000     
   50.0000000000000     
   50.0000000000000     
   50.0000000000000     
   50.0000000000000     
   50.0000000000000     
   50.0000000000000     
   50.0000000000000     
   49.9961594591963     
   50.0000000000000     
   50.0000000000000     
   50.0000000000000     
   50.0000000000000     
   50.0000000000000     
   49.9764733473499     
   50.0000000000000     
   50.0000000000000     
   50.0000000000000     
   50.0000000000000     
   50.0000000000000     
   50.0000000000000     
   50.0000000000000     
   50.0000000000000     
   50.0000000000000     
   50.0000000000000     
   50.0000000000000     
   50.0000000000000     
   50.0000000000000     
   50.0000000000000     
   50.0000000000000     
   50.0000000000000     
   50.0000000000000     
   50.0000000000000     
   50.0000000000000     
   50.0000000000000     
   50.0000000000000     
   50.0000000000000     
   50.0000000000000     
   50.0000000000000     
   50.0000000000000     
   49.9581526184731     
   49.9767843838472     
   50.0000000000000     
   50.0000000000000     
   50.0000000000000     
   49.9778638164982     
   49.9731990229853     
   49.9394154393671     
   49.9676439612606     
   50.0000000000000     
   50.0000000000000     
   50.0000000000000     
   50.0000000000000     
   50.0000000000000     
   50.0000000000000     
   50.0000000000000     
   50.0000000000000     
   50.0000000000000     
   50.0000000000000     
   50.0000000000000     
   50.0000000000000     
   49.9883825666579     
   50.0000000000000     
   50.0000000000000     
   50.0000000000000     
   50.0000000000000     
   50.0000000000000     
   50.0000000000000     
   50.0000000000000     
   50.0000000000000     
   49.9913368576517     
   50.0000000000000     
   50.0000000000000     
   50.0000000000000     
   50.0000000000000     
   50.0000000000000     
   50.0000000000000     
   50.0000000000000     
   50.0000000000000     
   49.9655623221007     
   50.0000000000000     
   50.0000000000000     
   50.0000000000000     
   50.0000000000000     
   50.0000000000000     
   50.0000000000000     
   50.0000000000000     
   49.9537368657383     
   50.0000000000000     
   50.0000000000000     
   50.0000000000000     
   49.9772657867327     
   50.0000000000000     
   50.0000000000000     
   50.0000000000000     
   50.0000000000000     
   50.0000000000000     
   50.0000000000000     
   50.0000000000000     
   50.0000000000000     
   50.0000000000000     
   49.9611454705215     
   49.9755476000508     
   49.9522541049470     
   50.0000000000000     
   50.0000000000000     
   50.0000000000000     
   49.9952434057489     
   50.0000000000000     
   50.0000000000000     
   50.0000000000000     
   50.0000000000000     
   50.0000000000000     
   50.0000000000000     
   50.0000000000000     
   49.9946874158771     
   49.9706263566950     
   49.9954225304172     
   50.0000000000000     
   50.0000000000000     
   50.0000000000000     
   50.0000000000000     
   50.0000000000000     
   50.0000000000000     
   50.0000000000000     
   50.0000000000000     
   50.0000000000000     
   50.0000000000000     
   50.0000000000000     
   50.0000000000000     
   50.0000000000000     
   50.0000000000000     
   49.9968146945253     
   50.0000000000000     
   50.0000000000000     
   50.0000000000000     
   50.0000000000000     
   49.9832217839147     
   50.0000000000000     
   50.0000000000000     
   50.0000000000000     
   50.0000000000000     
   50.0000000000000     
   50.0000000000000     
   50.0000000000000     
   50.0000000000000     
   50.0000000000000     
   50.0000000000000     
   50.0000000000000     
   50.0000000000000     
   50.0000000000000     
   50.0000000000000     
   50.0000000000000     
   50.0000000000000     
