1.000000000000000000e+01
1.000000000000000000e+01
9.740820477438530745e+00
8.163412449709159802e+00
9.813154203080909355e+00
7.210325078602399795e-01
4.202004886720970056e+00
1.000000000000000000e+01
4.513217066925560239e+00
2.990073229210920003e-01
9.830651582773329622e+00
9.430004754235769227e+00
8.411892453537249681e-01
9.460696212699810204e+00
1.000000000000000000e+01
3.429785510407580063e+00
9.292380760581439247e+00
2.485548868875920026e-01
0.000000000000000000e+00
1.000000000000000000e+01
0.000000000000000000e+00

