2.500000000000000139e-02 4.549862259936981457e-01 1.348815100833143307e-02
7.500000000000001110e-02 4.911251056784090019e-01 2.384157795081245923e-02
1.250000000000000000e-01 4.586347315604035191e-01 3.807498883525010230e-02
1.750000000000000167e-01 4.376490930066264662e-01 4.028213196324707118e-02
2.250000000000000056e-01 4.872652815113468483e-01 1.858744755409824298e-02
2.750000000000000222e-01 4.703556683043815800e-01 3.180891416952297962e-02
3.250000000000000666e-01 5.405214326365641586e-01 3.489167291352820305e-02
3.750000000000000000e-01 5.273551216472259773e-01 2.033668391606737944e-02
4.250000000000000444e-01 6.677987581406473749e-01 4.166685515094657039e-02
4.749999999999999778e-01 6.510992210090031929e-01 3.622602939235282371e-02
5.250000000000000222e-01 6.872698700318540244e-01 2.480052451124595964e-02
5.750000000000000666e-01 7.992816155896200758e-01 2.652647023492615830e-02
6.250000000000000000e-01 9.399807159511862631e-01 3.498221955359394342e-02
6.750000000000000444e-01 9.536742908070117153e-01 2.584788288159500791e-02
7.250000000000000888e-01 1.104302473462471790e+00 3.759793195354050460e-02
7.750000000000000222e-01 1.288368016382551495e+00 3.972670903980766999e-02
8.250000000000000666e-01 1.501419308299379640e+00 4.163959364662135620e-02
8.750000000000000000e-01 1.781042857990009942e+00 7.434271191585840877e-02
9.250000000000000444e-01 2.489518941323504819e+00 5.696303481005163954e-02
9.750000000000000888e-01 3.268351270674106690e+00 6.161059296158909182e-02
