2.500000000000000139e-02 4.657038888443691405e-01 1.024977064052211111e-02
7.500000000000001110e-02 4.700839130517297515e-01 4.972933669660721534e-03
1.250000000000000000e-01 5.300147303023023948e-01 1.545883558071468357e-02
1.750000000000000167e-01 6.354981184521295567e-01 1.786117231399322186e-02
2.250000000000000056e-01 7.873002549491099344e-01 5.021405422548944238e-03
2.750000000000000222e-01 9.728960011218530379e-01 9.823657534082043744e-03
3.250000000000000666e-01 1.224152150381501158e+00 1.500328667764138507e-02
3.750000000000000000e-01 1.416946885230220055e+00 2.861605652408004061e-02
4.250000000000000444e-01 1.642722087559641331e+00 1.368474976293602985e-02
4.749999999999999778e-01 1.727597518331330573e+00 1.696663430291866365e-02
5.250000000000000222e-01 1.807174757142078869e+00 1.689740871664830238e-02
5.750000000000000666e-01 1.710431261510228396e+00 1.746330190519838899e-02
6.250000000000000000e-01 1.526398934487581682e+00 1.789816494331283522e-02
6.750000000000000444e-01 1.318573566453626222e+00 1.867465958635464423e-03
7.250000000000000888e-01 1.071914650318343432e+00 2.438839513058247907e-02
7.750000000000000222e-01 9.250522362456836678e-01 1.381953646883831571e-02
8.250000000000000666e-01 7.103769318461408133e-01 1.675980530395771231e-02
8.750000000000000000e-01 5.381200799032693771e-01 9.992217423703030413e-03
9.250000000000000444e-01 3.593584073378891519e-01 1.049860560960769358e-02
9.750000000000000888e-01 1.596836265309700409e-01 5.301503609917820187e-03
