2.500000000000000139e-02 1.076109972386026348e+00 2.505429784590179274e-02
7.500000000000001110e-02 1.005747853582803719e+00 3.237707781591692147e-02
1.250000000000000000e-01 1.056536138282113457e+00 3.111584093677442070e-02
1.750000000000000167e-01 9.585971626887098695e-01 3.317169312601331299e-02
2.250000000000000056e-01 1.113240390602985297e+00 6.661047562443513093e-02
2.750000000000000222e-01 1.175123014000297506e+00 5.349851607517966401e-02
3.250000000000000666e-01 1.116201107602771359e+00 3.972187445589098892e-02
3.750000000000000000e-01 1.123893802642582207e+00 1.123967215679053944e-01
4.250000000000000444e-01 1.074796704296574035e+00 5.849701138676378920e-02
4.749999999999999778e-01 1.206621493010289203e+00 6.377553618387094003e-02
5.250000000000000222e-01 1.031713477162912174e+00 3.203257512642151972e-02
5.750000000000000666e-01 1.091273391022479666e+00 2.642875854397577079e-02
6.250000000000000000e-01 9.339360783097396812e-01 6.002520015407199899e-02
6.750000000000000444e-01 1.044416849295920713e+00 6.223354509610313362e-02
7.250000000000000888e-01 9.464361957168869743e-01 4.441659457016024909e-02
7.750000000000000222e-01 8.674960103242593812e-01 7.260028646089761173e-02
8.250000000000000666e-01 9.573136680197515958e-01 4.763655154654179713e-02
8.750000000000000000e-01 8.344408166052144082e-01 5.488120998691606994e-02
9.250000000000000444e-01 7.287707031802230784e-01 4.105957366248075280e-02
9.750000000000000888e-01 6.573351712674584402e-01 3.243140198794723650e-02
