2.500000000000000139e-02 5.669976964820461207e-01 1.178359412747215750e-02
7.500000000000001110e-02 5.446031694951021240e-01 1.706550393139503671e-02
1.250000000000000000e-01 5.812951066176637038e-01 9.166172608801323798e-03
1.750000000000000167e-01 5.975205648328174579e-01 2.085427223494568105e-02
2.250000000000000056e-01 6.373354525185949138e-01 1.187154396128144683e-02
2.750000000000000222e-01 6.913098270822790603e-01 9.957569694242392189e-03
3.250000000000000666e-01 7.234821536108878570e-01 1.114408343210535231e-02
3.750000000000000000e-01 7.586051993911625546e-01 1.450836592184509902e-02
4.250000000000000444e-01 8.204329016928388896e-01 1.732596222872493860e-02
4.749999999999999778e-01 9.063415562926111502e-01 1.673641918576124904e-02
5.250000000000000222e-01 9.354957835862296456e-01 1.565607536255184118e-02
5.750000000000000666e-01 1.029124810890179376e+00 1.237158026741363645e-02
6.250000000000000000e-01 1.162263141117807042e+00 1.708808537593808560e-02
6.750000000000000444e-01 1.291041390521219689e+00 1.309833537989003871e-02
7.250000000000000888e-01 1.384331968013235770e+00 1.573196466237037836e-02
7.750000000000000222e-01 1.555050754911031952e+00 8.333243099278370841e-03
8.250000000000000666e-01 1.627490264018069510e+00 6.437027166905772736e-03
8.750000000000000000e-01 1.651592844479376820e+00 1.916364130271090704e-02
9.250000000000000444e-01 1.495862132654004473e+00 1.869411475647787813e-02
9.750000000000000888e-01 1.039823281792842113e+00 1.051092077925886402e-02
