0.000000000000000000e+00 0.000000000000000000e+00 0.000000000000000000e+00
5.000000000000000000e+00 -1.185867743475492633e-09 6.193430393996041364e-09
1.000000000000000000e+01 6.814509119983456887e-09 2.188468875640700648e-08
1.500000000000000000e+01 1.985320683749224076e-07 5.033706814527594877e-08
2.000000000000000000e+01 6.884235388549760938e-07 6.856058439237671091e-08
2.500000000000000000e+01 1.222950431476331788e-06 6.992066168354931082e-08
3.000000000000000000e+01 2.368177563624849927e-06 1.687867012620417276e-07
3.500000000000000000e+01 3.082736169049974899e-06 2.053047292266184181e-07
4.000000000000000000e+01 3.069561393413852082e-06 2.047109356811711791e-07
4.500000000000000000e+01 3.495859557012017279e-06 2.811634589235188659e-07
5.000000000000000000e+01 3.337754960110301193e-06 5.069191343726414754e-07
5.500000000000000000e+01 2.075995653557351824e-06 4.988537381915626459e-07
6.000000000000000000e+01 7.731053903144519010e-07 6.267328152457522053e-07
6.500000000000000000e+01 -2.849099971406237388e-07 7.228684611155182900e-07
7.000000000000000000e+01 -1.345554899695662507e-06 8.208388065726085595e-07
