       0.1588E+00       0.9498E-01       0.3713E-04       0.3767E-04
       0.1494E+00       0.9018E-01       0.3469E-04       0.3379E-04
       0.1336E+00       0.7682E-01       0.3002E-04       0.2669E-04
       0.1095E+00       0.5854E-01       0.2502E-04       0.2303E-04
       0.8011E-01       0.4018E-01       0.1988E-04       0.1622E-04
       0.5304E-01       0.2499E-01       0.1345E-04       0.1105E-04
       0.3156E-01       0.1372E-01       0.7907E-05       0.5839E-05
       0.1691E-01       0.7168E-02       0.5636E-05       0.3613E-05
       0.8947E-02       0.3606E-02       0.3558E-05       0.2109E-05
       0.4717E-02       0.1884E-02       0.2704E-05       0.1247E-05
       0.2375E-02       0.9730E-03       0.2031E-05       0.1005E-05
       0.1196E-02       0.5361E-03       0.1504E-05       0.6510E-06
       0.6136E-03       0.2757E-03       0.1107E-05       0.3140E-06
       0.3219E-03       0.1411E-03       0.7330E-06       0.4810E-06
       0.1470E-03       0.8328E-04       0.3390E-06       0.3320E-06
       0.1586E+00       0.9535E-01       0.3812E-04       0.3785E-04
       0.1496E+00       0.8951E-01       0.3615E-04       0.3327E-04
       0.1332E+00       0.7783E-01       0.2997E-04       0.2865E-04
       0.1087E+00       0.5868E-01       0.2400E-04       0.2353E-04
       0.7963E-01       0.3998E-01       0.1809E-04       0.1576E-04
       0.5326E-01       0.2485E-01       0.1412E-04       0.1102E-04
       0.3130E-01       0.1365E-01       0.7699E-05       0.5893E-05
       0.1711E-01       0.7212E-02       0.5088E-05       0.3640E-05
       0.9214E-02       0.3884E-02       0.4588E-05       0.2452E-05
       0.4774E-02       0.1955E-02       0.2713E-05       0.1905E-05
       0.2341E-02       0.9686E-03       0.1941E-05       0.8840E-06
       0.1161E-02       0.5318E-03       0.1695E-05       0.5820E-06
       0.5859E-03       0.2341E-03       0.7340E-06       0.4640E-06
       0.2807E-03       0.1384E-03       0.6480E-06       0.4050E-06
       0.1686E-03       0.7833E-04       0.5540E-06       0.2630E-06
       0.1588E+00       0.9508E-01       0.3829E-04       0.3831E-04
       0.1497E+00       0.9032E-01       0.3395E-04       0.3414E-04
       0.1327E+00       0.7671E-01       0.3029E-04       0.3071E-04
       0.1086E+00       0.5908E-01       0.2252E-04       0.2084E-04
       0.7978E-01       0.3966E-01       0.1828E-04       0.1643E-04
       0.5299E-01       0.2463E-01       0.1306E-04       0.1047E-04
       0.3148E-01       0.1387E-01       0.9158E-05       0.6759E-05
       0.1764E-01       0.7494E-02       0.5362E-05       0.3147E-05
       0.9387E-02       0.3789E-02       0.3293E-05       0.3028E-05
       0.4746E-02       0.1962E-02       0.2366E-05       0.1510E-05
       0.2433E-02       0.9305E-03       0.2398E-05       0.7890E-06
       0.1172E-02       0.5061E-03       0.1462E-05       0.7380E-06
       0.6038E-03       0.2606E-03       0.1015E-05       0.6740E-06
       0.3023E-03       0.1398E-03       0.4560E-06       0.1820E-06
       0.1558E-03       0.8484E-04       0.2570E-06       0.1050E-06
