2.815047014416280025e+00
9.992629139705870855e+00
5.133696529958739596e+00
1.000000000000000000e+01
1.000000000000000000e+01
1.000000000000000000e+01
1.000000000000000000e+01
0.000000000000000000e+00
1.000000000000000000e+01
5.898649414789704226e-02
1.000000000000000000e+01
1.000000000000000000e+01
9.985977893252750093e+00
1.000000000000000000e+01
1.000000000000000000e+01
1.000000000000000000e+01
1.000000000000000000e+01
0.000000000000000000e+00
4.316467109363030019e+00
2.844234442489789849e+00
0.000000000000000000e+00

