  0.000000000000000E+000  0.000000000000000E+000  0.000000000000000E+000
  0.000000000000000E+000  0.000000000000000E+000  0.000000000000000E+000
  0.000000000000000E+000  0.000000000000000E+000  0.000000000000000E+000
  0.000000000000000E+000  0.000000000000000E+000  0.000000000000000E+000
  0.000000000000000E+000  0.000000000000000E+000  0.000000000000000E+000
  0.000000000000000E+000  0.000000000000000E+000  0.000000000000000E+000
  0.000000000000000E+000  0.000000000000000E+000  0.000000000000000E+000
  5.160000000000000E-006  0.000000000000000E+000  0.000000000000000E+000
  4.944875999999999E-002  2.984000000000000E-005  0.000000000000000E+000
  0.522361560000000       2.556320000000000E-003  1.260000000000000E-006
  0.000000000000000E+000  0.000000000000000E+000  0.000000000000000E+000
  0.000000000000000E+000  0.000000000000000E+000  0.000000000000000E+000
  0.000000000000000E+000  0.000000000000000E+000  0.000000000000000E+000
  0.000000000000000E+000  0.000000000000000E+000  0.000000000000000E+000
  0.000000000000000E+000  0.000000000000000E+000  0.000000000000000E+000
  0.000000000000000E+000  0.000000000000000E+000  0.000000000000000E+000
  0.000000000000000E+000  0.000000000000000E+000  0.000000000000000E+000
  1.807896000000001E-002  0.000000000000000E+000  0.000000000000000E+000
   1.06930944000000       8.289399999999997E-003  6.000000000000001E-007
  1.973940000000000E-002  0.000000000000000E+000  0.000000000000000E+000
  0.000000000000000E+000  0.000000000000000E+000  0.000000000000000E+000
  0.000000000000000E+000  0.000000000000000E+000  0.000000000000000E+000
  0.000000000000000E+000  0.000000000000000E+000  0.000000000000000E+000
  0.000000000000000E+000  0.000000000000000E+000  0.000000000000000E+000
  0.000000000000000E+000  0.000000000000000E+000  0.000000000000000E+000
  0.000000000000000E+000  0.000000000000000E+000  0.000000000000000E+000
  3.144000000000000E-003  0.000000000000000E+000  0.000000000000000E+000
   1.65987312000000       2.068608000000000E-002  7.400000000000001E-007
  2.496960000000000E-002  0.000000000000000E+000  0.000000000000000E+000
  1.311600000000000E-004  0.000000000000000E+000  0.000000000000000E+000
  0.000000000000000E+000  0.000000000000000E+000  0.000000000000000E+000
  0.000000000000000E+000  0.000000000000000E+000  0.000000000000000E+000
  0.000000000000000E+000  0.000000000000000E+000  0.000000000000000E+000
  0.000000000000000E+000  0.000000000000000E+000  0.000000000000000E+000
  0.000000000000000E+000  0.000000000000000E+000  0.000000000000000E+000
  1.119120000000000E-003  0.000000000000000E+000  0.000000000000000E+000
  0.486294720000000       1.827380000000000E-003  0.000000000000000E+000
   1.18005552000000       5.982180000000000E-003  0.000000000000000E+000
  0.000000000000000E+000  0.000000000000000E+000  0.000000000000000E+000
  1.508880000000000E-003  0.000000000000000E+000  0.000000000000000E+000
  0.000000000000000E+000  0.000000000000000E+000  0.000000000000000E+000
  0.000000000000000E+000  0.000000000000000E+000  0.000000000000000E+000
  0.000000000000000E+000  0.000000000000000E+000  0.000000000000000E+000
  6.720000000000000E-006  0.000000000000000E+000  0.000000000000000E+000
  4.210920000000000E-003  0.000000000000000E+000  0.000000000000000E+000
  0.235319760000000       6.179400000000000E-004  0.000000000000000E+000
   10.3985536800000       0.333950600000000       3.900000000000000E-006
  2.372400000000000E-004  0.000000000000000E+000  0.000000000000000E+000
  0.000000000000000E+000  0.000000000000000E+000  0.000000000000000E+000
  0.000000000000000E+000  0.000000000000000E+000  0.000000000000000E+000
  6.214679999999999E-002  0.000000000000000E+000  0.000000000000000E+000
  3.342924000000000E-002  0.000000000000000E+000  0.000000000000000E+000
  3.573564000000001E-002  0.000000000000000E+000  0.000000000000000E+000
  0.139643640000000       2.200000000000000E-007  0.000000000000000E+000
  0.786284640000000       4.750740000000000E-003  0.000000000000000E+000
   9.02719476000000       0.113813780000000       8.600000000000000E-007
   5.54695716000000       2.251148000000000E-002  1.700000000000000E-006
  0.148904520000000       0.000000000000000E+000  0.000000000000000E+000
  0.000000000000000E+000  0.000000000000000E+000  0.000000000000000E+000
  0.000000000000000E+000  0.000000000000000E+000  0.000000000000000E+000
   1.77056580000000       9.773420000000000E-003  0.000000000000000E+000
   1.53616860000000       2.084400000000000E-004  0.000000000000000E+000
   2.74215588000000       4.533140000000000E-003  0.000000000000000E+000
   5.59281708000000       2.083823999999999E-002  0.000000000000000E+000
   12.1180730400000       2.277568000000000E-002  0.000000000000000E+000
   20.4018454800000       6.465361999999999E-002  4.000000000000000E-008
   4.75238664000000       2.882120000000000E-003  0.000000000000000E+000
  0.238917600000000       0.000000000000000E+000  0.000000000000000E+000
  0.000000000000000E+000  0.000000000000000E+000  0.000000000000000E+000
  0.000000000000000E+000  0.000000000000000E+000  0.000000000000000E+000
   10.3744237200000       9.150160000000001E-003  0.000000000000000E+000
   9.34185419999999       1.260000000000000E-006  0.000000000000000E+000
   11.3064327600000       7.129060000000000E-003  0.000000000000000E+000
   14.7926316000000       2.872800000000000E-003  0.000000000000000E+000
   18.3221154000000       5.561160000000001E-003  2.000000000000000E-008
   16.0612188000000       1.231680000000000E-003  0.000000000000000E+000
   3.15348084000000       0.000000000000000E+000  0.000000000000000E+000
  0.156210000000000       0.000000000000000E+000  0.000000000000000E+000
  0.000000000000000E+000  0.000000000000000E+000  0.000000000000000E+000
  1.942620000000000E-002  0.000000000000000E+000  0.000000000000000E+000
   12.0654745200000       0.000000000000000E+000  0.000000000000000E+000
   11.9688584400000       0.000000000000000E+000  0.000000000000000E+000
   15.0139108800000       2.169000000000000E-004  0.000000000000000E+000
   15.7112330400000       2.605000000000000E-004  0.000000000000000E+000
   18.3778351200000       1.920000000000000E-006  0.000000000000000E+000
   17.8330822800000       0.000000000000000E+000  0.000000000000000E+000
   2.82625056000000       0.000000000000000E+000  0.000000000000000E+000
  0.000000000000000E+000  0.000000000000000E+000  0.000000000000000E+000
  1.848108000000000E-002  0.000000000000000E+000  0.000000000000000E+000
  0.136168440000000       0.000000000000000E+000  0.000000000000000E+000
  0.000000000000000E+000  0.000000000000000E+000  0.000000000000000E+000
  0.000000000000000E+000  0.000000000000000E+000  0.000000000000000E+000
  0.000000000000000E+000  0.000000000000000E+000  0.000000000000000E+000
  0.000000000000000E+000  0.000000000000000E+000  0.000000000000000E+000
  0.000000000000000E+000  0.000000000000000E+000  0.000000000000000E+000
  0.000000000000000E+000  0.000000000000000E+000  0.000000000000000E+000
  0.000000000000000E+000  0.000000000000000E+000  0.000000000000000E+000
  4.440000000000000E-006  0.000000000000000E+000  0.000000000000000E+000
  5.505204000000000E-002  2.834000000000001E-005  2.000000000000000E-008
  0.531284040000000       2.817480000000001E-003  1.480000000000000E-006
  0.000000000000000E+000  0.000000000000000E+000  0.000000000000000E+000
  0.000000000000000E+000  0.000000000000000E+000  0.000000000000000E+000
  0.000000000000000E+000  0.000000000000000E+000  0.000000000000000E+000
  0.000000000000000E+000  0.000000000000000E+000  0.000000000000000E+000
  0.000000000000000E+000  0.000000000000000E+000  0.000000000000000E+000
  0.000000000000000E+000  0.000000000000000E+000  0.000000000000000E+000
  0.000000000000000E+000  0.000000000000000E+000  0.000000000000000E+000
  2.087292000000001E-002  3.780000000000000E-006  0.000000000000000E+000
   1.01778240000000       8.582219999999998E-003  6.200000000000000E-007
  1.286880000000000E-003  0.000000000000000E+000  0.000000000000000E+000
  0.000000000000000E+000  0.000000000000000E+000  0.000000000000000E+000
  0.000000000000000E+000  0.000000000000000E+000  0.000000000000000E+000
  0.000000000000000E+000  0.000000000000000E+000  0.000000000000000E+000
  0.000000000000000E+000  0.000000000000000E+000  0.000000000000000E+000
  0.000000000000000E+000  0.000000000000000E+000  0.000000000000000E+000
  0.000000000000000E+000  0.000000000000000E+000  0.000000000000000E+000
  2.191560000000000E-003  0.000000000000000E+000  0.000000000000000E+000
   1.62428592000000       2.069617999999999E-002  0.000000000000000E+000
  2.571036000000000E-002  0.000000000000000E+000  0.000000000000000E+000
  0.000000000000000E+000  0.000000000000000E+000  0.000000000000000E+000
  0.000000000000000E+000  0.000000000000000E+000  0.000000000000000E+000
  0.000000000000000E+000  0.000000000000000E+000  0.000000000000000E+000
  0.000000000000000E+000  0.000000000000000E+000  0.000000000000000E+000
  0.000000000000000E+000  0.000000000000000E+000  0.000000000000000E+000
  0.000000000000000E+000  0.000000000000000E+000  0.000000000000000E+000
  5.868000000000001E-004  0.000000000000000E+000  0.000000000000000E+000
  0.480127320000000       2.946560000000000E-003  0.000000000000000E+000
   1.36767264000000       8.742240000000000E-003  1.680000000000000E-006
  0.000000000000000E+000  0.000000000000000E+000  0.000000000000000E+000
  0.000000000000000E+000  0.000000000000000E+000  0.000000000000000E+000
  0.000000000000000E+000  0.000000000000000E+000  0.000000000000000E+000
  6.240000000000000E-006  0.000000000000000E+000  0.000000000000000E+000
  0.000000000000000E+000  0.000000000000000E+000  0.000000000000000E+000
  2.241480000000000E-003  0.000000000000000E+000  0.000000000000000E+000
  2.675519999999999E-003  0.000000000000000E+000  0.000000000000000E+000
  0.247809360000000       4.639800000000000E-004  0.000000000000000E+000
   10.6885504800000       0.332326780000000       2.700000000000000E-006
  1.619280000000000E-003  0.000000000000000E+000  0.000000000000000E+000
  0.119991960000000       0.000000000000000E+000  0.000000000000000E+000
  0.000000000000000E+000  0.000000000000000E+000  0.000000000000000E+000
  7.551720000000000E-003  0.000000000000000E+000  0.000000000000000E+000
  2.289395999999999E-002  0.000000000000000E+000  0.000000000000000E+000
  3.635616000000001E-002  0.000000000000000E+000  0.000000000000000E+000
  0.108390120000000       7.040000000000000E-006  0.000000000000000E+000
  0.786450000000000       1.180560000000000E-003  0.000000000000000E+000
   9.09490428000000       0.124134960000000       1.760000000000000E-006
   6.15186336000000       1.224106000000000E-002  0.000000000000000E+000
  2.670840000000000E-002  0.000000000000000E+000  0.000000000000000E+000
  0.000000000000000E+000  0.000000000000000E+000  0.000000000000000E+000
  0.000000000000000E+000  0.000000000000000E+000  0.000000000000000E+000
   1.38970344000000       1.955740000000000E-003  0.000000000000000E+000
   1.86221400000000       6.016039999999999E-003  0.000000000000000E+000
   2.56595724000000       1.933660000000000E-003  0.000000000000000E+000
   4.46230416000000       1.630192000000000E-002  0.000000000000000E+000
   11.9380856400000       3.067988000000000E-002  0.000000000000000E+000
   20.8735689600000       1.646160000000000E-002  7.000000000000001E-007
   4.63706976000000       0.000000000000000E+000  0.000000000000000E+000
  9.194028000000000E-002  0.000000000000000E+000  0.000000000000000E+000
  0.000000000000000E+000  0.000000000000000E+000  0.000000000000000E+000
  0.000000000000000E+000  0.000000000000000E+000  0.000000000000000E+000
   8.47221780000000       1.077514000000000E-002  0.000000000000000E+000
   10.7480149200000       9.405800000000000E-004  0.000000000000000E+000
   13.5840229200000       1.169060000000000E-003  0.000000000000000E+000
   14.7922554000000       4.928900000000000E-003  0.000000000000000E+000
   18.5177706000000       1.884882000000000E-002  0.000000000000000E+000
   17.3231080800000       4.835100000000000E-003  0.000000000000000E+000
   4.30742184000000       0.000000000000000E+000  0.000000000000000E+000
  0.000000000000000E+000  0.000000000000000E+000  0.000000000000000E+000
  6.124980000000000E-002  0.000000000000000E+000  0.000000000000000E+000
  2.173836000000000E-002  0.000000000000000E+000  0.000000000000000E+000
   12.1379984400000       0.000000000000000E+000  0.000000000000000E+000
   13.3465940400000       0.000000000000000E+000  0.000000000000000E+000
   14.5321482000000       0.000000000000000E+000  0.000000000000000E+000
   17.3645330400000       8.000000000000000E-008  0.000000000000000E+000
   19.2445845600000       0.000000000000000E+000  0.000000000000000E+000
   14.2618922400000       0.000000000000000E+000  0.000000000000000E+000
   2.91615468000000       0.000000000000000E+000  0.000000000000000E+000
  0.163862280000000       0.000000000000000E+000  0.000000000000000E+000
  0.000000000000000E+000  0.000000000000000E+000  0.000000000000000E+000
  8.298348000000001E-002  0.000000000000000E+000  0.000000000000000E+000
  0.000000000000000E+000  0.000000000000000E+000  0.000000000000000E+000
  0.000000000000000E+000  0.000000000000000E+000  0.000000000000000E+000
  0.000000000000000E+000  0.000000000000000E+000  0.000000000000000E+000
  0.000000000000000E+000  0.000000000000000E+000  0.000000000000000E+000
  0.000000000000000E+000  0.000000000000000E+000  0.000000000000000E+000
  0.000000000000000E+000  0.000000000000000E+000  0.000000000000000E+000
  0.000000000000000E+000  0.000000000000000E+000  0.000000000000000E+000
  2.964000000000000E-005  0.000000000000000E+000  0.000000000000000E+000
  4.962060000000000E-002  3.372000000000000E-005  0.000000000000000E+000
  0.541844400000000       2.344400000000000E-003  1.860000000000000E-006
  0.000000000000000E+000  0.000000000000000E+000  0.000000000000000E+000
  0.000000000000000E+000  0.000000000000000E+000  0.000000000000000E+000
  0.000000000000000E+000  0.000000000000000E+000  0.000000000000000E+000
  0.000000000000000E+000  0.000000000000000E+000  0.000000000000000E+000
  0.000000000000000E+000  0.000000000000000E+000  0.000000000000000E+000
  0.000000000000000E+000  0.000000000000000E+000  0.000000000000000E+000
  0.000000000000000E+000  0.000000000000000E+000  0.000000000000000E+000
  1.709376000000000E-002  0.000000000000000E+000  0.000000000000000E+000
   1.03301004000000       7.723259999999999E-003  2.500000000000000E-006
  2.702880000000000E-003  0.000000000000000E+000  0.000000000000000E+000
  0.000000000000000E+000  0.000000000000000E+000  0.000000000000000E+000
  0.000000000000000E+000  0.000000000000000E+000  0.000000000000000E+000
  0.000000000000000E+000  0.000000000000000E+000  0.000000000000000E+000
  0.000000000000000E+000  0.000000000000000E+000  0.000000000000000E+000
  0.000000000000000E+000  0.000000000000000E+000  0.000000000000000E+000
  0.000000000000000E+000  0.000000000000000E+000  0.000000000000000E+000
  1.691640000000000E-003  0.000000000000000E+000  0.000000000000000E+000
   1.51786992000000       1.859710000000000E-002  2.800000000000000E-007
  1.041660000000000E-002  0.000000000000000E+000  0.000000000000000E+000
  0.000000000000000E+000  0.000000000000000E+000  0.000000000000000E+000
  0.000000000000000E+000  0.000000000000000E+000  0.000000000000000E+000
  0.000000000000000E+000  0.000000000000000E+000  0.000000000000000E+000
  0.000000000000000E+000  0.000000000000000E+000  0.000000000000000E+000
  0.000000000000000E+000  0.000000000000000E+000  0.000000000000000E+000
  0.000000000000000E+000  0.000000000000000E+000  0.000000000000000E+000
  2.024280000000000E-003  0.000000000000000E+000  0.000000000000000E+000
  0.444606120000000       2.111880000000000E-003  0.000000000000000E+000
   1.45002192000000       1.043848000000000E-002  0.000000000000000E+000
  9.612000000000001E-005  0.000000000000000E+000  0.000000000000000E+000
  0.000000000000000E+000  0.000000000000000E+000  0.000000000000000E+000
  0.000000000000000E+000  0.000000000000000E+000  0.000000000000000E+000
  2.218080000000000E-003  0.000000000000000E+000  0.000000000000000E+000
  3.600000000000000E-007  0.000000000000000E+000  0.000000000000000E+000
  7.585199999999999E-004  0.000000000000000E+000  0.000000000000000E+000
  6.279840000000000E-003  0.000000000000000E+000  0.000000000000000E+000
  0.247299360000000       6.509400000000000E-004  0.000000000000000E+000
   10.5693618000000       0.356297420000000       1.740000000000000E-006
  6.043680000000000E-003  0.000000000000000E+000  0.000000000000000E+000
  0.000000000000000E+000  0.000000000000000E+000  0.000000000000000E+000
  0.000000000000000E+000  0.000000000000000E+000  0.000000000000000E+000
  8.358359999999999E-003  0.000000000000000E+000  0.000000000000000E+000
  1.347360000000000E-002  0.000000000000000E+000  0.000000000000000E+000
  9.269004000000000E-002  0.000000000000000E+000  0.000000000000000E+000
  0.170071800000000       0.000000000000000E+000  0.000000000000000E+000
  0.794980080000000       3.645780000000000E-003  0.000000000000000E+000
   9.02790780000000       0.107093480000000       5.400000000000000E-007
   5.71845096000000       1.166674000000000E-002  2.600000000000000E-007
  5.256120000000000E-003  0.000000000000000E+000  0.000000000000000E+000
  0.000000000000000E+000  0.000000000000000E+000  0.000000000000000E+000
  0.000000000000000E+000  0.000000000000000E+000  0.000000000000000E+000
   1.46485920000000       2.863840000000000E-003  0.000000000000000E+000
   2.12682324000000       7.676880000000001E-003  0.000000000000000E+000
   2.95262448000000       1.080148000000000E-002  0.000000000000000E+000
   4.85220840000000       1.490120000000000E-002  0.000000000000000E+000
   12.9200718000000       3.171844000000000E-002  0.000000000000000E+000
   19.9041666000000       1.816594000000000E-002  0.000000000000000E+000
   4.51583424000000       3.500040000000000E-003  0.000000000000000E+000
  8.718276000000000E-002  0.000000000000000E+000  0.000000000000000E+000
  0.125518080000000       0.000000000000000E+000  0.000000000000000E+000
  0.000000000000000E+000  0.000000000000000E+000  0.000000000000000E+000
   10.8581710800000       6.840000000000001E-006  0.000000000000000E+000
   9.22625700000000       1.082214000000000E-002  0.000000000000000E+000
   11.3713238400000       9.680000000000001E-005  0.000000000000000E+000
   12.8105120400000       1.213634000000000E-002  0.000000000000000E+000
   19.7575132800000       2.651820000000000E-003  0.000000000000000E+000
   19.9280574000000       7.598060000000000E-003  0.000000000000000E+000
   2.68417692000000       0.000000000000000E+000  0.000000000000000E+000
  1.912260000000000E-002  0.000000000000000E+000  0.000000000000000E+000
  5.405508000000001E-002  0.000000000000000E+000  0.000000000000000E+000
  0.000000000000000E+000  0.000000000000000E+000  0.000000000000000E+000
   13.0059627600000       0.000000000000000E+000  0.000000000000000E+000
   13.2338911200000       0.000000000000000E+000  0.000000000000000E+000
   13.7553603600000       0.000000000000000E+000  0.000000000000000E+000
   16.3348042800000       0.000000000000000E+000  0.000000000000000E+000
   18.0145137600000       0.000000000000000E+000  0.000000000000000E+000
   15.5303922000000       0.000000000000000E+000  0.000000000000000E+000
   3.08973168000000       0.000000000000000E+000  0.000000000000000E+000
  8.750603999999999E-002  0.000000000000000E+000  0.000000000000000E+000
  7.291164000000000E-002  0.000000000000000E+000  0.000000000000000E+000
  1.249212000000000E-002  0.000000000000000E+000  0.000000000000000E+000
  0.000000000000000E+000  0.000000000000000E+000  0.000000000000000E+000
  0.000000000000000E+000  0.000000000000000E+000  0.000000000000000E+000
  0.000000000000000E+000  0.000000000000000E+000  0.000000000000000E+000
  0.000000000000000E+000  0.000000000000000E+000  0.000000000000000E+000
  0.000000000000000E+000  0.000000000000000E+000  0.000000000000000E+000
  0.000000000000000E+000  0.000000000000000E+000  0.000000000000000E+000
  0.000000000000000E+000  0.000000000000000E+000  0.000000000000000E+000
  5.556000000000000E-005  0.000000000000000E+000  0.000000000000000E+000
  4.959191999999999E-002  3.444000000000000E-005  0.000000000000000E+000
  0.477812280000000       1.641280000000000E-003  2.620000000000000E-006
  0.000000000000000E+000  0.000000000000000E+000  0.000000000000000E+000
  0.000000000000000E+000  0.000000000000000E+000  0.000000000000000E+000
  0.000000000000000E+000  0.000000000000000E+000  0.000000000000000E+000
  0.000000000000000E+000  0.000000000000000E+000  0.000000000000000E+000
  0.000000000000000E+000  0.000000000000000E+000  0.000000000000000E+000
  0.000000000000000E+000  0.000000000000000E+000  0.000000000000000E+000
  0.000000000000000E+000  0.000000000000000E+000  0.000000000000000E+000
  2.038560000000000E-002  6.400000000000000E-007  0.000000000000000E+000
   1.06072308000000       1.051616000000000E-002  7.800000000000002E-007
  8.484000000000001E-005  0.000000000000000E+000  0.000000000000000E+000
  0.000000000000000E+000  0.000000000000000E+000  0.000000000000000E+000
  0.000000000000000E+000  0.000000000000000E+000  0.000000000000000E+000
  0.000000000000000E+000  0.000000000000000E+000  0.000000000000000E+000
  0.000000000000000E+000  0.000000000000000E+000  0.000000000000000E+000
  0.000000000000000E+000  0.000000000000000E+000  0.000000000000000E+000
  0.000000000000000E+000  0.000000000000000E+000  0.000000000000000E+000
  1.034640000000000E-003  0.000000000000000E+000  0.000000000000000E+000
   1.57378032000000       2.221498000000000E-002  3.760000000000000E-006
  6.934080000000000E-003  2.657800000000000E-004  0.000000000000000E+000
  0.000000000000000E+000  0.000000000000000E+000  0.000000000000000E+000
  0.000000000000000E+000  0.000000000000000E+000  0.000000000000000E+000
  0.000000000000000E+000  0.000000000000000E+000  0.000000000000000E+000
  0.000000000000000E+000  0.000000000000000E+000  0.000000000000000E+000
  0.000000000000000E+000  0.000000000000000E+000  0.000000000000000E+000
  0.000000000000000E+000  0.000000000000000E+000  0.000000000000000E+000
  1.443960000000000E-003  0.000000000000000E+000  0.000000000000000E+000
  0.430163640000000       1.244700000000000E-003  0.000000000000000E+000
   1.40404956000000       1.173460000000000E-002  1.400000000000000E-007
  0.000000000000000E+000  0.000000000000000E+000  0.000000000000000E+000
  0.000000000000000E+000  0.000000000000000E+000  0.000000000000000E+000
  0.000000000000000E+000  0.000000000000000E+000  0.000000000000000E+000
  0.000000000000000E+000  0.000000000000000E+000  0.000000000000000E+000
  0.000000000000000E+000  0.000000000000000E+000  0.000000000000000E+000
  5.880000000000000E-005  0.000000000000000E+000  0.000000000000000E+000
  5.497080000000001E-003  0.000000000000000E+000  0.000000000000000E+000
  0.307555920000000       7.286799999999999E-004  0.000000000000000E+000
   10.2505230000000       0.323835960000000       1.900000000000000E-005
  0.236055120000000       0.000000000000000E+000  0.000000000000000E+000
  0.000000000000000E+000  0.000000000000000E+000  0.000000000000000E+000
  0.000000000000000E+000  0.000000000000000E+000  0.000000000000000E+000
  1.887936000000000E-002  0.000000000000000E+000  0.000000000000000E+000
  1.530744000000000E-002  0.000000000000000E+000  0.000000000000000E+000
  4.172472000000000E-002  0.000000000000000E+000  0.000000000000000E+000
  6.476675999999998E-002  0.000000000000000E+000  0.000000000000000E+000
  0.683928000000000       1.904300000000000E-003  0.000000000000000E+000
   9.75722376000000       0.140681120000000       8.600000000000000E-007
   6.43238052000000       9.780560000000001E-003  0.000000000000000E+000
  4.524000000000000E-005  0.000000000000000E+000  0.000000000000000E+000
  0.000000000000000E+000  0.000000000000000E+000  0.000000000000000E+000
  0.000000000000000E+000  0.000000000000000E+000  0.000000000000000E+000
   1.90367220000000       1.463900000000000E-003  0.000000000000000E+000
   2.28352416000000       2.979660000000000E-003  0.000000000000000E+000
   2.63590992000000       1.940660000000000E-003  0.000000000000000E+000
   4.58766264000000       1.410748000000000E-002  0.000000000000000E+000
   13.0718158800000       5.314751999999998E-002  0.000000000000000E+000
   21.3554793600000       7.259778000000000E-002  0.000000000000000E+000
   4.52903532000000       0.000000000000000E+000  0.000000000000000E+000
  0.120009720000000       0.000000000000000E+000  0.000000000000000E+000
  0.000000000000000E+000  0.000000000000000E+000  0.000000000000000E+000
  0.000000000000000E+000  0.000000000000000E+000  0.000000000000000E+000
   10.0937203200000       6.126539999999999E-003  0.000000000000000E+000
   11.3984509200000       2.328990000000000E-002  0.000000000000000E+000
   10.9559491200000       6.661440000000001E-003  0.000000000000000E+000
   14.3330280000000       5.829699999999998E-003  0.000000000000000E+000
   17.8130227200000       0.000000000000000E+000  0.000000000000000E+000
   18.4334772000000       1.400000000000000E-007  0.000000000000000E+000
   4.08575352000000       0.000000000000000E+000  0.000000000000000E+000
  0.137526720000000       0.000000000000000E+000  0.000000000000000E+000
  0.000000000000000E+000  0.000000000000000E+000  0.000000000000000E+000
  0.000000000000000E+000  0.000000000000000E+000  0.000000000000000E+000
   15.4279801200000       0.000000000000000E+000  0.000000000000000E+000
   14.9543112000000       0.000000000000000E+000  0.000000000000000E+000
   13.5427633200000       0.000000000000000E+000  0.000000000000000E+000
   15.8818086000000       0.000000000000000E+000  0.000000000000000E+000
   18.9050059200000       0.000000000000000E+000  0.000000000000000E+000
   15.0076903200000       1.880000000000000E-006  0.000000000000000E+000
   3.83069376000000       0.000000000000000E+000  0.000000000000000E+000
  0.000000000000000E+000  0.000000000000000E+000  0.000000000000000E+000
  6.885648000000001E-002  0.000000000000000E+000  0.000000000000000E+000
  9.989796000000001E-002  0.000000000000000E+000  0.000000000000000E+000
  0.000000000000000E+000  0.000000000000000E+000  0.000000000000000E+000
  0.000000000000000E+000  0.000000000000000E+000  0.000000000000000E+000
  0.000000000000000E+000  0.000000000000000E+000  0.000000000000000E+000
  0.000000000000000E+000  0.000000000000000E+000  0.000000000000000E+000
  0.000000000000000E+000  0.000000000000000E+000  0.000000000000000E+000
  0.000000000000000E+000  0.000000000000000E+000  0.000000000000000E+000
  0.000000000000000E+000  0.000000000000000E+000  0.000000000000000E+000
  1.035600000000000E-004  0.000000000000000E+000  0.000000000000000E+000
  5.376551999999999E-002  1.086000000000000E-005  0.000000000000000E+000
  0.519079680000000       1.934420000000000E-003  5.200000000000000E-007
  0.000000000000000E+000  0.000000000000000E+000  0.000000000000000E+000
  0.000000000000000E+000  0.000000000000000E+000  0.000000000000000E+000
  0.000000000000000E+000  0.000000000000000E+000  0.000000000000000E+000
  0.000000000000000E+000  0.000000000000000E+000  0.000000000000000E+000
  0.000000000000000E+000  0.000000000000000E+000  0.000000000000000E+000
  0.000000000000000E+000  0.000000000000000E+000  0.000000000000000E+000
  1.200000000000000E-006  0.000000000000000E+000  0.000000000000000E+000
  1.638636000000000E-002  0.000000000000000E+000  0.000000000000000E+000
   1.06798080000000       9.468820000000003E-003  2.000000000000000E-008
  1.426716000000000E-002  0.000000000000000E+000  0.000000000000000E+000
  0.000000000000000E+000  0.000000000000000E+000  0.000000000000000E+000
  0.000000000000000E+000  0.000000000000000E+000  0.000000000000000E+000
  0.000000000000000E+000  0.000000000000000E+000  0.000000000000000E+000
  0.000000000000000E+000  0.000000000000000E+000  0.000000000000000E+000
  0.000000000000000E+000  0.000000000000000E+000  0.000000000000000E+000
  0.000000000000000E+000  0.000000000000000E+000  0.000000000000000E+000
  1.653720000000000E-003  0.000000000000000E+000  0.000000000000000E+000
   1.56385920000000       2.022537999999999E-002  5.660000000000001E-006
  2.160000000000000E-005  0.000000000000000E+000  0.000000000000000E+000
  3.595248000000000E-002  0.000000000000000E+000  0.000000000000000E+000
  0.000000000000000E+000  0.000000000000000E+000  0.000000000000000E+000
  0.000000000000000E+000  0.000000000000000E+000  0.000000000000000E+000
  0.000000000000000E+000  0.000000000000000E+000  0.000000000000000E+000
  0.000000000000000E+000  0.000000000000000E+000  0.000000000000000E+000
  0.000000000000000E+000  0.000000000000000E+000  0.000000000000000E+000
  6.103200000000000E-004  0.000000000000000E+000  0.000000000000000E+000
  0.470561400000000       1.964120000000000E-003  0.000000000000000E+000
   1.45929408000000       7.118279999999999E-003  2.680000000000000E-006
  1.677480000000000E-003  0.000000000000000E+000  0.000000000000000E+000
  0.000000000000000E+000  0.000000000000000E+000  0.000000000000000E+000
  0.000000000000000E+000  0.000000000000000E+000  0.000000000000000E+000
  0.000000000000000E+000  0.000000000000000E+000  0.000000000000000E+000
  0.000000000000000E+000  0.000000000000000E+000  0.000000000000000E+000
  2.031840000000000E-003  0.000000000000000E+000  0.000000000000000E+000
  5.954640000000001E-003  0.000000000000000E+000  0.000000000000000E+000
  0.284712360000000       2.098000000000000E-004  0.000000000000000E+000
   10.8889196400000       0.360525420000000       5.000000000000000E-006
  0.164563680000000       0.000000000000000E+000  0.000000000000000E+000
  0.000000000000000E+000  0.000000000000000E+000  0.000000000000000E+000
  0.000000000000000E+000  0.000000000000000E+000  0.000000000000000E+000
  2.241396000000000E-002  0.000000000000000E+000  0.000000000000000E+000
  1.790712000000000E-002  0.000000000000000E+000  0.000000000000000E+000
  6.932892000000002E-002  0.000000000000000E+000  0.000000000000000E+000
  0.134548800000000       1.049400000000000E-004  0.000000000000000E+000
  0.980398440000000       2.215180000000000E-003  0.000000000000000E+000
   8.98905408000000       9.835975999999999E-002  0.000000000000000E+000
   6.70302948000000       6.279440000000000E-003  0.000000000000000E+000
  1.128384000000000E-002  0.000000000000000E+000  0.000000000000000E+000
  0.000000000000000E+000  0.000000000000000E+000  0.000000000000000E+000
  0.000000000000000E+000  0.000000000000000E+000  0.000000000000000E+000
   1.97488920000000       2.419020000000000E-003  0.000000000000000E+000
   1.87773924000000       5.007160000000000E-003  0.000000000000000E+000
   2.01699996000000       2.126200000000000E-004  0.000000000000000E+000
   4.80292008000000       6.364280000000000E-003  0.000000000000000E+000
   13.9761043200000       4.761516000000001E-002  0.000000000000000E+000
   21.1072813200000       4.656896000000000E-002  0.000000000000000E+000
   4.83094860000000       3.719600000000000E-004  0.000000000000000E+000
  8.205420000000001E-002  0.000000000000000E+000  0.000000000000000E+000
  0.120308040000000       0.000000000000000E+000  0.000000000000000E+000
  0.120000000000000       0.000000000000000E+000  0.000000000000000E+000
   8.78725872000000       4.117140000000000E-003  0.000000000000000E+000
   10.3596997200000       4.754780000000000E-003  0.000000000000000E+000
   11.5000698000000       9.200000000000000E-007  0.000000000000000E+000
   13.7225270400000       5.871159999999999E-003  0.000000000000000E+000
   19.0466388000000       1.529076000000000E-002  0.000000000000000E+000
   16.3707986400000       5.551580000000000E-003  0.000000000000000E+000
   3.45782208000000       0.000000000000000E+000  0.000000000000000E+000
  0.265016520000000       0.000000000000000E+000  0.000000000000000E+000
  0.000000000000000E+000  0.000000000000000E+000  0.000000000000000E+000
  0.000000000000000E+000  0.000000000000000E+000  0.000000000000000E+000
   12.8052226800000       0.000000000000000E+000  0.000000000000000E+000
   13.0935967200000       0.000000000000000E+000  0.000000000000000E+000
   15.3560306400000       0.000000000000000E+000  0.000000000000000E+000
   17.6373948000000       0.000000000000000E+000  0.000000000000000E+000
   18.9337033200000       7.530660000000000E-003  0.000000000000000E+000
   15.1470031200000       0.000000000000000E+000  0.000000000000000E+000
   3.14564772000000       0.000000000000000E+000  0.000000000000000E+000
  0.158046360000000       0.000000000000000E+000  0.000000000000000E+000
  0.000000000000000E+000  0.000000000000000E+000  0.000000000000000E+000
  0.111298440000000       0.000000000000000E+000  0.000000000000000E+000
  0.000000000000000E+000  0.000000000000000E+000  0.000000000000000E+000
  0.000000000000000E+000  0.000000000000000E+000  0.000000000000000E+000
  0.000000000000000E+000  0.000000000000000E+000  0.000000000000000E+000
  0.000000000000000E+000  0.000000000000000E+000  0.000000000000000E+000
  0.000000000000000E+000  0.000000000000000E+000  0.000000000000000E+000
  0.000000000000000E+000  0.000000000000000E+000  0.000000000000000E+000
  0.000000000000000E+000  0.000000000000000E+000  0.000000000000000E+000
  3.672000000000000E-005  0.000000000000000E+000  0.000000000000000E+000
  5.507579999999999E-002  2.506000000000000E-005  0.000000000000000E+000
  0.521685360000000       2.204760000000000E-003  2.000000000000000E-007
  0.000000000000000E+000  0.000000000000000E+000  0.000000000000000E+000
  0.000000000000000E+000  0.000000000000000E+000  0.000000000000000E+000
  0.000000000000000E+000  0.000000000000000E+000  0.000000000000000E+000
  0.000000000000000E+000  0.000000000000000E+000  0.000000000000000E+000
  0.000000000000000E+000  0.000000000000000E+000  0.000000000000000E+000
  0.000000000000000E+000  0.000000000000000E+000  0.000000000000000E+000
  1.656000000000000E-005  0.000000000000000E+000  0.000000000000000E+000
  2.033064000000000E-002  1.324000000000000E-005  0.000000000000000E+000
   1.09525116000000       9.646780000000002E-003  1.280000000000000E-006
  0.000000000000000E+000  0.000000000000000E+000  0.000000000000000E+000
  0.000000000000000E+000  0.000000000000000E+000  0.000000000000000E+000
  0.000000000000000E+000  0.000000000000000E+000  0.000000000000000E+000
  0.000000000000000E+000  0.000000000000000E+000  0.000000000000000E+000
  0.000000000000000E+000  0.000000000000000E+000  0.000000000000000E+000
  0.000000000000000E+000  0.000000000000000E+000  0.000000000000000E+000
  0.000000000000000E+000  0.000000000000000E+000  0.000000000000000E+000
  9.318000000000000E-004  0.000000000000000E+000  0.000000000000000E+000
   1.65120312000000       2.620038000000000E-002  1.228000000000000E-005
  7.201679999999999E-003  0.000000000000000E+000  0.000000000000000E+000
  0.000000000000000E+000  0.000000000000000E+000  0.000000000000000E+000
  0.000000000000000E+000  0.000000000000000E+000  0.000000000000000E+000
  0.000000000000000E+000  0.000000000000000E+000  0.000000000000000E+000
  0.000000000000000E+000  0.000000000000000E+000  0.000000000000000E+000
  0.000000000000000E+000  0.000000000000000E+000  0.000000000000000E+000
  0.000000000000000E+000  0.000000000000000E+000  0.000000000000000E+000
  2.785560000000000E-003  0.000000000000000E+000  0.000000000000000E+000
  0.441283680000000       1.952860000000000E-003  0.000000000000000E+000
   1.45109028000000       8.459080000000001E-003  2.300000000000000E-006
  0.000000000000000E+000  0.000000000000000E+000  0.000000000000000E+000
  0.102874320000000       0.000000000000000E+000  0.000000000000000E+000
  0.000000000000000E+000  0.000000000000000E+000  0.000000000000000E+000
  0.000000000000000E+000  0.000000000000000E+000  0.000000000000000E+000
  0.000000000000000E+000  0.000000000000000E+000  0.000000000000000E+000
  6.300000000000000E-005  0.000000000000000E+000  0.000000000000000E+000
  5.278800000000000E-004  0.000000000000000E+000  0.000000000000000E+000
  0.186910440000000       1.528000000000000E-005  0.000000000000000E+000
   10.2510637200000       0.331664800000000       9.840000000000001E-006
  0.134321400000000       0.000000000000000E+000  0.000000000000000E+000
  0.000000000000000E+000  0.000000000000000E+000  0.000000000000000E+000
  0.000000000000000E+000  0.000000000000000E+000  0.000000000000000E+000
  1.935348000000000E-002  0.000000000000000E+000  0.000000000000000E+000
  2.663160000000000E-002  0.000000000000000E+000  0.000000000000000E+000
  3.872316000000001E-002  0.000000000000000E+000  0.000000000000000E+000
  6.666084000000000E-002  0.000000000000000E+000  0.000000000000000E+000
  0.837334680000000       3.496780000000000E-003  0.000000000000000E+000
   9.59158080000000       0.152085260000000       0.000000000000000E+000
   7.38280956000000       1.847706000000000E-002  0.000000000000000E+000
  6.932280000000001E-003  0.000000000000000E+000  0.000000000000000E+000
  0.000000000000000E+000  0.000000000000000E+000  0.000000000000000E+000
  0.000000000000000E+000  0.000000000000000E+000  0.000000000000000E+000
   1.38915576000000       9.429999999999999E-004  0.000000000000000E+000
   1.72675536000000       1.050000000000000E-005  0.000000000000000E+000
   2.18458392000000       6.550000000000001E-005  0.000000000000000E+000
   4.43643180000000       9.047959999999999E-003  0.000000000000000E+000
   12.1341909600000       2.859422000000000E-002  0.000000000000000E+000
   18.2647582800000       2.244312000000000E-002  0.000000000000000E+000
   5.16722748000000       0.000000000000000E+000  0.000000000000000E+000
  0.161906520000000       0.000000000000000E+000  0.000000000000000E+000
  0.000000000000000E+000  0.000000000000000E+000  0.000000000000000E+000
  3.338376000000000E-002  0.000000000000000E+000  0.000000000000000E+000
   11.2335016800000       4.766720000000000E-003  0.000000000000000E+000
   10.8033865200000       1.058698000000000E-002  0.000000000000000E+000
   11.5828401600000       7.384219999999999E-003  0.000000000000000E+000
   16.7163787200000       1.180074000000000E-002  0.000000000000000E+000
   17.9541438000000       2.057224000000000E-002  0.000000000000000E+000
   17.5398084000000       1.140400000000000E-004  0.000000000000000E+000
   3.01340796000000       0.000000000000000E+000  0.000000000000000E+000
  0.000000000000000E+000  0.000000000000000E+000  0.000000000000000E+000
  0.000000000000000E+000  0.000000000000000E+000  0.000000000000000E+000
  0.000000000000000E+000  0.000000000000000E+000  0.000000000000000E+000
   11.6927047200000       0.000000000000000E+000  0.000000000000000E+000
   14.6299197600000       0.000000000000000E+000  0.000000000000000E+000
   15.2131412400000       0.000000000000000E+000  0.000000000000000E+000
   14.5544029200000       6.846799999999999E-003  0.000000000000000E+000
   16.3258830000000       0.000000000000000E+000  0.000000000000000E+000
   15.9571393200000       0.000000000000000E+000  0.000000000000000E+000
   2.95790856000000       0.000000000000000E+000  0.000000000000000E+000
  8.257608000000000E-002  0.000000000000000E+000  0.000000000000000E+000
  0.000000000000000E+000  0.000000000000000E+000  0.000000000000000E+000
  1.269600000000000E-004  0.000000000000000E+000  0.000000000000000E+000
  0.000000000000000E+000  0.000000000000000E+000  0.000000000000000E+000
  0.000000000000000E+000  0.000000000000000E+000  0.000000000000000E+000
  0.000000000000000E+000  0.000000000000000E+000  0.000000000000000E+000
  0.000000000000000E+000  0.000000000000000E+000  0.000000000000000E+000
  0.000000000000000E+000  0.000000000000000E+000  0.000000000000000E+000
  0.000000000000000E+000  0.000000000000000E+000  0.000000000000000E+000
  0.000000000000000E+000  0.000000000000000E+000  0.000000000000000E+000
  5.483999999999999E-005  0.000000000000000E+000  0.000000000000000E+000
  4.889868000000000E-002  2.090000000000000E-005  0.000000000000000E+000
  0.502132080000000       2.266419999999999E-003  1.840000000000000E-006
  0.000000000000000E+000  0.000000000000000E+000  0.000000000000000E+000
  0.000000000000000E+000  0.000000000000000E+000  0.000000000000000E+000
  0.000000000000000E+000  0.000000000000000E+000  0.000000000000000E+000
  0.000000000000000E+000  0.000000000000000E+000  0.000000000000000E+000
  0.000000000000000E+000  0.000000000000000E+000  0.000000000000000E+000
  0.000000000000000E+000  0.000000000000000E+000  0.000000000000000E+000
  0.000000000000000E+000  0.000000000000000E+000  0.000000000000000E+000
  2.081400000000000E-002  0.000000000000000E+000  0.000000000000000E+000
   1.00404936000000       8.268039999999997E-003  3.560000000000000E-006
  0.000000000000000E+000  0.000000000000000E+000  0.000000000000000E+000
  0.000000000000000E+000  0.000000000000000E+000  0.000000000000000E+000
  0.000000000000000E+000  0.000000000000000E+000  0.000000000000000E+000
  0.000000000000000E+000  0.000000000000000E+000  0.000000000000000E+000
  0.000000000000000E+000  0.000000000000000E+000  0.000000000000000E+000
  0.000000000000000E+000  0.000000000000000E+000  0.000000000000000E+000
  0.000000000000000E+000  0.000000000000000E+000  0.000000000000000E+000
  2.630159999999999E-003  0.000000000000000E+000  0.000000000000000E+000
   1.61886108000000       2.172658000000000E-002  1.160000000000000E-006
  1.791600000000000E-004  0.000000000000000E+000  0.000000000000000E+000
  0.000000000000000E+000  0.000000000000000E+000  0.000000000000000E+000
  0.000000000000000E+000  0.000000000000000E+000  0.000000000000000E+000
  0.000000000000000E+000  0.000000000000000E+000  0.000000000000000E+000
  0.000000000000000E+000  0.000000000000000E+000  0.000000000000000E+000
  0.000000000000000E+000  0.000000000000000E+000  0.000000000000000E+000
  0.000000000000000E+000  0.000000000000000E+000  0.000000000000000E+000
  2.047200000000000E-004  0.000000000000000E+000  0.000000000000000E+000
  0.535567680000000       2.496380000000001E-003  0.000000000000000E+000
   1.25166828000000       1.234804000000000E-002  1.538000000000000E-005
  0.000000000000000E+000  0.000000000000000E+000  0.000000000000000E+000
  0.000000000000000E+000  0.000000000000000E+000  0.000000000000000E+000
  0.000000000000000E+000  0.000000000000000E+000  0.000000000000000E+000
  0.000000000000000E+000  0.000000000000000E+000  0.000000000000000E+000
  0.000000000000000E+000  0.000000000000000E+000  0.000000000000000E+000
  1.070280000000000E-003  0.000000000000000E+000  0.000000000000000E+000
  8.131920000000001E-003  0.000000000000000E+000  0.000000000000000E+000
  0.223955880000000       5.420399999999999E-004  0.000000000000000E+000
   10.3088802000000       0.305653400000000       1.800000000000000E-007
  5.300952000000000E-002  0.000000000000000E+000  0.000000000000000E+000
  0.000000000000000E+000  0.000000000000000E+000  0.000000000000000E+000
  0.000000000000000E+000  0.000000000000000E+000  0.000000000000000E+000
  2.112648000000000E-002  0.000000000000000E+000  0.000000000000000E+000
  3.551267999999999E-002  0.000000000000000E+000  0.000000000000000E+000
  5.972076000000000E-002  0.000000000000000E+000  0.000000000000000E+000
  0.138371880000000       0.000000000000000E+000  0.000000000000000E+000
  0.914944800000000       4.411480000000001E-003  0.000000000000000E+000
   9.68211432000000       0.127961260000000       7.200000000000000E-007
   6.17784936000000       8.808700000000001E-003  0.000000000000000E+000
  8.742407999999999E-002  0.000000000000000E+000  0.000000000000000E+000
  0.000000000000000E+000  0.000000000000000E+000  0.000000000000000E+000
  0.000000000000000E+000  0.000000000000000E+000  0.000000000000000E+000
   1.95849588000000       2.315320000000000E-003  0.000000000000000E+000
   1.82082504000000       1.373560000000000E-003  0.000000000000000E+000
   2.62316604000000       5.600839999999999E-003  0.000000000000000E+000
   4.58623716000000       8.328620000000000E-003  0.000000000000000E+000
   12.2940819600000       3.443480000000000E-002  0.000000000000000E+000
   22.9889542800000       7.082540000000001E-002  0.000000000000000E+000
   4.98235200000000       0.000000000000000E+000  0.000000000000000E+000
  0.239202000000000       0.000000000000000E+000  0.000000000000000E+000
  0.000000000000000E+000  0.000000000000000E+000  0.000000000000000E+000
  0.000000000000000E+000  0.000000000000000E+000  0.000000000000000E+000
   9.86724060000000       0.000000000000000E+000  0.000000000000000E+000
   9.41252376000000       1.083718000000000E-002  0.000000000000000E+000
   12.5699685600000       2.120040000000000E-003  0.000000000000000E+000
   16.0585214400000       1.960460000000000E-003  0.000000000000000E+000
   18.5545666800000       9.922839999999999E-003  0.000000000000000E+000
   16.4547330000000       3.818460000000000E-003  0.000000000000000E+000
   2.75257632000000       0.000000000000000E+000  0.000000000000000E+000
  5.342280000000000E-003  0.000000000000000E+000  0.000000000000000E+000
  0.000000000000000E+000  0.000000000000000E+000  0.000000000000000E+000
  4.224972000000000E-002  0.000000000000000E+000  0.000000000000000E+000
   13.7184384000000       9.589000000000000E-003  0.000000000000000E+000
   12.7129994400000       1.295460000000000E-003  0.000000000000000E+000
   15.1437148800000       0.000000000000000E+000  0.000000000000000E+000
   16.3325476800000       5.707600000000000E-004  0.000000000000000E+000
   16.0943476800000       6.087280000000000E-003  0.000000000000000E+000
   18.1082556000000       0.000000000000000E+000  0.000000000000000E+000
   2.93889036000000       0.000000000000000E+000  0.000000000000000E+000
  0.238021440000000       0.000000000000000E+000  0.000000000000000E+000
  6.332520000000000E-003  0.000000000000000E+000  0.000000000000000E+000
  5.723400000000000E-003  0.000000000000000E+000  0.000000000000000E+000
  0.000000000000000E+000  0.000000000000000E+000  0.000000000000000E+000
  0.000000000000000E+000  0.000000000000000E+000  0.000000000000000E+000
  0.000000000000000E+000  0.000000000000000E+000  0.000000000000000E+000
  0.000000000000000E+000  0.000000000000000E+000  0.000000000000000E+000
  0.000000000000000E+000  0.000000000000000E+000  0.000000000000000E+000
  0.000000000000000E+000  0.000000000000000E+000  0.000000000000000E+000
  0.000000000000000E+000  0.000000000000000E+000  0.000000000000000E+000
  0.000000000000000E+000  0.000000000000000E+000  0.000000000000000E+000
  5.297387999999998E-002  2.878000000000000E-005  0.000000000000000E+000
  0.529200600000000       2.320660000000000E-003  3.500000000000000E-006
  0.000000000000000E+000  0.000000000000000E+000  0.000000000000000E+000
  0.000000000000000E+000  0.000000000000000E+000  0.000000000000000E+000
  0.000000000000000E+000  0.000000000000000E+000  0.000000000000000E+000
  0.000000000000000E+000  0.000000000000000E+000  0.000000000000000E+000
  0.000000000000000E+000  0.000000000000000E+000  0.000000000000000E+000
  0.000000000000000E+000  0.000000000000000E+000  0.000000000000000E+000
  4.440000000000000E-006  0.000000000000000E+000  0.000000000000000E+000
  1.986972000000000E-002  0.000000000000000E+000  0.000000000000000E+000
  0.991870560000000       8.468600000000000E-003  1.040000000000000E-006
  1.032132000000000E-002  0.000000000000000E+000  0.000000000000000E+000
  0.000000000000000E+000  0.000000000000000E+000  0.000000000000000E+000
  0.000000000000000E+000  0.000000000000000E+000  0.000000000000000E+000
  0.000000000000000E+000  0.000000000000000E+000  0.000000000000000E+000
  0.000000000000000E+000  0.000000000000000E+000  0.000000000000000E+000
  0.000000000000000E+000  0.000000000000000E+000  0.000000000000000E+000
  0.000000000000000E+000  0.000000000000000E+000  0.000000000000000E+000
  2.600400000000000E-003  0.000000000000000E+000  0.000000000000000E+000
   1.56650124000000       1.885496000000000E-002  2.800000000000000E-007
  5.268480000000000E-002  0.000000000000000E+000  0.000000000000000E+000
  0.000000000000000E+000  0.000000000000000E+000  0.000000000000000E+000
  0.000000000000000E+000  0.000000000000000E+000  0.000000000000000E+000
  0.000000000000000E+000  0.000000000000000E+000  0.000000000000000E+000
  0.000000000000000E+000  0.000000000000000E+000  0.000000000000000E+000
  0.000000000000000E+000  0.000000000000000E+000  0.000000000000000E+000
  0.000000000000000E+000  0.000000000000000E+000  0.000000000000000E+000
  1.993200000000000E-003  0.000000000000000E+000  0.000000000000000E+000
  0.468497280000000       1.743840000000000E-003  0.000000000000000E+000
   1.71682956000000       6.473199999999999E-003  1.720000000000000E-006
  7.452000000000000E-004  0.000000000000000E+000  0.000000000000000E+000
  0.000000000000000E+000  0.000000000000000E+000  0.000000000000000E+000
  2.854800000000000E-004  0.000000000000000E+000  0.000000000000000E+000
  0.000000000000000E+000  0.000000000000000E+000  0.000000000000000E+000
  0.000000000000000E+000  0.000000000000000E+000  0.000000000000000E+000
  2.760000000000000E-004  0.000000000000000E+000  0.000000000000000E+000
  7.724520000000000E-003  0.000000000000000E+000  0.000000000000000E+000
  0.252507120000000       9.675399999999999E-004  0.000000000000000E+000
   10.1790094800000       0.299028180000000       5.559999999999999E-006
  6.236016000000000E-002  0.000000000000000E+000  0.000000000000000E+000
  0.000000000000000E+000  0.000000000000000E+000  0.000000000000000E+000
  0.000000000000000E+000  0.000000000000000E+000  0.000000000000000E+000
  2.992800000000000E-002  0.000000000000000E+000  0.000000000000000E+000
  4.402008000000001E-002  0.000000000000000E+000  0.000000000000000E+000
  3.812891999999999E-002  0.000000000000000E+000  0.000000000000000E+000
  6.412020000000000E-002  0.000000000000000E+000  0.000000000000000E+000
  0.832898280000000       4.518120000000000E-003  0.000000000000000E+000
   9.02615556000000       0.116054980000000       1.800000000000000E-007
   5.37249108000000       1.572120000000000E-002  0.000000000000000E+000
  4.426140000000000E-002  0.000000000000000E+000  0.000000000000000E+000
  0.000000000000000E+000  0.000000000000000E+000  0.000000000000000E+000
  0.000000000000000E+000  0.000000000000000E+000  0.000000000000000E+000
   2.04499188000000       1.888540000000000E-003  0.000000000000000E+000
   2.46288948000000       5.663980000000001E-003  0.000000000000000E+000
   2.41893936000000       1.803920000000000E-003  0.000000000000000E+000
   3.93376044000000       1.408668000000000E-002  0.000000000000000E+000
   12.8013409200000       6.287042000000001E-002  9.079999999999999E-006
   19.4684319600000       2.982184000000000E-002  0.000000000000000E+000
   4.82522640000000       0.000000000000000E+000  0.000000000000000E+000
  0.101734920000000       0.000000000000000E+000  0.000000000000000E+000
  0.000000000000000E+000  0.000000000000000E+000  0.000000000000000E+000
  0.000000000000000E+000  0.000000000000000E+000  0.000000000000000E+000
   8.82615900000000       1.137432000000000E-002  0.000000000000000E+000
   10.8379444800000       2.801840000000000E-003  0.000000000000000E+000
   12.2012126400000       1.984780000000000E-003  0.000000000000000E+000
   16.7314568400000       1.416342000000000E-002  0.000000000000000E+000
   20.6724348000000       9.717040000000000E-003  0.000000000000000E+000
   16.9509204000000       0.000000000000000E+000  0.000000000000000E+000
   4.49347056000000       0.000000000000000E+000  0.000000000000000E+000
  0.000000000000000E+000  0.000000000000000E+000  0.000000000000000E+000
  0.000000000000000E+000  0.000000000000000E+000  0.000000000000000E+000
  3.688800000000000E-003  0.000000000000000E+000  0.000000000000000E+000
   12.7235896800000       0.000000000000000E+000  0.000000000000000E+000
   14.0597436000000       0.000000000000000E+000  0.000000000000000E+000
   14.7022663200000       1.960100000000000E-003  0.000000000000000E+000
   17.2603426800000       0.000000000000000E+000  0.000000000000000E+000
   18.1483881600000       8.428200000000000E-004  0.000000000000000E+000
   16.3464027600000       0.000000000000000E+000  0.000000000000000E+000
   2.74303428000000       0.000000000000000E+000  0.000000000000000E+000
  3.090324000000000E-002  0.000000000000000E+000  0.000000000000000E+000
  7.565688000000000E-002  0.000000000000000E+000  0.000000000000000E+000
  0.215966040000000       0.000000000000000E+000  0.000000000000000E+000
  0.000000000000000E+000  0.000000000000000E+000  0.000000000000000E+000
  0.000000000000000E+000  0.000000000000000E+000  0.000000000000000E+000
  0.000000000000000E+000  0.000000000000000E+000  0.000000000000000E+000
  0.000000000000000E+000  0.000000000000000E+000  0.000000000000000E+000
  0.000000000000000E+000  0.000000000000000E+000  0.000000000000000E+000
  0.000000000000000E+000  0.000000000000000E+000  0.000000000000000E+000
  0.000000000000000E+000  0.000000000000000E+000  0.000000000000000E+000
  8.208000000000000E-005  0.000000000000000E+000  0.000000000000000E+000
  5.443211999999997E-002  2.940000000000000E-005  0.000000000000000E+000
  0.519065040000000       2.229239999999999E-003  2.960000000000000E-006
  0.000000000000000E+000  0.000000000000000E+000  0.000000000000000E+000
  0.000000000000000E+000  0.000000000000000E+000  0.000000000000000E+000
  0.000000000000000E+000  0.000000000000000E+000  0.000000000000000E+000
  0.000000000000000E+000  0.000000000000000E+000  0.000000000000000E+000
  0.000000000000000E+000  0.000000000000000E+000  0.000000000000000E+000
  0.000000000000000E+000  0.000000000000000E+000  0.000000000000000E+000
  7.476000000000000E-005  0.000000000000000E+000  0.000000000000000E+000
  1.563144000000000E-002  0.000000000000000E+000  0.000000000000000E+000
   1.04286648000000       9.554199999999999E-003  4.800000000000001E-007
  0.000000000000000E+000  0.000000000000000E+000  0.000000000000000E+000
  0.000000000000000E+000  0.000000000000000E+000  0.000000000000000E+000
  0.000000000000000E+000  0.000000000000000E+000  0.000000000000000E+000
  0.000000000000000E+000  0.000000000000000E+000  0.000000000000000E+000
  0.000000000000000E+000  0.000000000000000E+000  0.000000000000000E+000
  0.000000000000000E+000  0.000000000000000E+000  0.000000000000000E+000
  0.000000000000000E+000  0.000000000000000E+000  0.000000000000000E+000
  9.601200000000000E-004  0.000000000000000E+000  0.000000000000000E+000
   1.53279264000000       1.993762000000000E-002  0.000000000000000E+000
  4.316940000000000E-002  0.000000000000000E+000  0.000000000000000E+000
  0.000000000000000E+000  0.000000000000000E+000  0.000000000000000E+000
  0.000000000000000E+000  0.000000000000000E+000  0.000000000000000E+000
  0.000000000000000E+000  0.000000000000000E+000  0.000000000000000E+000
  0.000000000000000E+000  0.000000000000000E+000  0.000000000000000E+000
  0.000000000000000E+000  0.000000000000000E+000  0.000000000000000E+000
  0.000000000000000E+000  0.000000000000000E+000  0.000000000000000E+000
  2.002800000000000E-004  0.000000000000000E+000  0.000000000000000E+000
  0.503392800000000       2.620580000000001E-003  0.000000000000000E+000
   1.45433772000000       5.225580000000001E-003  0.000000000000000E+000
  0.000000000000000E+000  0.000000000000000E+000  0.000000000000000E+000
  1.327800000000000E-003  0.000000000000000E+000  0.000000000000000E+000
  0.000000000000000E+000  0.000000000000000E+000  0.000000000000000E+000
  0.000000000000000E+000  0.000000000000000E+000  0.000000000000000E+000
  0.000000000000000E+000  0.000000000000000E+000  0.000000000000000E+000
  8.275199999999999E-004  0.000000000000000E+000  0.000000000000000E+000
  3.533760000000000E-003  0.000000000000000E+000  0.000000000000000E+000
  0.236793000000000       4.053600000000001E-004  0.000000000000000E+000
   9.92068176000000       0.329983000000000       1.180000000000000E-006
  0.000000000000000E+000  0.000000000000000E+000  0.000000000000000E+000
  0.000000000000000E+000  0.000000000000000E+000  0.000000000000000E+000
  0.000000000000000E+000  0.000000000000000E+000  0.000000000000000E+000
  3.379992000000000E-002  0.000000000000000E+000  0.000000000000000E+000
  7.038840000000000E-002  0.000000000000000E+000  0.000000000000000E+000
  7.327200000000000E-002  0.000000000000000E+000  0.000000000000000E+000
  0.216425520000000       9.460000000000001E-006  0.000000000000000E+000
  0.878870280000000       3.124060000000001E-003  0.000000000000000E+000
   9.62946804000000       0.157997840000000       0.000000000000000E+000
   6.33534876000000       1.169494000000000E-002  0.000000000000000E+000
  0.119918400000000       0.000000000000000E+000  0.000000000000000E+000
  0.000000000000000E+000  0.000000000000000E+000  0.000000000000000E+000
  0.000000000000000E+000  0.000000000000000E+000  0.000000000000000E+000
   2.17092192000000       1.547020000000000E-003  0.000000000000000E+000
   1.78659096000000       1.244000000000000E-004  0.000000000000000E+000
   2.48739396000000       5.140160000000000E-003  0.000000000000000E+000
   4.54997076000000       1.498280000000000E-002  0.000000000000000E+000
   11.8919332800000       6.240320000000001E-002  0.000000000000000E+000
   21.9824534400000       6.029458000000001E-002  0.000000000000000E+000
   5.42166864000000       0.000000000000000E+000  0.000000000000000E+000
  0.000000000000000E+000  0.000000000000000E+000  0.000000000000000E+000
  0.000000000000000E+000  0.000000000000000E+000  0.000000000000000E+000
  0.000000000000000E+000  0.000000000000000E+000  0.000000000000000E+000
   10.0594299600000       6.693540000000000E-003  0.000000000000000E+000
   10.8214842000000       3.747480000000000E-003  0.000000000000000E+000
   10.8520478400000       3.400000000000000E-007  0.000000000000000E+000
   15.2346278400000       5.463560000000001E-003  0.000000000000000E+000
   20.2541562000000       3.996400000000001E-003  0.000000000000000E+000
   15.1476416400000       1.168400000000000E-004  0.000000000000000E+000
   3.78033000000000       0.000000000000000E+000  0.000000000000000E+000
  0.235273080000000       0.000000000000000E+000  0.000000000000000E+000
  0.000000000000000E+000  0.000000000000000E+000  0.000000000000000E+000
  0.000000000000000E+000  0.000000000000000E+000  0.000000000000000E+000
   12.8851611600000       0.000000000000000E+000  0.000000000000000E+000
   12.3845810400000       4.403540000000000E-003  0.000000000000000E+000
   13.9055918400000       8.260000000000001E-006  0.000000000000000E+000
   12.9630038400000       0.000000000000000E+000  0.000000000000000E+000
   18.2715414000000       0.000000000000000E+000  0.000000000000000E+000
   12.7406608800000       4.000000000000000E-008  0.000000000000000E+000
   2.41499520000000       0.000000000000000E+000  0.000000000000000E+000
  1.863504000000000E-002  0.000000000000000E+000  0.000000000000000E+000
  0.000000000000000E+000  0.000000000000000E+000  0.000000000000000E+000
  7.601484000000000E-002  0.000000000000000E+000  0.000000000000000E+000
  0.000000000000000E+000  0.000000000000000E+000  0.000000000000000E+000
  0.000000000000000E+000  0.000000000000000E+000  0.000000000000000E+000
  0.000000000000000E+000  0.000000000000000E+000  0.000000000000000E+000
  0.000000000000000E+000  0.000000000000000E+000  0.000000000000000E+000
  0.000000000000000E+000  0.000000000000000E+000  0.000000000000000E+000
  0.000000000000000E+000  0.000000000000000E+000  0.000000000000000E+000
  0.000000000000000E+000  0.000000000000000E+000  0.000000000000000E+000
  8.424000000000001E-005  0.000000000000000E+000  0.000000000000000E+000
  5.313263999999998E-002  6.240000000000000E-006  0.000000000000000E+000
  0.554570040000000       2.212620000000000E-003  1.440000000000000E-006
  0.000000000000000E+000  0.000000000000000E+000  0.000000000000000E+000
  0.000000000000000E+000  0.000000000000000E+000  0.000000000000000E+000
  0.000000000000000E+000  0.000000000000000E+000  0.000000000000000E+000
  0.000000000000000E+000  0.000000000000000E+000  0.000000000000000E+000
  0.000000000000000E+000  0.000000000000000E+000  0.000000000000000E+000
  0.000000000000000E+000  0.000000000000000E+000  0.000000000000000E+000
  0.000000000000000E+000  0.000000000000000E+000  0.000000000000000E+000
  2.063844000000001E-002  8.600000000000000E-007  0.000000000000000E+000
   1.04499468000000       9.480100000000002E-003  5.180000000000000E-006
  1.317600000000000E-003  0.000000000000000E+000  0.000000000000000E+000
  0.000000000000000E+000  0.000000000000000E+000  0.000000000000000E+000
  0.000000000000000E+000  0.000000000000000E+000  0.000000000000000E+000
  0.000000000000000E+000  0.000000000000000E+000  0.000000000000000E+000
  0.000000000000000E+000  0.000000000000000E+000  0.000000000000000E+000
  0.000000000000000E+000  0.000000000000000E+000  0.000000000000000E+000
  0.000000000000000E+000  0.000000000000000E+000  0.000000000000000E+000
  3.242400000000000E-003  0.000000000000000E+000  0.000000000000000E+000
   1.57593792000000       1.907512000000000E-002  5.920000000000000E-006
  4.656000000000000E-005  0.000000000000000E+000  0.000000000000000E+000
  0.000000000000000E+000  0.000000000000000E+000  0.000000000000000E+000
  0.000000000000000E+000  0.000000000000000E+000  0.000000000000000E+000
  0.000000000000000E+000  0.000000000000000E+000  0.000000000000000E+000
  0.000000000000000E+000  0.000000000000000E+000  0.000000000000000E+000
  0.000000000000000E+000  0.000000000000000E+000  0.000000000000000E+000
  0.000000000000000E+000  0.000000000000000E+000  0.000000000000000E+000
  3.126000000000000E-003  0.000000000000000E+000  0.000000000000000E+000
  0.459429000000000       1.688440000000000E-003  0.000000000000000E+000
   1.65578820000000       6.839099999999998E-003  0.000000000000000E+000
  0.000000000000000E+000  0.000000000000000E+000  0.000000000000000E+000
  0.000000000000000E+000  0.000000000000000E+000  0.000000000000000E+000
  0.000000000000000E+000  0.000000000000000E+000  0.000000000000000E+000
  0.000000000000000E+000  0.000000000000000E+000  0.000000000000000E+000
  5.264400000000000E-004  0.000000000000000E+000  0.000000000000000E+000
  6.960000000000000E-006  0.000000000000000E+000  0.000000000000000E+000
  1.121220000000000E-002  0.000000000000000E+000  0.000000000000000E+000
  0.229756800000000       1.487200000000000E-003  0.000000000000000E+000
   10.0693920000000       0.303393520000000       1.536000000000000E-005
  0.110861280000000       0.000000000000000E+000  0.000000000000000E+000
  0.119985360000000       0.000000000000000E+000  0.000000000000000E+000
  0.000000000000000E+000  0.000000000000000E+000  0.000000000000000E+000
  1.239312000000000E-002  0.000000000000000E+000  0.000000000000000E+000
  2.807640000000000E-002  0.000000000000000E+000  0.000000000000000E+000
  2.205528000000000E-002  0.000000000000000E+000  0.000000000000000E+000
  9.945432000000000E-002  0.000000000000000E+000  0.000000000000000E+000
  0.789941760000000       3.187500000000000E-003  0.000000000000000E+000
   9.71856876000000       0.120613560000000       0.000000000000000E+000
   4.87137192000000       1.930340000000000E-002  0.000000000000000E+000
  0.239675280000000       0.000000000000000E+000  0.000000000000000E+000
  0.000000000000000E+000  0.000000000000000E+000  0.000000000000000E+000
  0.000000000000000E+000  0.000000000000000E+000  0.000000000000000E+000
   1.77346056000000       5.052719999999999E-003  0.000000000000000E+000
   1.53455532000000       2.074280000000000E-003  0.000000000000000E+000
   2.29149264000000       3.287220000000000E-003  0.000000000000000E+000
   4.35241296000000       1.179242000000000E-002  0.000000000000000E+000
   12.5022348000000       3.664098000000000E-002  0.000000000000000E+000
   20.7839808000000       3.356592000000000E-002  0.000000000000000E+000
   4.60736100000000       7.218780000000000E-003  0.000000000000000E+000
  0.000000000000000E+000  0.000000000000000E+000  0.000000000000000E+000
  0.000000000000000E+000  0.000000000000000E+000  0.000000000000000E+000
  0.000000000000000E+000  0.000000000000000E+000  0.000000000000000E+000
   10.1745597600000       1.940000000000000E-005  0.000000000000000E+000
   11.1099267600000       3.955380000000000E-003  0.000000000000000E+000
   12.2685410400000       7.211660000000000E-003  0.000000000000000E+000
   15.4099137600000       1.102662000000000E-002  0.000000000000000E+000
   17.9104612800000       8.930620000000000E-003  0.000000000000000E+000
   19.1148018000000       7.788199999999999E-003  0.000000000000000E+000
   3.08105724000000       0.000000000000000E+000  0.000000000000000E+000
  0.000000000000000E+000  0.000000000000000E+000  0.000000000000000E+000
  0.000000000000000E+000  0.000000000000000E+000  0.000000000000000E+000
  0.000000000000000E+000  0.000000000000000E+000  0.000000000000000E+000
   12.9119967600000       7.831380000000001E-003  0.000000000000000E+000
   15.4109048400000       0.000000000000000E+000  0.000000000000000E+000
   12.4862672400000       4.426400000000001E-004  0.000000000000000E+000
   14.2533600000000       3.600000000000000E-007  0.000000000000000E+000
   18.6620574000000       6.509400000000000E-004  0.000000000000000E+000
   14.7275098800000       0.000000000000000E+000  0.000000000000000E+000
   3.49285164000000       0.000000000000000E+000  0.000000000000000E+000
  0.120000000000000       0.000000000000000E+000  0.000000000000000E+000
  8.663124000000000E-002  0.000000000000000E+000  0.000000000000000E+000
  5.565012000000000E-002  0.000000000000000E+000  0.000000000000000E+000
