  6.220031999999999E-002  2.149999999999999E-005  0.000000000000000E+000
  6.573180000000001E-002  4.583999999999999E-005  0.000000000000000E+000
  6.426096000000001E-002  3.054000000000000E-005  0.000000000000000E+000
  7.070328000000001E-002  3.103999999999999E-005  0.000000000000000E+000
  7.615008000000001E-002  2.296000000000000E-005  0.000000000000000E+000
  9.304188000000002E-002  8.082000000000000E-005  0.000000000000000E+000
  0.120240720000000       1.347000000000000E-004  1.400000000000000E-007
  0.159704760000000       1.879600000000000E-004  2.600000000000000E-007
  0.200823600000000       3.036199999999999E-004  1.320000000000000E-006
  0.225594480000000       4.129600000000000E-004  2.360000000000000E-006
  3.322200000000000E-003  0.000000000000000E+000  0.000000000000000E+000
  2.627400000000000E-003  0.000000000000000E+000  0.000000000000000E+000
  2.623080000000000E-003  0.000000000000000E+000  0.000000000000000E+000
  3.606480000000000E-003  0.000000000000000E+000  0.000000000000000E+000
  4.114440000000000E-003  1.080000000000000E-006  0.000000000000000E+000
  8.639519999999998E-003  2.000000000000000E-008  0.000000000000000E+000
  2.012831999999999E-002  7.300000000000000E-006  0.000000000000000E+000
  5.338319999999998E-002  2.658000000000000E-005  0.000000000000000E+000
  0.125365560000000       1.244000000000000E-004  3.200000000000000E-007
  0.203880480000000       3.974800000000001E-004  4.600000000000000E-007
  9.048000000000000E-005  0.000000000000000E+000  0.000000000000000E+000
  5.868000000000000E-005  0.000000000000000E+000  0.000000000000000E+000
  5.136000000000000E-005  0.000000000000000E+000  0.000000000000000E+000
  1.273200000000000E-004  0.000000000000000E+000  0.000000000000000E+000
  1.824000000000000E-004  0.000000000000000E+000  0.000000000000000E+000
  5.444400000000000E-004  0.000000000000000E+000  0.000000000000000E+000
  2.997360000000000E-003  0.000000000000000E+000  0.000000000000000E+000
  1.429716000000000E-002  1.980000000000000E-006  0.000000000000000E+000
  7.086611999999999E-002  2.938000000000001E-005  0.000000000000000E+000
  0.178274880000000       2.411800000000000E-004  9.000000000000000E-007
  5.280000000000000E-006  0.000000000000000E+000  0.000000000000000E+000
  0.000000000000000E+000  0.000000000000000E+000  0.000000000000000E+000
  5.040000000000000E-006  0.000000000000000E+000  0.000000000000000E+000
  0.000000000000000E+000  0.000000000000000E+000  0.000000000000000E+000
  0.000000000000000E+000  0.000000000000000E+000  0.000000000000000E+000
  3.480000000000000E-005  0.000000000000000E+000  0.000000000000000E+000
  1.520400000000000E-004  0.000000000000000E+000  0.000000000000000E+000
  4.093440000000000E-003  0.000000000000000E+000  0.000000000000000E+000
  3.715176000000000E-002  1.900000000000000E-005  0.000000000000000E+000
  0.144753360000000       1.404800000000000E-004  1.800000000000000E-007
  0.000000000000000E+000  0.000000000000000E+000  0.000000000000000E+000
  0.000000000000000E+000  0.000000000000000E+000  0.000000000000000E+000
  0.000000000000000E+000  0.000000000000000E+000  0.000000000000000E+000
  0.000000000000000E+000  0.000000000000000E+000  0.000000000000000E+000
  0.000000000000000E+000  0.000000000000000E+000  0.000000000000000E+000
  0.000000000000000E+000  0.000000000000000E+000  0.000000000000000E+000
  3.396000000000000E-005  0.000000000000000E+000  0.000000000000000E+000
  8.896799999999999E-004  0.000000000000000E+000  0.000000000000000E+000
  2.151875999999999E-002  3.400000000000000E-007  0.000000000000000E+000
  0.118086120000000       1.046200000000000E-004  8.000000000000000E-008
  0.775101960000000       4.812860000000000E-003  6.000000000000001E-008
  0.780304320000000       5.442399999999998E-003  4.920000000000000E-006
  0.787544160000000       5.131620000000000E-003  6.880000000000001E-006
  0.816946560000000       5.144659999999999E-003  1.320000000000000E-006
  0.853461240000000       6.115520000000000E-003  1.294000000000000E-005
  0.786947040000000       5.449079999999999E-003  7.900000000000001E-006
  0.246841080000000       6.779800000000000E-004  0.000000000000000E+000
  5.255868000000002E-002  8.144000000000001E-005  0.000000000000000E+000
  3.450419999999999E-002  5.728000000000001E-005  0.000000000000000E+000
  4.221179999999999E-002  2.300000000000000E-005  0.000000000000000E+000
  7.596432000000000E-002  1.502000000000000E-005  0.000000000000000E+000
  7.541004000000000E-002  4.294000000000000E-005  0.000000000000000E+000
  8.262936000000000E-002  9.182000000000001E-005  0.000000000000000E+000
  9.189431999999999E-002  6.225999999999999E-005  0.000000000000000E+000
  0.112737840000000       8.763999999999999E-005  4.000000000000000E-007
  0.165061440000000       2.258400000000000E-004  0.000000000000000E+000
  0.345598200000000       7.129800000000000E-004  0.000000000000000E+000
  0.627901560000000       2.962079999999999E-003  5.099999999999999E-006
  5.539812000000002E-002  6.051999999999999E-005  4.000000000000000E-008
  4.707900000000001E-002  6.878000000000002E-005  5.200000000000000E-007
  4.512000000000001E-003  0.000000000000000E+000  0.000000000000000E+000
  4.048080000000001E-003  4.000000000000000E-008  0.000000000000000E+000
  5.169600000000000E-003  0.000000000000000E+000  0.000000000000000E+000
  5.336639999999998E-003  0.000000000000000E+000  0.000000000000000E+000
  9.114000000000001E-003  1.480000000000000E-006  0.000000000000000E+000
  2.063736000000000E-002  8.400000000000001E-007  0.000000000000000E+000
  6.865355999999999E-002  5.632000000000000E-005  0.000000000000000E+000
  0.285164640000000       7.063400000000002E-004  3.200000000000000E-007
  0.237465600000000       9.040200000000001E-004  2.000000000000000E-007
  3.243708000000000E-002  8.520000000000000E-005  0.000000000000000E+000
  1.077600000000000E-004  0.000000000000000E+000  0.000000000000000E+000
  3.003600000000000E-004  0.000000000000000E+000  0.000000000000000E+000
  3.308399999999999E-004  0.000000000000000E+000  0.000000000000000E+000
  3.486000000000000E-004  0.000000000000000E+000  0.000000000000000E+000
  7.545600000000000E-004  0.000000000000000E+000  0.000000000000000E+000
  2.077440000000000E-003  0.000000000000000E+000  0.000000000000000E+000
  1.334676000000000E-002  3.400000000000000E-007  0.000000000000000E+000
  0.105186840000000       4.522000000000000E-005  0.000000000000000E+000
  0.499463400000000       2.074280000000000E-003  2.260000000000000E-006
  2.629956000000000E-002  2.672000000000000E-005  0.000000000000000E+000
  0.000000000000000E+000  0.000000000000000E+000  0.000000000000000E+000
  7.116000000000000E-005  0.000000000000000E+000  0.000000000000000E+000
  3.696000000000000E-005  0.000000000000000E+000  0.000000000000000E+000
  2.160000000000000E-006  0.000000000000000E+000  0.000000000000000E+000
  1.824000000000000E-005  0.000000000000000E+000  0.000000000000000E+000
  3.126000000000000E-004  0.000000000000000E+000  0.000000000000000E+000
  2.168640000000000E-003  0.000000000000000E+000  0.000000000000000E+000
  3.262884000000000E-002  3.280000000000000E-006  0.000000000000000E+000
  0.367004280000000       1.148260000000000E-003  2.460000000000000E-006
  2.778204000000001E-002  1.686000000000000E-005  0.000000000000000E+000
   1.53272256000000       1.871518000000000E-002  9.399999999999999E-007
   1.52009304000000       1.855964000000000E-002  4.460000000000000E-006
   1.46350368000000       1.793882000000000E-002  4.959999999999999E-006
   1.23134232000000       1.366142000000000E-002  5.300000000000000E-006
  0.927668880000000       7.438960000000000E-003  5.480000000000000E-006
  0.355251840000000       1.784380000000000E-003  3.740000000000000E-006
  0.181835760000000       4.372800000000000E-004  1.600000000000000E-007
  9.908916000000004E-002  1.253000000000000E-004  0.000000000000000E+000
  6.417419999999999E-002  1.456200000000000E-004  0.000000000000000E+000
  8.984124000000003E-002  1.842800000000000E-004  0.000000000000000E+000
  0.974778960000000       8.517040000000002E-003  4.760000000000000E-006
   1.00869744000000       7.728020000000002E-003  1.020000000000000E-006
   1.02489024000000       7.235660000000000E-003  0.000000000000000E+000
   1.08956532000000       8.900280000000000E-003  9.399999999999999E-007
   1.27682904000000       1.286890000000000E-002  4.400000000000000E-007
   1.59130620000000       2.146820000000000E-002  3.060000000000000E-006
   1.77736596000000       2.605706000000000E-002  1.364000000000000E-005
  0.272325120000000       8.489999999999996E-004  3.460000000000000E-006
  8.371212000000000E-002  2.596200000000000E-004  0.000000000000000E+000
  8.424588000000000E-002  2.489200000000000E-004  0.000000000000000E+000
  9.858024000000003E-002  6.172000000000000E-005  0.000000000000000E+000
  0.110674920000000       1.687800000000000E-004  0.000000000000000E+000
  0.123606240000000       2.514800000000001E-004  0.000000000000000E+000
  0.133349160000000       1.967800000000000E-004  0.000000000000000E+000
  0.208941480000000       2.574000000000001E-004  0.000000000000000E+000
  0.377845200000000       1.412219999999999E-003  0.000000000000000E+000
  0.926036520000000       6.633259999999999E-003  8.000000000000000E-008
   1.37461344000000       1.520040000000000E-002  7.360000000000001E-006
  8.892888000000002E-002  2.938400000000000E-004  0.000000000000000E+000
  7.794983999999999E-002  1.930400000000000E-004  0.000000000000000E+000
  7.007160000000004E-003  0.000000000000000E+000  0.000000000000000E+000
  6.932039999999998E-003  2.800000000000000E-006  0.000000000000000E+000
  7.745400000000002E-003  0.000000000000000E+000  0.000000000000000E+000
  1.031508000000000E-002  0.000000000000000E+000  0.000000000000000E+000
  1.959228000000000E-002  6.240000000000000E-006  0.000000000000000E+000
  5.489460000000001E-002  1.114000000000000E-005  0.000000000000000E+000
  0.248925360000000       4.215200000000000E-004  0.000000000000000E+000
   1.08436572000000       9.947080000000001E-003  1.104000000000000E-005
  0.147665880000000       3.816800000000001E-004  0.000000000000000E+000
  5.869404000000000E-002  2.324600000000000E-004  0.000000000000000E+000
  3.457200000000000E-004  0.000000000000000E+000  0.000000000000000E+000
  2.000400000000000E-004  0.000000000000000E+000  0.000000000000000E+000
  6.406800000000000E-004  0.000000000000000E+000  0.000000000000000E+000
  7.171200000000001E-004  0.000000000000000E+000  0.000000000000000E+000
  1.132200000000000E-003  0.000000000000000E+000  0.000000000000000E+000
  6.261719999999999E-003  0.000000000000000E+000  0.000000000000000E+000
  5.253852000000001E-002  4.014000000000001E-005  0.000000000000000E+000
  0.525027720000000       2.174940000000000E-003  0.000000000000000E+000
  0.225835200000000       6.272000000000000E-004  0.000000000000000E+000
  5.701764000000001E-002  5.758000000000000E-005  1.740000000000000E-006
   1.13397300000000       6.827939999999998E-003  1.514000000000000E-005
   1.15054344000000       7.233680000000001E-003  1.820000000000000E-006
  0.838347960000000       4.180539999999998E-003  6.200000000000000E-006
  0.862291800000000       4.840240000000001E-003  8.000000000000000E-008
  0.598894080000000       3.449679999999999E-003  1.400000000000000E-006
  0.316195560000000       9.048399999999999E-004  2.420000000000000E-006
  0.224531040000000       2.529000000000000E-004  1.800000000000000E-007
  0.157413840000000       5.460600000000000E-004  0.000000000000000E+000
  0.100902120000000       2.864400000000000E-004  0.000000000000000E+000
  7.931087999999999E-002  9.070000000000002E-005  0.000000000000000E+000
   4.68553956000000       0.176137120000000       2.790000000000000E-005
   4.61922276000000       0.173577720000000       2.910000000000000E-005
   4.54446948000000       0.171972060000000       3.262000000000001E-005
   4.62203784000000       0.167181020000000       3.930000000000001E-005
   4.42102980000000       0.153032960000000       2.893999999999999E-005
   3.69100476000000       0.101636200000000       3.024000000000000E-005
   1.73286612000000       2.272525999999999E-002  8.540000000000001E-006
  0.256036680000000       8.889799999999997E-004  0.000000000000000E+000
  0.166609320000000       1.410600000000000E-004  0.000000000000000E+000
  0.107904960000000       1.337200000000000E-004  0.000000000000000E+000
   1.36576392000000       1.493458000000000E-002  9.060000000000000E-006
   1.42775592000000       1.668708000000000E-002  1.800000000000000E-007
   1.49942196000000       1.818945999999999E-002  4.000000000000000E-008
   1.71247392000000       2.431474000000001E-002  4.000000000000000E-006
   2.00949000000000       3.550192000000001E-002  1.080000000000000E-006
   2.97759036000000       7.282728000000001E-002  1.484000000000000E-005
   3.43685016000000       9.265454000000002E-002  6.440000000000000E-006
  0.750173520000000       4.621800000000001E-003  5.960000000000000E-006
  0.184394280000000       3.820800000000001E-004  0.000000000000000E+000
  9.129168000000000E-002  1.546400000000000E-004  0.000000000000000E+000
  0.166777200000000       1.738399999999999E-004  0.000000000000000E+000
  0.177374880000000       2.479200000000000E-004  0.000000000000000E+000
  0.181681080000000       2.399400000000000E-004  0.000000000000000E+000
  0.247136880000000       3.151000000000000E-004  0.000000000000000E+000
  0.380061120000000       1.210740000000000E-003  0.000000000000000E+000
  0.836143560000000       5.367179999999999E-003  5.800000000000000E-007
   2.18604588000000       4.259137999999999E-002  2.442000000000000E-005
   2.27333100000000       4.297106000000001E-002  9.940000000000003E-006
  0.128588640000000       4.019199999999999E-004  0.000000000000000E+000
  8.570939999999999E-002  1.552000000000000E-004  0.000000000000000E+000
  1.605600000000000E-002  6.799999999999999E-007  0.000000000000000E+000
  2.115551999999999E-002  0.000000000000000E+000  0.000000000000000E+000
  1.508039999999999E-002  1.400000000000000E-006  0.000000000000000E+000
  2.247684000000000E-002  2.000000000000000E-008  0.000000000000000E+000
  4.061291999999999E-002  1.408000000000000E-005  0.000000000000000E+000
  0.155896800000000       1.615000000000000E-004  0.000000000000000E+000
  0.790390800000000       5.038159999999999E-003  1.920000000000000E-006
   2.63297304000000       5.692908000000000E-002  1.316000000000000E-005
  0.160756080000000       4.202400000000001E-004  8.000000000000000E-008
  6.978912000000000E-002  1.834200000000000E-004  0.000000000000000E+000
  0.546033600000000       1.250220000000000E-003  0.000000000000000E+000
  0.645491280000000       1.752780000000000E-003  0.000000000000000E+000
  0.564203040000000       1.449480000000000E-003  0.000000000000000E+000
  0.535271400000000       9.808600000000001E-004  0.000000000000000E+000
  0.446627640000000       1.145320000000000E-003  1.300000000000000E-006
  0.169326600000000       1.951800000000000E-004  0.000000000000000E+000
  0.254540400000000       2.617600000000000E-004  0.000000000000000E+000
  0.103810920000000       2.790600000000000E-004  0.000000000000000E+000
  0.116390640000000       3.180400000000000E-004  0.000000000000000E+000
  8.455956000000001E-002  9.715999999999998E-005  0.000000000000000E+000
   4.73515416000000       0.111992160000000       2.020000000000000E-005
   4.75003296000000       0.116100080000000       1.914000000000000E-005
   4.47253764000000       0.103049000000000       6.256000000000000E-005
   4.11809976000000       8.396010000000004E-002  5.320000000000002E-006
   3.41927940000000       5.592819999999998E-002  2.090000000000000E-005
   2.48190168000000       2.940796000000001E-002  1.492000000000000E-005
   1.06182408000000       4.193219999999999E-003  3.700000000000000E-006
  0.184073520000000       2.831000000000000E-004  0.000000000000000E+000
  0.110836560000000       2.584800000000000E-004  0.000000000000000E+000
  5.418732000000000E-002  4.818000000000000E-005  0.000000000000000E+000
   7.10543064000000       0.400707480000000       5.111999999999998E-005
   7.01249904000000       0.381121260000000       2.182000000000000E-005
   6.87379212000000       0.378100620000000       2.638000000000000E-005
   6.94212300000000       0.375863780000000       2.942000000000001E-005
   6.98329920000000       0.366331240000000       3.722000000000001E-005
   5.89914516000000       0.242990560000000       3.244000000000001E-005
   3.33264360000000       6.125601999999998E-002  1.010000000000000E-005
  0.446603880000000       1.541220000000000E-003  7.799999999999999E-007
  0.121322280000000       2.706200000000000E-004  0.000000000000000E+000
  8.393867999999999E-002  1.596800000000000E-004  0.000000000000000E+000
   2.03516496000000       3.613586000000000E-002  0.000000000000000E+000
   2.08821816000000       3.511118000000001E-002  5.600000000000000E-007
   2.39097840000000       4.666296000000000E-002  7.739999999999999E-006
   2.58649080000000       5.204016000000000E-002  6.400000000000000E-007
   3.48342048000000       0.101801140000000       1.270000000000000E-005
   5.16880344000000       0.213731340000000       2.586000000000000E-005
   5.32200972000000       0.211527820000000       5.120000000000000E-005
   1.47079776000000       1.113020000000000E-002  5.459999999999999E-006
  0.116851680000000       2.502200000000000E-004  0.000000000000000E+000
  6.269663999999998E-002  5.914000000000001E-005  0.000000000000000E+000
  0.286567920000000       5.612800000000002E-004  0.000000000000000E+000
  0.308437080000000       6.910400000000000E-004  0.000000000000000E+000
  0.354989760000000       8.654600000000000E-004  3.200000000000000E-007
  0.435612840000000       1.621380000000000E-003  0.000000000000000E+000
  0.720054960000000       3.846420000000001E-003  0.000000000000000E+000
   1.82703456000000       2.719780000000000E-002  1.760000000000000E-006
   4.68169080000000       0.179101660000000       2.660000000000000E-005
   2.79358668000000       4.831718000000002E-002  4.229999999999999E-005
  0.227958120000000       2.265000000000000E-004  0.000000000000000E+000
  0.116322600000000       6.260000000000000E-005  0.000000000000000E+000
  0.298208040000000       1.745600000000000E-004  0.000000000000000E+000
  0.320920200000000       5.000199999999999E-004  0.000000000000000E+000
  0.352553160000000       5.248000000000000E-004  0.000000000000000E+000
  0.335611200000000       4.387000000000000E-004  0.000000000000000E+000
  0.195854040000000       6.626000000000001E-005  0.000000000000000E+000
  0.130620960000000       1.309200000000000E-004  0.000000000000000E+000
  9.620244000000001E-002  7.360000000000000E-006  0.000000000000000E+000
  4.961016000000001E-002  1.718000000000000E-005  0.000000000000000E+000
  3.024684000000000E-002  6.066000000000001E-005  0.000000000000000E+000
  4.004543999999999E-002  1.772000000000000E-005  0.000000000000000E+000
   1.84838052000000       6.978619999999999E-003  1.158000000000000E-005
   1.75692264000000       5.172780000000000E-003  7.900000000000001E-006
   1.81832820000000       6.943779999999999E-003  7.060000000000000E-006
   2.19089508000000       1.249256000000000E-002  0.000000000000000E+000
   1.76134920000000       5.662059999999999E-003  1.220000000000000E-006
   1.19831472000000       3.908839999999999E-003  3.000000000000000E-007
  0.535003920000000       1.296400000000000E-003  0.000000000000000E+000
  0.117384840000000       1.447400000000000E-004  0.000000000000000E+000
  5.589684000000001E-002  0.000000000000000E+000  0.000000000000000E+000
  4.238412000000000E-002  2.858000000000000E-005  0.000000000000000E+000
   6.77150088000000       0.193525580000000       1.238000000000000E-005
   6.60366588000000       0.174269080000000       2.362000000000000E-005
   6.68781504000000       0.159024800000000       6.500000000000000E-006
   5.82867588000000       0.146696700000000       2.428000000000000E-005
   4.35827988000000       5.691470000000000E-002  1.044000000000000E-005
   3.02545644000000       2.478222000000000E-002  1.066000000000000E-005
   1.54154784000000       7.672180000000002E-003  3.400000000000000E-007
  0.289245240000000       2.681800000000000E-004  0.000000000000000E+000
  5.161199999999999E-002  8.418000000000000E-005  0.000000000000000E+000
  4.655615999999999E-002  1.648200000000000E-004  0.000000000000000E+000
   9.75934908000000       0.710432260000000       2.706000000000000E-005
   9.61404792000000       0.671250920000000       2.034000000000000E-005
   9.91772196000000       0.709307260000000       3.356000000000001E-005
   9.92409744000000       0.686523440000000       2.708000000000001E-005
   9.33139704000000       0.575332520000000       2.946000000000000E-005
   7.43127720000000       0.313007900000000       2.326000000000000E-005
   3.24020196000000       4.545480000000000E-002  1.320000000000000E-006
  0.689551320000000       2.323880000000001E-003  4.480000000000000E-006
  7.711907999999998E-002  1.166200000000000E-004  0.000000000000000E+000
  4.168668000000000E-002  1.568000000000000E-005  0.000000000000000E+000
   3.07419936000000       8.091142000000001E-002  3.294000000000000E-005
   3.30905004000000       8.791636000000000E-002  1.172000000000000E-005
   3.41803416000000       9.417514000000000E-002  1.276000000000000E-005
   4.20996876000000       0.144669160000000       1.212000000000000E-005
   5.78571552000000       0.265558860000000       1.492000000000000E-005
   8.31702252000000       0.552294960000000       5.828000000000000E-005
   6.16755276000000       0.219384580000000       7.140000000000001E-006
   1.35565896000000       7.529100000000000E-003  1.600000000000000E-007
  0.117567360000000       1.780800000000000E-004  0.000000000000000E+000
  0.101035320000000       4.200000000000001E-007  0.000000000000000E+000
   1.99837332000000       5.380180000000000E-003  2.000000000000000E-008
   2.17093380000000       3.762680000000000E-003  2.000000000000000E-008
   1.56256956000000       2.783800000000000E-003  0.000000000000000E+000
   1.84024128000000       7.625800000000000E-003  7.200000000000000E-007
   1.62189912000000       5.727420000000000E-003  1.240000000000000E-006
   1.27757784000000       3.344840000000000E-003  0.000000000000000E+000
  0.892050960000000       1.856100000000000E-003  0.000000000000000E+000
  0.102907080000000       1.834000000000000E-004  0.000000000000000E+000
  3.966492000000000E-002  4.712000000000000E-005  0.000000000000000E+000
  3.432108000000000E-002  0.000000000000000E+000  0.000000000000000E+000
   8.56574952000000       0.217300440000000       2.992000000000000E-005
   8.30084052000000       0.176900980000000       3.400000000000000E-007
   8.64887064000000       0.176241640000000       1.014000000000000E-005
   7.20330624000000       0.116425720000000       9.020000000000000E-006
   4.97081964000000       5.467610000000001E-002  1.660000000000000E-005
   2.44304268000000       8.741160000000000E-003  2.840000000000000E-006
   1.65223392000000       4.938120000000000E-003  2.840000000000000E-006
  0.244113720000000       2.318000000000000E-004  0.000000000000000E+000
  4.288980000000001E-002  0.000000000000000E+000  0.000000000000000E+000
  6.981095999999998E-002  0.000000000000000E+000  0.000000000000000E+000
   12.7014027600000        1.02588986000000       3.088000000000000E-005
   12.8039884800000        1.04713386000000       4.985999999999999E-005
   13.0522681200000        1.01971692000000       2.020000000000000E-005
   12.9039661200000       0.972327840000000       2.872000000000000E-005
   11.8103406000000       0.669751660000000       3.786000000000000E-005
   7.92705540000000       0.209190760000000       1.002000000000000E-005
   2.59073880000000       1.807262000000000E-002  7.799999999999999E-007
  0.772509120000000       2.019880000000000E-003  0.000000000000000E+000
  3.712464000000001E-002  7.854000000000000E-005  0.000000000000000E+000
  0.102405240000000       4.804000000000000E-005  0.000000000000000E+000
   11.4412351200000       0.189209600000000       1.624000000000000E-005
   10.6382592000000       0.199208620000000       4.500000000000000E-006
   10.0002032400000       0.175741180000000       3.500000000000000E-006
   8.77580136000000       0.109777540000000       1.480000000000000E-006
   6.43312548000000       3.359979999999999E-002  9.000000000000000E-006
   2.49927576000000       7.103760000000000E-003  4.520000000000000E-006
   1.05099456000000       1.662860000000000E-003  0.000000000000000E+000
  0.266219520000000       4.126599999999999E-004  0.000000000000000E+000
  0.192971040000000       2.698000000000000E-005  0.000000000000000E+000
  0.380705160000000       0.000000000000000E+000  0.000000000000000E+000
