       0.3244E+00       0.4151E+00       0.1193E-01       0.1196E-01
       0.3192E+00       0.4199E+00       0.1130E-01       0.1134E-01
       0.3157E+00       0.4138E+00       0.1100E-01       0.1113E-01
       0.3099E+00       0.3963E+00       0.1151E-01       0.1187E-01
       0.2918E+00       0.3722E+00       0.1240E-01       0.1307E-01
       0.2717E+00       0.3377E+00       0.1321E-01       0.1431E-01
       0.2388E+00       0.2941E+00       0.1337E-01       0.1503E-01
       0.2026E+00       0.2402E+00       0.1246E-01       0.1450E-01
       0.1592E+00       0.1882E+00       0.1061E-01       0.1291E-01
       0.1182E+00       0.1411E+00       0.8332E-02       0.1051E-01
       0.8060E-01       0.9889E-01       0.5845E-02       0.7654E-02
       0.5265E-01       0.6642E-01       0.3807E-02       0.5119E-02
       0.3225E-01       0.4313E-01       0.2290E-02       0.3164E-02
       0.1912E-01       0.2685E-01       0.1307E-02       0.1783E-02
       0.1167E-01       0.1726E-01       0.7697E-03       0.1049E-02
       0.3256E+00       0.4170E+00       0.1187E-01       0.1184E-01
       0.3224E+00       0.4193E+00       0.1132E-01       0.1134E-01
       0.3162E+00       0.4117E+00       0.1096E-01       0.1108E-01
       0.3090E+00       0.3967E+00       0.1152E-01       0.1182E-01
       0.2939E+00       0.3728E+00       0.1239E-01       0.1310E-01
       0.2689E+00       0.3376E+00       0.1322E-01       0.1439E-01
       0.2381E+00       0.2932E+00       0.1332E-01       0.1507E-01
       0.2017E+00       0.2409E+00       0.1250E-01       0.1456E-01
       0.1591E+00       0.1891E+00       0.1066E-01       0.1298E-01
       0.1172E+00       0.1404E+00       0.8184E-02       0.1038E-01
       0.7996E-01       0.9810E-01       0.5737E-02       0.7589E-02
       0.5207E-01       0.6616E-01       0.3778E-02       0.5089E-02
       0.3266E-01       0.4349E-01       0.2304E-02       0.3175E-02
       0.1967E-01       0.2735E-01       0.1335E-02       0.1834E-02
       0.1185E-01       0.1725E-01       0.7582E-03       0.1047E-02
       0.3276E+00       0.4161E+00       0.1193E-01       0.1191E-01
       0.3209E+00       0.4211E+00       0.1132E-01       0.1133E-01
       0.3179E+00       0.4130E+00       0.1093E-01       0.1104E-01
       0.3087E+00       0.3981E+00       0.1150E-01       0.1184E-01
       0.2939E+00       0.3708E+00       0.1241E-01       0.1317E-01
       0.2695E+00       0.3368E+00       0.1322E-01       0.1436E-01
       0.2382E+00       0.2929E+00       0.1337E-01       0.1508E-01
       0.2009E+00       0.2421E+00       0.1248E-01       0.1460E-01
       0.1604E+00       0.1896E+00       0.1072E-01       0.1300E-01
       0.1185E+00       0.1407E+00       0.8335E-02       0.1050E-01
       0.8169E-01       0.9975E-01       0.5828E-02       0.7691E-02
       0.5216E-01       0.6628E-01       0.3742E-02       0.5075E-02
       0.3242E-01       0.4339E-01       0.2306E-02       0.3155E-02
       0.1944E-01       0.2760E-01       0.1310E-02       0.1819E-02
       0.1222E-01       0.1740E-01       0.7901E-03       0.1063E-02
