9.983968501266060613e+00
6.018534611147389329e-02
1.000000000000000000e+01
1.000000000000000000e+01
1.000000000000000000e+01
1.000000000000000000e+01
9.982083452677940727e+00
9.448585066650320385e+00
1.000000000000000000e+01
0.000000000000000000e+00
9.993643208594340521e+00
1.000000000000000000e+01
0.000000000000000000e+00
1.000000000000000000e+01
9.971836339599150278e+00
1.000000000000000000e+01
1.352632779207169955e+00
0.000000000000000000e+00
2.444904219404785053e-03
0.000000000000000000e+00
1.000000000000000000e+01
