  0.000000000000000E+000  0.000000000000000E+000  0.000000000000000E+000
  0.000000000000000E+000  0.000000000000000E+000  0.000000000000000E+000
  0.000000000000000E+000  0.000000000000000E+000  0.000000000000000E+000
  0.000000000000000E+000  0.000000000000000E+000  0.000000000000000E+000
  0.000000000000000E+000  0.000000000000000E+000  0.000000000000000E+000
  0.000000000000000E+000  0.000000000000000E+000  0.000000000000000E+000
  0.000000000000000E+000  0.000000000000000E+000  0.000000000000000E+000
  2.082000000000000E-004  0.000000000000000E+000  0.000000000000000E+000
  4.902408000000000E-002  3.564000000000001E-005  0.000000000000000E+000
  0.559643760000000       2.879360000000000E-003  7.400000000000000E-007
  0.000000000000000E+000  0.000000000000000E+000  0.000000000000000E+000
  0.000000000000000E+000  0.000000000000000E+000  0.000000000000000E+000
  0.000000000000000E+000  0.000000000000000E+000  0.000000000000000E+000
  0.000000000000000E+000  0.000000000000000E+000  0.000000000000000E+000
  0.000000000000000E+000  0.000000000000000E+000  0.000000000000000E+000
  0.000000000000000E+000  0.000000000000000E+000  0.000000000000000E+000
  0.000000000000000E+000  0.000000000000000E+000  0.000000000000000E+000
  1.872816000000000E-002  1.000000000000000E-007  0.000000000000000E+000
   1.06246980000000       9.743699999999999E-003  1.980000000000000E-006
  1.032480000000000E-003  0.000000000000000E+000  0.000000000000000E+000
  0.000000000000000E+000  0.000000000000000E+000  0.000000000000000E+000
  0.000000000000000E+000  0.000000000000000E+000  0.000000000000000E+000
  0.000000000000000E+000  0.000000000000000E+000  0.000000000000000E+000
  0.000000000000000E+000  0.000000000000000E+000  0.000000000000000E+000
  0.000000000000000E+000  0.000000000000000E+000  0.000000000000000E+000
  0.000000000000000E+000  0.000000000000000E+000  0.000000000000000E+000
  2.114640000000000E-003  0.000000000000000E+000  0.000000000000000E+000
   1.59196296000000       1.987604000000000E-002  1.020000000000000E-006
  3.705840000000000E-003  0.000000000000000E+000  0.000000000000000E+000
  0.000000000000000E+000  0.000000000000000E+000  0.000000000000000E+000
  0.000000000000000E+000  0.000000000000000E+000  0.000000000000000E+000
  0.000000000000000E+000  0.000000000000000E+000  0.000000000000000E+000
  0.000000000000000E+000  0.000000000000000E+000  0.000000000000000E+000
  0.000000000000000E+000  0.000000000000000E+000  0.000000000000000E+000
  0.000000000000000E+000  0.000000000000000E+000  0.000000000000000E+000
  1.788600000000000E-003  0.000000000000000E+000  0.000000000000000E+000
  0.427114200000000       1.369860000000000E-003  0.000000000000000E+000
   1.09046604000000       3.169240000000000E-003  1.320000000000000E-006
  7.404636000000001E-002  0.000000000000000E+000  0.000000000000000E+000
  0.000000000000000E+000  0.000000000000000E+000  0.000000000000000E+000
  5.221200000000000E-004  0.000000000000000E+000  0.000000000000000E+000
  0.000000000000000E+000  0.000000000000000E+000  0.000000000000000E+000
  5.400000000000000E-006  0.000000000000000E+000  0.000000000000000E+000
  5.773200000000000E-004  0.000000000000000E+000  0.000000000000000E+000
  6.560160000000001E-003  0.000000000000000E+000  0.000000000000000E+000
  0.209542440000000       1.228600000000000E-004  0.000000000000000E+000
   10.4518953600000       0.355097520000000       1.114000000000000E-005
  0.183872160000000       0.000000000000000E+000  0.000000000000000E+000
  1.332000000000000E-005  0.000000000000000E+000  0.000000000000000E+000
  0.000000000000000E+000  0.000000000000000E+000  0.000000000000000E+000
  2.174916000000000E-002  0.000000000000000E+000  0.000000000000000E+000
  1.854288000000000E-002  0.000000000000000E+000  0.000000000000000E+000
  6.552912000000001E-002  0.000000000000000E+000  0.000000000000000E+000
  8.772492000000001E-002  0.000000000000000E+000  0.000000000000000E+000
  0.847088640000000       2.153580000000000E-003  0.000000000000000E+000
   9.74046432000000       0.109271540000000       7.839999999999999E-006
   4.96953960000000       9.508380000000000E-003  0.000000000000000E+000
  4.382472000000000E-002  0.000000000000000E+000  0.000000000000000E+000
  0.000000000000000E+000  0.000000000000000E+000  0.000000000000000E+000
  0.000000000000000E+000  0.000000000000000E+000  0.000000000000000E+000
   1.82008752000000       3.205580000000000E-003  0.000000000000000E+000
   1.89155820000000       1.753000000000000E-003  0.000000000000000E+000
   2.74888176000000       3.091700000000000E-003  3.120000000000000E-006
   4.41803700000000       1.268958000000000E-002  0.000000000000000E+000
   11.8588732800000       5.733787999999999E-002  0.000000000000000E+000
   21.7534646400000       5.349874000000001E-002  0.000000000000000E+000
   4.09483452000000       2.354580000000000E-003  0.000000000000000E+000
  6.345072000000000E-002  0.000000000000000E+000  0.000000000000000E+000
  5.582316000000000E-002  0.000000000000000E+000  0.000000000000000E+000
  0.000000000000000E+000  0.000000000000000E+000  0.000000000000000E+000
   10.6015194000000       1.422960000000000E-003  0.000000000000000E+000
   11.0369190000000       3.885140000000000E-003  0.000000000000000E+000
   11.0723040000000       2.200120000000000E-003  0.000000000000000E+000
   13.4181801600000       1.342842000000000E-002  0.000000000000000E+000
   20.7933808800000       3.502680000000000E-003  0.000000000000000E+000
   16.6818584400000       9.144979999999999E-003  8.000000000000000E-008
   5.16088308000000       0.000000000000000E+000  0.000000000000000E+000
  0.125640600000000       0.000000000000000E+000  0.000000000000000E+000
  0.120000000000000       0.000000000000000E+000  0.000000000000000E+000
  1.672920000000000E-003  0.000000000000000E+000  0.000000000000000E+000
   13.0297245600000       1.206000000000000E-004  0.000000000000000E+000
   13.8742215600000       4.450600000000001E-004  0.000000000000000E+000
   16.3259701200000       0.000000000000000E+000  0.000000000000000E+000
   16.7365350000000       1.134380000000000E-003  0.000000000000000E+000
   16.6284360000000       0.000000000000000E+000  0.000000000000000E+000
   17.0255635200000       0.000000000000000E+000  0.000000000000000E+000
   2.68320084000000       0.000000000000000E+000  0.000000000000000E+000
  0.404800080000000       0.000000000000000E+000  0.000000000000000E+000
  2.893824000000000E-002  0.000000000000000E+000  0.000000000000000E+000
  0.122710800000000       0.000000000000000E+000  0.000000000000000E+000
  0.000000000000000E+000  0.000000000000000E+000  0.000000000000000E+000
  0.000000000000000E+000  0.000000000000000E+000  0.000000000000000E+000
  0.000000000000000E+000  0.000000000000000E+000  0.000000000000000E+000
  0.000000000000000E+000  0.000000000000000E+000  0.000000000000000E+000
  0.000000000000000E+000  0.000000000000000E+000  0.000000000000000E+000
  0.000000000000000E+000  0.000000000000000E+000  0.000000000000000E+000
  0.000000000000000E+000  0.000000000000000E+000  0.000000000000000E+000
  1.101600000000000E-004  0.000000000000000E+000  0.000000000000000E+000
  5.322804000000003E-002  1.322000000000000E-005  0.000000000000000E+000
  0.520740000000000       2.502760000000000E-003  3.320000000000000E-006
  0.000000000000000E+000  0.000000000000000E+000  0.000000000000000E+000
  0.000000000000000E+000  0.000000000000000E+000  0.000000000000000E+000
  0.000000000000000E+000  0.000000000000000E+000  0.000000000000000E+000
  0.000000000000000E+000  0.000000000000000E+000  0.000000000000000E+000
  0.000000000000000E+000  0.000000000000000E+000  0.000000000000000E+000
  0.000000000000000E+000  0.000000000000000E+000  0.000000000000000E+000
  0.000000000000000E+000  0.000000000000000E+000  0.000000000000000E+000
  1.613760000000000E-002  0.000000000000000E+000  0.000000000000000E+000
   1.03475592000000       9.705299999999998E-003  8.140000000000000E-006
  2.384472000000000E-002  0.000000000000000E+000  0.000000000000000E+000
  0.000000000000000E+000  0.000000000000000E+000  0.000000000000000E+000
  0.000000000000000E+000  0.000000000000000E+000  0.000000000000000E+000
  0.000000000000000E+000  0.000000000000000E+000  0.000000000000000E+000
  0.000000000000000E+000  0.000000000000000E+000  0.000000000000000E+000
  0.000000000000000E+000  0.000000000000000E+000  0.000000000000000E+000
  0.000000000000000E+000  0.000000000000000E+000  0.000000000000000E+000
  2.874480000000000E-003  0.000000000000000E+000  0.000000000000000E+000
   1.61685372000000       2.296426000000000E-002  6.000000000000001E-008
  4.926240000000000E-002  0.000000000000000E+000  0.000000000000000E+000
  0.000000000000000E+000  0.000000000000000E+000  0.000000000000000E+000
  0.000000000000000E+000  0.000000000000000E+000  0.000000000000000E+000
  0.000000000000000E+000  0.000000000000000E+000  0.000000000000000E+000
  0.000000000000000E+000  0.000000000000000E+000  0.000000000000000E+000
  0.000000000000000E+000  0.000000000000000E+000  0.000000000000000E+000
  0.000000000000000E+000  0.000000000000000E+000  0.000000000000000E+000
  1.099680000000000E-003  0.000000000000000E+000  0.000000000000000E+000
  0.462880680000000       1.760560000000000E-003  0.000000000000000E+000
   1.30971264000000       7.464259999999999E-003  0.000000000000000E+000
  6.455627999999999E-002  0.000000000000000E+000  0.000000000000000E+000
  0.000000000000000E+000  0.000000000000000E+000  0.000000000000000E+000
  0.000000000000000E+000  0.000000000000000E+000  0.000000000000000E+000
  1.762320000000000E-003  0.000000000000000E+000  0.000000000000000E+000
  0.000000000000000E+000  0.000000000000000E+000  0.000000000000000E+000
  2.291640000000000E-003  0.000000000000000E+000  0.000000000000000E+000
  4.778880000000000E-003  0.000000000000000E+000  0.000000000000000E+000
  0.313513560000000       3.557800000000000E-004  0.000000000000000E+000
   10.2535353600000       0.294348860000000       9.519999999999999E-006
  0.236555040000000       0.000000000000000E+000  0.000000000000000E+000
  0.000000000000000E+000  0.000000000000000E+000  0.000000000000000E+000
  0.000000000000000E+000  0.000000000000000E+000  0.000000000000000E+000
  1.522812000000000E-002  0.000000000000000E+000  0.000000000000000E+000
  3.865716000000001E-002  0.000000000000000E+000  0.000000000000000E+000
  7.378115999999998E-002  0.000000000000000E+000  0.000000000000000E+000
  9.791495999999998E-002  0.000000000000000E+000  0.000000000000000E+000
  0.695875800000000       2.596060000000000E-003  0.000000000000000E+000
   9.65393160000000       0.110320780000000       2.000000000000000E-008
   5.98309956000000       7.471120000000000E-003  0.000000000000000E+000
  0.117646800000000       0.000000000000000E+000  0.000000000000000E+000
  4.428720000000000E-003  0.000000000000000E+000  0.000000000000000E+000
  0.000000000000000E+000  0.000000000000000E+000  0.000000000000000E+000
   1.79124300000000       1.211560000000000E-003  0.000000000000000E+000
   1.63375668000000       1.219800000000000E-004  0.000000000000000E+000
   2.33480016000000       6.318999999999999E-004  0.000000000000000E+000
   5.09740080000000       2.517944000000000E-002  0.000000000000000E+000
   12.9314245200000       5.867946000000000E-002  0.000000000000000E+000
   20.4734742000000       6.073821999999999E-002  0.000000000000000E+000
   4.50445428000000       0.000000000000000E+000  0.000000000000000E+000
  0.120000000000000       0.000000000000000E+000  0.000000000000000E+000
  0.000000000000000E+000  0.000000000000000E+000  0.000000000000000E+000
  0.000000000000000E+000  0.000000000000000E+000  0.000000000000000E+000
   10.5842565600000       7.180880000000000E-003  0.000000000000000E+000
   8.81340792000000       1.788400000000000E-003  0.000000000000000E+000
   12.6386644800000       2.123700000000000E-003  0.000000000000000E+000
   14.0261806800000       8.554159999999998E-003  0.000000000000000E+000
   17.9214142800000       4.406240000000001E-003  0.000000000000000E+000
   19.0486935600000       0.000000000000000E+000  0.000000000000000E+000
   3.45092376000000       0.000000000000000E+000  0.000000000000000E+000
  5.140535999999999E-002  0.000000000000000E+000  0.000000000000000E+000
  0.000000000000000E+000  0.000000000000000E+000  0.000000000000000E+000
  5.168412000000000E-002  0.000000000000000E+000  0.000000000000000E+000
   11.4798392400000       0.000000000000000E+000  0.000000000000000E+000
   15.3815449200000       0.000000000000000E+000  0.000000000000000E+000
   14.9135275200000       6.623059999999999E-003  0.000000000000000E+000
   14.3747728800000       8.842000000000000E-005  0.000000000000000E+000
   17.8238450400000       0.000000000000000E+000  0.000000000000000E+000
   16.2632103600000       0.000000000000000E+000  0.000000000000000E+000
   3.24792348000000       0.000000000000000E+000  0.000000000000000E+000
  8.075519999999999E-002  0.000000000000000E+000  0.000000000000000E+000
  7.463580000000000E-002  0.000000000000000E+000  0.000000000000000E+000
  1.305876000000000E-002  0.000000000000000E+000  0.000000000000000E+000
  0.000000000000000E+000  0.000000000000000E+000  0.000000000000000E+000
  0.000000000000000E+000  0.000000000000000E+000  0.000000000000000E+000
  0.000000000000000E+000  0.000000000000000E+000  0.000000000000000E+000
  0.000000000000000E+000  0.000000000000000E+000  0.000000000000000E+000
  0.000000000000000E+000  0.000000000000000E+000  0.000000000000000E+000
  0.000000000000000E+000  0.000000000000000E+000  0.000000000000000E+000
  0.000000000000000E+000  0.000000000000000E+000  0.000000000000000E+000
  1.108800000000000E-004  0.000000000000000E+000  0.000000000000000E+000
  4.982052000000001E-002  3.315999999999999E-005  0.000000000000000E+000
  0.523107360000000       2.108420000000000E-003  3.600000000000000E-007
  0.000000000000000E+000  0.000000000000000E+000  0.000000000000000E+000
  0.000000000000000E+000  0.000000000000000E+000  0.000000000000000E+000
  0.000000000000000E+000  0.000000000000000E+000  0.000000000000000E+000
  0.000000000000000E+000  0.000000000000000E+000  0.000000000000000E+000
  0.000000000000000E+000  0.000000000000000E+000  0.000000000000000E+000
  0.000000000000000E+000  0.000000000000000E+000  0.000000000000000E+000
  0.000000000000000E+000  0.000000000000000E+000  0.000000000000000E+000
  2.032896000000000E-002  0.000000000000000E+000  0.000000000000000E+000
   1.09986696000000       9.576379999999999E-003  9.619999999999999E-006
  3.786600000000000E-003  0.000000000000000E+000  0.000000000000000E+000
  0.000000000000000E+000  0.000000000000000E+000  0.000000000000000E+000
  0.000000000000000E+000  0.000000000000000E+000  0.000000000000000E+000
  0.000000000000000E+000  0.000000000000000E+000  0.000000000000000E+000
  0.000000000000000E+000  0.000000000000000E+000  0.000000000000000E+000
  0.000000000000000E+000  0.000000000000000E+000  0.000000000000000E+000
  0.000000000000000E+000  0.000000000000000E+000  0.000000000000000E+000
  1.342080000000000E-003  0.000000000000000E+000  0.000000000000000E+000
   1.58273796000000       1.936958000000000E-002  7.800000000000000E-006
  3.773880000000000E-003  0.000000000000000E+000  0.000000000000000E+000
  0.000000000000000E+000  0.000000000000000E+000  0.000000000000000E+000
  0.000000000000000E+000  0.000000000000000E+000  0.000000000000000E+000
  0.000000000000000E+000  0.000000000000000E+000  0.000000000000000E+000
  0.000000000000000E+000  0.000000000000000E+000  0.000000000000000E+000
  0.000000000000000E+000  0.000000000000000E+000  0.000000000000000E+000
  2.784000000000000E-005  0.000000000000000E+000  0.000000000000000E+000
  1.237200000000000E-003  0.000000000000000E+000  0.000000000000000E+000
  0.465211920000000       2.021640000000001E-003  0.000000000000000E+000
   1.33405200000000       1.132106000000000E-002  6.560000000000000E-006
  0.000000000000000E+000  0.000000000000000E+000  0.000000000000000E+000
  0.000000000000000E+000  0.000000000000000E+000  0.000000000000000E+000
  1.257600000000000E-004  0.000000000000000E+000  0.000000000000000E+000
  0.000000000000000E+000  0.000000000000000E+000  0.000000000000000E+000
  3.177600000000000E-004  0.000000000000000E+000  0.000000000000000E+000
  6.000000000000000E-007  0.000000000000000E+000  0.000000000000000E+000
  2.726400000000000E-004  0.000000000000000E+000  0.000000000000000E+000
  0.286431960000000       2.472400000000000E-004  0.000000000000000E+000
   10.2105015600000       0.311156480000000       2.200000000000000E-007
  0.364468320000000       0.000000000000000E+000  0.000000000000000E+000
  0.000000000000000E+000  0.000000000000000E+000  0.000000000000000E+000
  0.000000000000000E+000  0.000000000000000E+000  0.000000000000000E+000
  3.520332000000000E-002  0.000000000000000E+000  0.000000000000000E+000
  4.498332000000001E-002  0.000000000000000E+000  0.000000000000000E+000
  3.721884000000000E-002  3.680000000000000E-006  0.000000000000000E+000
  0.190147200000000       3.429800000000000E-004  0.000000000000000E+000
  0.676302960000000       5.958199999999999E-004  0.000000000000000E+000
   10.1359396800000       0.170910020000000       2.200000000000000E-007
   5.09570544000000       1.286816000000000E-002  8.040000000000001E-006
  4.560000000000000E-006  0.000000000000000E+000  0.000000000000000E+000
  0.000000000000000E+000  0.000000000000000E+000  0.000000000000000E+000
  0.120000000000000       0.000000000000000E+000  0.000000000000000E+000
   1.64452596000000       5.528960000000000E-003  0.000000000000000E+000
   2.29749972000000       6.221200000000000E-003  0.000000000000000E+000
   2.93501280000000       5.296360000000000E-003  0.000000000000000E+000
   4.82715792000000       1.799996000000000E-002  0.000000000000000E+000
   12.4613286000000       4.553072000000001E-002  0.000000000000000E+000
   19.1105522400000       7.278955999999999E-002  0.000000000000000E+000
   5.05328028000000       0.000000000000000E+000  0.000000000000000E+000
  0.132414960000000       0.000000000000000E+000  0.000000000000000E+000
  3.570744000000000E-002  0.000000000000000E+000  0.000000000000000E+000
  9.768132000000002E-002  0.000000000000000E+000  0.000000000000000E+000
   10.7839053600000       1.836780000000000E-003  0.000000000000000E+000
   10.8529474800000       1.705500000000000E-003  0.000000000000000E+000
   11.5384831200000       9.439720000000000E-003  0.000000000000000E+000
   14.9921880000000       9.475660000000000E-003  0.000000000000000E+000
   17.3976117600000       2.410884000000000E-002  0.000000000000000E+000
   20.5971812400000       0.000000000000000E+000  0.000000000000000E+000
   4.00454112000000       0.000000000000000E+000  0.000000000000000E+000
  0.000000000000000E+000  0.000000000000000E+000  0.000000000000000E+000
  0.120000000000000       0.000000000000000E+000  0.000000000000000E+000
  6.661560000000000E-003  0.000000000000000E+000  0.000000000000000E+000
   11.7989996400000       1.600000000000000E-007  0.000000000000000E+000
   13.6426291200000       2.000000000000000E-008  0.000000000000000E+000
   15.1430982000000       7.476000000000000E-005  0.000000000000000E+000
   14.6306832000000       0.000000000000000E+000  0.000000000000000E+000
   19.6704301200000       0.000000000000000E+000  0.000000000000000E+000
   13.2906415200000       0.000000000000000E+000  0.000000000000000E+000
   3.24947880000000       0.000000000000000E+000  0.000000000000000E+000
  0.274849320000000       0.000000000000000E+000  0.000000000000000E+000
  2.857404000000000E-002  0.000000000000000E+000  0.000000000000000E+000
  1.010532000000000E-002  0.000000000000000E+000  0.000000000000000E+000
  0.000000000000000E+000  0.000000000000000E+000  0.000000000000000E+000
  0.000000000000000E+000  0.000000000000000E+000  0.000000000000000E+000
  0.000000000000000E+000  0.000000000000000E+000  0.000000000000000E+000
  0.000000000000000E+000  0.000000000000000E+000  0.000000000000000E+000
  0.000000000000000E+000  0.000000000000000E+000  0.000000000000000E+000
  0.000000000000000E+000  0.000000000000000E+000  0.000000000000000E+000
  0.000000000000000E+000  0.000000000000000E+000  0.000000000000000E+000
  8.051999999999999E-005  0.000000000000000E+000  0.000000000000000E+000
  4.997112000000001E-002  2.178000000000000E-005  0.000000000000000E+000
  0.508697880000000       2.224500000000000E-003  2.100000000000000E-006
  0.000000000000000E+000  0.000000000000000E+000  0.000000000000000E+000
  0.000000000000000E+000  0.000000000000000E+000  0.000000000000000E+000
  0.000000000000000E+000  0.000000000000000E+000  0.000000000000000E+000
  0.000000000000000E+000  0.000000000000000E+000  0.000000000000000E+000
  0.000000000000000E+000  0.000000000000000E+000  0.000000000000000E+000
  0.000000000000000E+000  0.000000000000000E+000  0.000000000000000E+000
  0.000000000000000E+000  0.000000000000000E+000  0.000000000000000E+000
  1.793819999999999E-002  1.860000000000000E-006  0.000000000000000E+000
   1.03779540000000       1.000820000000000E-002  2.820000000000000E-006
  7.543560000000000E-003  0.000000000000000E+000  0.000000000000000E+000
  0.000000000000000E+000  0.000000000000000E+000  0.000000000000000E+000
  0.000000000000000E+000  0.000000000000000E+000  0.000000000000000E+000
  0.000000000000000E+000  0.000000000000000E+000  0.000000000000000E+000
  0.000000000000000E+000  0.000000000000000E+000  0.000000000000000E+000
  0.000000000000000E+000  0.000000000000000E+000  0.000000000000000E+000
  4.008000000000000E-005  0.000000000000000E+000  0.000000000000000E+000
  1.351080000000000E-003  0.000000000000000E+000  0.000000000000000E+000
   1.68754980000000       2.499086000000000E-002  1.372000000000000E-005
  9.637199999999999E-004  0.000000000000000E+000  0.000000000000000E+000
  0.000000000000000E+000  0.000000000000000E+000  0.000000000000000E+000
  0.000000000000000E+000  0.000000000000000E+000  0.000000000000000E+000
  0.000000000000000E+000  0.000000000000000E+000  0.000000000000000E+000
  0.000000000000000E+000  0.000000000000000E+000  0.000000000000000E+000
  0.000000000000000E+000  0.000000000000000E+000  0.000000000000000E+000
  0.000000000000000E+000  0.000000000000000E+000  0.000000000000000E+000
  2.461200000000000E-004  0.000000000000000E+000  0.000000000000000E+000
  0.428190000000000       1.532760000000000E-003  0.000000000000000E+000
   1.12575936000000       4.688820000000000E-003  1.380000000000000E-005
  0.000000000000000E+000  0.000000000000000E+000  0.000000000000000E+000
  0.000000000000000E+000  0.000000000000000E+000  0.000000000000000E+000
  0.000000000000000E+000  0.000000000000000E+000  0.000000000000000E+000
  1.132800000000000E-004  0.000000000000000E+000  0.000000000000000E+000
  0.000000000000000E+000  0.000000000000000E+000  0.000000000000000E+000
  2.293200000000000E-004  0.000000000000000E+000  0.000000000000000E+000
  8.315160000000000E-003  0.000000000000000E+000  0.000000000000000E+000
  0.209012040000000       5.496800000000000E-004  0.000000000000000E+000
   10.3487928000000       0.309311860000000       1.436000000000000E-005
  0.132872520000000       0.000000000000000E+000  0.000000000000000E+000
  0.000000000000000E+000  0.000000000000000E+000  0.000000000000000E+000
  0.000000000000000E+000  0.000000000000000E+000  0.000000000000000E+000
  5.036976000000000E-002  0.000000000000000E+000  0.000000000000000E+000
  2.675472000000001E-002  0.000000000000000E+000  0.000000000000000E+000
  5.497175999999999E-002  0.000000000000000E+000  0.000000000000000E+000
  8.800680000000001E-002  0.000000000000000E+000  0.000000000000000E+000
  0.818035560000000       1.501400000000000E-003  0.000000000000000E+000
   9.47670996000000       0.129440020000000       1.040000000000000E-006
   6.73147980000000       1.793500000000000E-002  0.000000000000000E+000
  0.127571880000000       0.000000000000000E+000  0.000000000000000E+000
  0.000000000000000E+000  0.000000000000000E+000  0.000000000000000E+000
  0.000000000000000E+000  0.000000000000000E+000  0.000000000000000E+000
   1.62186600000000       8.937400000000000E-004  0.000000000000000E+000
   1.86423024000000       9.103020000000000E-003  0.000000000000000E+000
   2.78609076000000       5.764520000000000E-003  0.000000000000000E+000
   4.24515420000000       3.757640000000000E-003  0.000000000000000E+000
   12.4154533200000       7.005562000000000E-002  0.000000000000000E+000
   22.1020234800000       5.940868000000000E-002  0.000000000000000E+000
   4.19936040000000       0.000000000000000E+000  0.000000000000000E+000
  7.357260000000000E-002  0.000000000000000E+000  0.000000000000000E+000
  1.451988000000000E-002  0.000000000000000E+000  0.000000000000000E+000
  0.000000000000000E+000  0.000000000000000E+000  0.000000000000000E+000
   8.38487076000000       3.602800000000000E-003  0.000000000000000E+000
   10.5865351200000       1.946970000000000E-002  0.000000000000000E+000
   12.0891812400000       3.224000000000000E-005  0.000000000000000E+000
   15.6270292800000       1.107268000000000E-002  0.000000000000000E+000
   19.7585756400000       6.785760000000001E-003  1.200000000000000E-007
   16.8859912800000       2.175200000000000E-004  0.000000000000000E+000
   3.03175080000000       0.000000000000000E+000  0.000000000000000E+000
  0.203495400000000       0.000000000000000E+000  0.000000000000000E+000
  0.000000000000000E+000  0.000000000000000E+000  0.000000000000000E+000
  2.543040000000000E-003  0.000000000000000E+000  0.000000000000000E+000
   14.1334742400000       0.000000000000000E+000  0.000000000000000E+000
   12.8455479600000       1.600000000000000E-007  0.000000000000000E+000
   15.6373069200000       0.000000000000000E+000  0.000000000000000E+000
   14.3169860400000       0.000000000000000E+000  0.000000000000000E+000
   19.1742602400000       0.000000000000000E+000  0.000000000000000E+000
   18.2848467600000       0.000000000000000E+000  0.000000000000000E+000
   2.94073284000000       0.000000000000000E+000  0.000000000000000E+000
  0.179689080000000       0.000000000000000E+000  0.000000000000000E+000
  3.919668000000000E-002  0.000000000000000E+000  0.000000000000000E+000
  0.000000000000000E+000  0.000000000000000E+000  0.000000000000000E+000
  0.000000000000000E+000  0.000000000000000E+000  0.000000000000000E+000
  0.000000000000000E+000  0.000000000000000E+000  0.000000000000000E+000
  0.000000000000000E+000  0.000000000000000E+000  0.000000000000000E+000
  0.000000000000000E+000  0.000000000000000E+000  0.000000000000000E+000
  0.000000000000000E+000  0.000000000000000E+000  0.000000000000000E+000
  0.000000000000000E+000  0.000000000000000E+000  0.000000000000000E+000
  0.000000000000000E+000  0.000000000000000E+000  0.000000000000000E+000
  1.992000000000000E-004  0.000000000000000E+000  0.000000000000000E+000
  5.423339999999999E-002  5.462000000000001E-005  0.000000000000000E+000
  0.493907880000000       2.348020000000000E-003  0.000000000000000E+000
  0.000000000000000E+000  0.000000000000000E+000  0.000000000000000E+000
  0.000000000000000E+000  0.000000000000000E+000  0.000000000000000E+000
  0.000000000000000E+000  0.000000000000000E+000  0.000000000000000E+000
  0.000000000000000E+000  0.000000000000000E+000  0.000000000000000E+000
  0.000000000000000E+000  0.000000000000000E+000  0.000000000000000E+000
  0.000000000000000E+000  0.000000000000000E+000  0.000000000000000E+000
  4.560000000000000E-006  0.000000000000000E+000  0.000000000000000E+000
  1.986168000000000E-002  8.000000000000000E-008  0.000000000000000E+000
  0.955372920000000       6.585360000000001E-003  3.500000000000000E-006
  8.503320000000000E-003  0.000000000000000E+000  0.000000000000000E+000
  0.000000000000000E+000  0.000000000000000E+000  0.000000000000000E+000
  0.000000000000000E+000  0.000000000000000E+000  0.000000000000000E+000
  0.000000000000000E+000  0.000000000000000E+000  0.000000000000000E+000
  0.000000000000000E+000  0.000000000000000E+000  0.000000000000000E+000
  0.000000000000000E+000  0.000000000000000E+000  0.000000000000000E+000
  0.000000000000000E+000  0.000000000000000E+000  0.000000000000000E+000
  3.119639999999999E-003  0.000000000000000E+000  0.000000000000000E+000
   1.59655764000000       1.936052000000000E-002  7.460000000000001E-006
  0.000000000000000E+000  0.000000000000000E+000  0.000000000000000E+000
  0.000000000000000E+000  0.000000000000000E+000  0.000000000000000E+000
  0.000000000000000E+000  0.000000000000000E+000  0.000000000000000E+000
  0.000000000000000E+000  0.000000000000000E+000  0.000000000000000E+000
  0.000000000000000E+000  0.000000000000000E+000  0.000000000000000E+000
  0.000000000000000E+000  0.000000000000000E+000  0.000000000000000E+000
  0.000000000000000E+000  0.000000000000000E+000  0.000000000000000E+000
  9.195599999999999E-004  0.000000000000000E+000  0.000000000000000E+000
  0.465531000000000       2.853400000000000E-003  0.000000000000000E+000
   1.35369564000000       1.288146000000000E-002  0.000000000000000E+000
  0.000000000000000E+000  0.000000000000000E+000  0.000000000000000E+000
  3.588000000000000E-005  0.000000000000000E+000  0.000000000000000E+000
  0.000000000000000E+000  0.000000000000000E+000  0.000000000000000E+000
  3.224400000000000E-004  0.000000000000000E+000  0.000000000000000E+000
  0.000000000000000E+000  0.000000000000000E+000  0.000000000000000E+000
  2.211600000000000E-004  0.000000000000000E+000  0.000000000000000E+000
  3.366480000000000E-003  0.000000000000000E+000  0.000000000000000E+000
  0.249224400000000       1.053120000000000E-003  0.000000000000000E+000
   10.7256804000000       0.378739540000000       5.400000000000000E-007
  3.138000000000000E-004  0.000000000000000E+000  0.000000000000000E+000
  2.840544000000000E-002  0.000000000000000E+000  0.000000000000000E+000
  0.000000000000000E+000  0.000000000000000E+000  0.000000000000000E+000
  2.899056000000000E-002  0.000000000000000E+000  0.000000000000000E+000
  1.637268000000000E-002  0.000000000000000E+000  0.000000000000000E+000
  3.908147999999999E-002  7.931999999999999E-005  0.000000000000000E+000
  0.107133360000000       0.000000000000000E+000  0.000000000000000E+000
  0.934653600000000       6.829919999999998E-003  0.000000000000000E+000
   9.66262956000000       0.118344800000000       0.000000000000000E+000
   5.49238224000000       1.143020000000000E-003  0.000000000000000E+000
  0.115954200000000       0.000000000000000E+000  0.000000000000000E+000
  0.000000000000000E+000  0.000000000000000E+000  0.000000000000000E+000
  0.000000000000000E+000  0.000000000000000E+000  0.000000000000000E+000
   2.07442944000000       4.111200000000000E-004  0.000000000000000E+000
   2.01590268000000       5.021280000000000E-003  0.000000000000000E+000
   2.11559508000000       1.604980000000000E-003  0.000000000000000E+000
   5.10165948000000       8.388899999999999E-003  0.000000000000000E+000
   12.3642594000000       5.530516000000001E-002  4.400000000000000E-007
   23.1651019200000       4.005307999999999E-002  0.000000000000000E+000
   4.15175340000000       0.000000000000000E+000  0.000000000000000E+000
  0.119999400000000       0.000000000000000E+000  0.000000000000000E+000
  0.000000000000000E+000  0.000000000000000E+000  0.000000000000000E+000
  0.000000000000000E+000  0.000000000000000E+000  0.000000000000000E+000
   11.1851472000000       2.165300000000000E-003  0.000000000000000E+000
   9.99463140000000       5.600000000000000E-007  0.000000000000000E+000
   12.4670815200000       8.134819999999999E-003  0.000000000000000E+000
   13.8646584000000       3.618644000000001E-002  0.000000000000000E+000
   20.3744190000000       1.272402000000000E-002  0.000000000000000E+000
   19.0895138400000       1.092870000000000E-002  0.000000000000000E+000
   2.75597568000000       0.000000000000000E+000  0.000000000000000E+000
  0.240000000000000       0.000000000000000E+000  0.000000000000000E+000
  0.000000000000000E+000  0.000000000000000E+000  0.000000000000000E+000
  0.000000000000000E+000  0.000000000000000E+000  0.000000000000000E+000
   12.9703155600000       0.000000000000000E+000  0.000000000000000E+000
   13.4882474400000       5.840400000000001E-004  0.000000000000000E+000
   13.1360023200000       5.662960000000000E-003  0.000000000000000E+000
   17.0993300400000       0.000000000000000E+000  0.000000000000000E+000
   18.5637477600000       5.814400000000000E-004  0.000000000000000E+000
   13.3412130000000       7.352180000000001E-003  0.000000000000000E+000
   2.62751028000000       0.000000000000000E+000  0.000000000000000E+000
  0.208787640000000       0.000000000000000E+000  0.000000000000000E+000
  7.680719999999999E-003  0.000000000000000E+000  0.000000000000000E+000
  6.776208000000000E-002  0.000000000000000E+000  0.000000000000000E+000
  0.000000000000000E+000  0.000000000000000E+000  0.000000000000000E+000
  0.000000000000000E+000  0.000000000000000E+000  0.000000000000000E+000
  0.000000000000000E+000  0.000000000000000E+000  0.000000000000000E+000
  0.000000000000000E+000  0.000000000000000E+000  0.000000000000000E+000
  0.000000000000000E+000  0.000000000000000E+000  0.000000000000000E+000
  0.000000000000000E+000  0.000000000000000E+000  0.000000000000000E+000
  0.000000000000000E+000  0.000000000000000E+000  0.000000000000000E+000
  2.040000000000000E-005  0.000000000000000E+000  0.000000000000000E+000
  5.559707999999998E-002  2.274000000000000E-005  0.000000000000000E+000
  0.507303120000000       2.187600000000000E-003  1.800000000000000E-007
  0.000000000000000E+000  0.000000000000000E+000  0.000000000000000E+000
  0.000000000000000E+000  0.000000000000000E+000  0.000000000000000E+000
  0.000000000000000E+000  0.000000000000000E+000  0.000000000000000E+000
  0.000000000000000E+000  0.000000000000000E+000  0.000000000000000E+000
  0.000000000000000E+000  0.000000000000000E+000  0.000000000000000E+000
  0.000000000000000E+000  0.000000000000000E+000  0.000000000000000E+000
  5.904000000000000E-005  0.000000000000000E+000  0.000000000000000E+000
  2.165844000000000E-002  7.600000000000000E-006  0.000000000000000E+000
   1.00046760000000       7.788460000000001E-003  2.540000000000000E-006
  2.400000000000000E-006  0.000000000000000E+000  0.000000000000000E+000
  0.000000000000000E+000  0.000000000000000E+000  0.000000000000000E+000
  0.000000000000000E+000  0.000000000000000E+000  0.000000000000000E+000
  0.000000000000000E+000  0.000000000000000E+000  0.000000000000000E+000
  0.000000000000000E+000  0.000000000000000E+000  0.000000000000000E+000
  0.000000000000000E+000  0.000000000000000E+000  0.000000000000000E+000
  0.000000000000000E+000  0.000000000000000E+000  0.000000000000000E+000
  3.510960000000000E-003  0.000000000000000E+000  0.000000000000000E+000
   1.68687828000000       2.087228000000000E-002  1.600000000000000E-007
  0.000000000000000E+000  0.000000000000000E+000  0.000000000000000E+000
  2.764800000000000E-004  0.000000000000000E+000  0.000000000000000E+000
  0.000000000000000E+000  0.000000000000000E+000  0.000000000000000E+000
  0.000000000000000E+000  0.000000000000000E+000  0.000000000000000E+000
  0.000000000000000E+000  0.000000000000000E+000  0.000000000000000E+000
  0.000000000000000E+000  0.000000000000000E+000  0.000000000000000E+000
  0.000000000000000E+000  0.000000000000000E+000  0.000000000000000E+000
  1.654440000000000E-003  0.000000000000000E+000  0.000000000000000E+000
  0.513702720000000       3.250440000000000E-003  0.000000000000000E+000
   1.32307020000000       5.217800000000000E-003  6.600000000000000E-006
  0.102296400000000       0.000000000000000E+000  0.000000000000000E+000
  0.000000000000000E+000  0.000000000000000E+000  0.000000000000000E+000
  0.000000000000000E+000  0.000000000000000E+000  0.000000000000000E+000
  0.000000000000000E+000  0.000000000000000E+000  0.000000000000000E+000
  7.680000000000001E-006  0.000000000000000E+000  0.000000000000000E+000
  2.038560000000000E-003  0.000000000000000E+000  0.000000000000000E+000
  7.612560000000001E-003  0.000000000000000E+000  0.000000000000000E+000
  0.255912240000000       8.297399999999999E-004  0.000000000000000E+000
   10.7566222800000       0.356953500000000       4.280000000000001E-006
  0.116970960000000       0.000000000000000E+000  0.000000000000000E+000
  3.390060000000000E-002  0.000000000000000E+000  0.000000000000000E+000
  0.000000000000000E+000  0.000000000000000E+000  0.000000000000000E+000
  5.278596000000001E-002  0.000000000000000E+000  0.000000000000000E+000
  4.537560000000001E-002  0.000000000000000E+000  0.000000000000000E+000
  4.956504000000000E-002  0.000000000000000E+000  0.000000000000000E+000
  0.103319520000000       0.000000000000000E+000  0.000000000000000E+000
  0.581847960000000       7.625199999999998E-004  0.000000000000000E+000
   9.90794556000000       0.101817280000000       0.000000000000000E+000
   4.55555256000000       4.583080000000000E-003  7.200000000000000E-007
  0.000000000000000E+000  0.000000000000000E+000  0.000000000000000E+000
  0.000000000000000E+000  0.000000000000000E+000  0.000000000000000E+000
  0.000000000000000E+000  0.000000000000000E+000  0.000000000000000E+000
   1.61554752000000       7.713760000000001E-003  0.000000000000000E+000
   2.19717708000000       3.719980000000000E-003  0.000000000000000E+000
   3.18820968000000       3.620360000000000E-003  0.000000000000000E+000
   4.59635676000000       1.845468000000000E-002  0.000000000000000E+000
   11.9977383600000       2.975934000000000E-002  0.000000000000000E+000
   18.5533450800000       3.365211999999999E-002  0.000000000000000E+000
   5.33437248000000       0.000000000000000E+000  0.000000000000000E+000
  0.148828320000000       0.000000000000000E+000  0.000000000000000E+000
  1.410240000000000E-002  0.000000000000000E+000  0.000000000000000E+000
  0.000000000000000E+000  0.000000000000000E+000  0.000000000000000E+000
   9.82106952000000       6.205219999999999E-003  0.000000000000000E+000
   10.3295059200000       1.730946000000000E-002  0.000000000000000E+000
   11.0254105200000       1.769236000000000E-002  0.000000000000000E+000
   13.7238207600000       7.112900000000000E-003  0.000000000000000E+000
   18.6133684800000       2.305660000000000E-003  0.000000000000000E+000
   17.4605022000000       5.464859999999999E-003  0.000000000000000E+000
   4.33977636000000       0.000000000000000E+000  0.000000000000000E+000
  0.277423320000000       0.000000000000000E+000  0.000000000000000E+000
  0.000000000000000E+000  0.000000000000000E+000  0.000000000000000E+000
  0.000000000000000E+000  0.000000000000000E+000  0.000000000000000E+000
   12.1446612000000       0.000000000000000E+000  0.000000000000000E+000
   13.3949054400000       5.950020000000000E-003  0.000000000000000E+000
   15.9694153200000       0.000000000000000E+000  0.000000000000000E+000
   18.3302926800000       0.000000000000000E+000  0.000000000000000E+000
   16.3398692400000       0.000000000000000E+000  0.000000000000000E+000
   15.7186551600000       4.000000000000000E-008  0.000000000000000E+000
   2.55037056000000       0.000000000000000E+000  0.000000000000000E+000
  0.228227520000000       0.000000000000000E+000  0.000000000000000E+000
  0.112926480000000       0.000000000000000E+000  0.000000000000000E+000
  3.063588000000000E-002  0.000000000000000E+000  0.000000000000000E+000
  0.000000000000000E+000  0.000000000000000E+000  0.000000000000000E+000
  0.000000000000000E+000  0.000000000000000E+000  0.000000000000000E+000
  0.000000000000000E+000  0.000000000000000E+000  0.000000000000000E+000
  0.000000000000000E+000  0.000000000000000E+000  0.000000000000000E+000
  0.000000000000000E+000  0.000000000000000E+000  0.000000000000000E+000
  0.000000000000000E+000  0.000000000000000E+000  0.000000000000000E+000
  0.000000000000000E+000  0.000000000000000E+000  0.000000000000000E+000
  4.800000000000001E-007  0.000000000000000E+000  0.000000000000000E+000
  5.357436000000001E-002  1.570000000000000E-005  0.000000000000000E+000
  0.521001600000000       2.301960000000000E-003  2.200000000000000E-007
  0.000000000000000E+000  0.000000000000000E+000  0.000000000000000E+000
  0.000000000000000E+000  0.000000000000000E+000  0.000000000000000E+000
  0.000000000000000E+000  0.000000000000000E+000  0.000000000000000E+000
  0.000000000000000E+000  0.000000000000000E+000  0.000000000000000E+000
  0.000000000000000E+000  0.000000000000000E+000  0.000000000000000E+000
  0.000000000000000E+000  0.000000000000000E+000  0.000000000000000E+000
  1.356000000000000E-005  0.000000000000000E+000  0.000000000000000E+000
  1.640472000000000E-002  0.000000000000000E+000  0.000000000000000E+000
  0.999485520000000       9.996360000000003E-003  6.200000000000000E-007
  7.200000000000000E-007  0.000000000000000E+000  0.000000000000000E+000
  0.000000000000000E+000  0.000000000000000E+000  0.000000000000000E+000
  0.000000000000000E+000  0.000000000000000E+000  0.000000000000000E+000
  0.000000000000000E+000  0.000000000000000E+000  0.000000000000000E+000
  0.000000000000000E+000  0.000000000000000E+000  0.000000000000000E+000
  0.000000000000000E+000  0.000000000000000E+000  0.000000000000000E+000
  0.000000000000000E+000  0.000000000000000E+000  0.000000000000000E+000
  2.352000000000000E-003  0.000000000000000E+000  0.000000000000000E+000
   1.58679132000000       1.969426000000000E-002  2.540000000000000E-006
  1.045392000000000E-002  0.000000000000000E+000  0.000000000000000E+000
  0.000000000000000E+000  0.000000000000000E+000  0.000000000000000E+000
  0.000000000000000E+000  0.000000000000000E+000  0.000000000000000E+000
  0.000000000000000E+000  0.000000000000000E+000  0.000000000000000E+000
  0.000000000000000E+000  0.000000000000000E+000  0.000000000000000E+000
  0.000000000000000E+000  0.000000000000000E+000  0.000000000000000E+000
  0.000000000000000E+000  0.000000000000000E+000  0.000000000000000E+000
  1.869000000000000E-003  0.000000000000000E+000  0.000000000000000E+000
  0.509778000000000       1.635960000000000E-003  0.000000000000000E+000
   1.43608260000000       1.441206000000000E-002  1.600000000000000E-007
  0.000000000000000E+000  0.000000000000000E+000  0.000000000000000E+000
  0.000000000000000E+000  0.000000000000000E+000  0.000000000000000E+000
  0.000000000000000E+000  0.000000000000000E+000  0.000000000000000E+000
  1.827240000000000E-003  0.000000000000000E+000  0.000000000000000E+000
  5.404800000000000E-004  0.000000000000000E+000  0.000000000000000E+000
  4.116000000000000E-005  0.000000000000000E+000  0.000000000000000E+000
  5.929320000000000E-003  0.000000000000000E+000  0.000000000000000E+000
  0.239402280000000       5.394800000000001E-004  0.000000000000000E+000
   10.6669897200000       0.294020240000000       8.960000000000001E-006
  0.168421080000000       0.000000000000000E+000  0.000000000000000E+000
  0.154668480000000       0.000000000000000E+000  0.000000000000000E+000
  0.000000000000000E+000  0.000000000000000E+000  0.000000000000000E+000
  3.258864000000000E-002  0.000000000000000E+000  0.000000000000000E+000
  3.181956000000000E-002  0.000000000000000E+000  0.000000000000000E+000
  2.803428000000000E-002  0.000000000000000E+000  0.000000000000000E+000
  0.132363600000000       0.000000000000000E+000  0.000000000000000E+000
  0.728829600000000       3.631780000000000E-003  0.000000000000000E+000
   8.08661628000000       0.104214080000000       0.000000000000000E+000
   5.50831644000000       6.772780000000001E-003  0.000000000000000E+000
  1.859544000000000E-002  0.000000000000000E+000  0.000000000000000E+000
  0.000000000000000E+000  0.000000000000000E+000  0.000000000000000E+000
  9.854328000000001E-002  0.000000000000000E+000  0.000000000000000E+000
   1.60336152000000       2.473460000000000E-003  0.000000000000000E+000
   1.80407664000000       1.045600000000000E-003  0.000000000000000E+000
   2.63156604000000       1.294720000000000E-003  0.000000000000000E+000
   4.31667468000000       2.070656000000000E-002  0.000000000000000E+000
   12.9365822400000       4.270330000000001E-002  4.800000000000000E-006
   20.3622164400000       5.839947999999999E-002  0.000000000000000E+000
   4.80115968000000       0.000000000000000E+000  0.000000000000000E+000
  5.543760000000000E-003  0.000000000000000E+000  0.000000000000000E+000
  0.000000000000000E+000  0.000000000000000E+000  0.000000000000000E+000
  3.166800000000000E-004  0.000000000000000E+000  0.000000000000000E+000
   9.81912336000000       2.624100000000000E-003  0.000000000000000E+000
   12.3897688800000       1.275120000000000E-003  0.000000000000000E+000
   11.0634547200000       0.000000000000000E+000  0.000000000000000E+000
   15.7434312000000       5.602060000000000E-003  0.000000000000000E+000
   19.0846929600000       1.752056000000000E-002  0.000000000000000E+000
   17.6829492000000       1.480000000000000E-006  0.000000000000000E+000
   3.60772140000000       0.000000000000000E+000  0.000000000000000E+000
  0.133076880000000       0.000000000000000E+000  0.000000000000000E+000
  0.000000000000000E+000  0.000000000000000E+000  0.000000000000000E+000
  0.000000000000000E+000  0.000000000000000E+000  0.000000000000000E+000
   11.9965873200000       0.000000000000000E+000  0.000000000000000E+000
   13.4149154400000       0.000000000000000E+000  0.000000000000000E+000
   15.3380360400000       2.800000000000000E-007  0.000000000000000E+000
   15.9594938400000       0.000000000000000E+000  0.000000000000000E+000
   21.4848948000000       0.000000000000000E+000  0.000000000000000E+000
   14.9321058000000       8.680060000000000E-003  0.000000000000000E+000
   3.70443672000000       0.000000000000000E+000  0.000000000000000E+000
  0.000000000000000E+000  0.000000000000000E+000  0.000000000000000E+000
  4.577520000000000E-002  0.000000000000000E+000  0.000000000000000E+000
  0.113023200000000       0.000000000000000E+000  0.000000000000000E+000
  0.000000000000000E+000  0.000000000000000E+000  0.000000000000000E+000
  0.000000000000000E+000  0.000000000000000E+000  0.000000000000000E+000
  0.000000000000000E+000  0.000000000000000E+000  0.000000000000000E+000
  0.000000000000000E+000  0.000000000000000E+000  0.000000000000000E+000
  0.000000000000000E+000  0.000000000000000E+000  0.000000000000000E+000
  0.000000000000000E+000  0.000000000000000E+000  0.000000000000000E+000
  0.000000000000000E+000  0.000000000000000E+000  0.000000000000000E+000
  2.976000000000000E-005  0.000000000000000E+000  0.000000000000000E+000
  5.170500000000001E-002  3.898000000000000E-005  0.000000000000000E+000
  0.514331280000000       2.156060000000000E-003  3.940000000000000E-006
  0.000000000000000E+000  0.000000000000000E+000  0.000000000000000E+000
  0.000000000000000E+000  0.000000000000000E+000  0.000000000000000E+000
  0.000000000000000E+000  0.000000000000000E+000  0.000000000000000E+000
  0.000000000000000E+000  0.000000000000000E+000  0.000000000000000E+000
  0.000000000000000E+000  0.000000000000000E+000  0.000000000000000E+000
  0.000000000000000E+000  0.000000000000000E+000  0.000000000000000E+000
  0.000000000000000E+000  0.000000000000000E+000  0.000000000000000E+000
  1.492056000000000E-002  4.520000000000000E-006  0.000000000000000E+000
   1.08534312000000       9.450260000000000E-003  1.100000000000000E-006
  6.936960000000000E-003  0.000000000000000E+000  0.000000000000000E+000
  0.000000000000000E+000  0.000000000000000E+000  0.000000000000000E+000
  0.000000000000000E+000  0.000000000000000E+000  0.000000000000000E+000
  0.000000000000000E+000  0.000000000000000E+000  0.000000000000000E+000
  0.000000000000000E+000  0.000000000000000E+000  0.000000000000000E+000
  0.000000000000000E+000  0.000000000000000E+000  0.000000000000000E+000
  0.000000000000000E+000  0.000000000000000E+000  0.000000000000000E+000
  2.570280000000000E-003  0.000000000000000E+000  0.000000000000000E+000
   1.60480632000000       2.047522000000000E-002  6.400000000000000E-007
  2.280000000000000E-006  0.000000000000000E+000  0.000000000000000E+000
  0.000000000000000E+000  0.000000000000000E+000  0.000000000000000E+000
  0.000000000000000E+000  0.000000000000000E+000  0.000000000000000E+000
  0.000000000000000E+000  0.000000000000000E+000  0.000000000000000E+000
  0.000000000000000E+000  0.000000000000000E+000  0.000000000000000E+000
  0.000000000000000E+000  0.000000000000000E+000  0.000000000000000E+000
  0.000000000000000E+000  0.000000000000000E+000  0.000000000000000E+000
  9.427200000000001E-004  0.000000000000000E+000  0.000000000000000E+000
  0.483546480000000       1.976480000000000E-003  1.020000000000000E-006
   1.41347916000000       1.051722000000000E-002  4.400000000000000E-007
  0.000000000000000E+000  0.000000000000000E+000  0.000000000000000E+000
  0.000000000000000E+000  0.000000000000000E+000  0.000000000000000E+000
  4.221600000000000E-004  0.000000000000000E+000  0.000000000000000E+000
  9.600000000000001E-007  0.000000000000000E+000  0.000000000000000E+000
  1.764000000000000E-004  0.000000000000000E+000  0.000000000000000E+000
  3.200400000000000E-004  0.000000000000000E+000  0.000000000000000E+000
  1.979160000000000E-003  0.000000000000000E+000  0.000000000000000E+000
  0.316421160000000       2.110600000000000E-004  0.000000000000000E+000
   10.4942104800000       0.355459860000000       9.680000000000000E-006
  1.947828000000000E-002  0.000000000000000E+000  0.000000000000000E+000
  0.000000000000000E+000  0.000000000000000E+000  0.000000000000000E+000
  0.000000000000000E+000  0.000000000000000E+000  0.000000000000000E+000
  3.223152000000000E-002  4.515600000000000E-004  0.000000000000000E+000
  2.742444000000000E-002  0.000000000000000E+000  0.000000000000000E+000
  4.227912000000000E-002  0.000000000000000E+000  0.000000000000000E+000
  6.561288000000000E-002  0.000000000000000E+000  0.000000000000000E+000
  0.943044000000000       2.250600000000000E-003  0.000000000000000E+000
   9.96673548000000       0.148920660000000       0.000000000000000E+000
   5.99750256000000       2.318024000000000E-002  0.000000000000000E+000
  0.000000000000000E+000  0.000000000000000E+000  0.000000000000000E+000
  0.000000000000000E+000  0.000000000000000E+000  0.000000000000000E+000
  0.000000000000000E+000  0.000000000000000E+000  0.000000000000000E+000
   1.93227660000000       4.026400000000000E-004  0.000000000000000E+000
   2.39784180000000       2.692600000000000E-004  0.000000000000000E+000
   2.79227604000000       3.530399999999999E-004  0.000000000000000E+000
   5.33580540000000       9.765160000000000E-003  0.000000000000000E+000
   12.6371079600000       4.610875999999999E-002  0.000000000000000E+000
   22.1890476000000       1.582806000000000E-002  0.000000000000000E+000
   4.15684512000000       0.000000000000000E+000  0.000000000000000E+000
  0.000000000000000E+000  0.000000000000000E+000  0.000000000000000E+000
  0.000000000000000E+000  0.000000000000000E+000  0.000000000000000E+000
  0.000000000000000E+000  0.000000000000000E+000  0.000000000000000E+000
   10.9112407200000       1.354290000000000E-002  0.000000000000000E+000
   9.12264684000000       3.241740000000000E-003  0.000000000000000E+000
   12.7159603200000       7.091000000000001E-004  0.000000000000000E+000
   14.2232263200000       1.443944000000000E-002  0.000000000000000E+000
   20.7084028800000       1.655404000000000E-002  0.000000000000000E+000
   15.0390375600000       1.109918000000000E-002  0.000000000000000E+000
   3.67336332000000       0.000000000000000E+000  0.000000000000000E+000
  0.000000000000000E+000  0.000000000000000E+000  0.000000000000000E+000
  0.000000000000000E+000  0.000000000000000E+000  0.000000000000000E+000
  6.240000000000000E-006  0.000000000000000E+000  0.000000000000000E+000
   13.5721413600000       0.000000000000000E+000  0.000000000000000E+000
   12.2124698400000       0.000000000000000E+000  0.000000000000000E+000
   13.9555302000000       0.000000000000000E+000  0.000000000000000E+000
   16.3756575600000       0.000000000000000E+000  0.000000000000000E+000
   18.3007578000000       0.000000000000000E+000  0.000000000000000E+000
   18.4133724000000       0.000000000000000E+000  0.000000000000000E+000
   2.68111968000000       0.000000000000000E+000  0.000000000000000E+000
  0.000000000000000E+000  0.000000000000000E+000  0.000000000000000E+000
  0.185127960000000       0.000000000000000E+000  0.000000000000000E+000
  2.771808000000000E-002  0.000000000000000E+000  0.000000000000000E+000
  0.000000000000000E+000  0.000000000000000E+000  0.000000000000000E+000
  0.000000000000000E+000  0.000000000000000E+000  0.000000000000000E+000
  0.000000000000000E+000  0.000000000000000E+000  0.000000000000000E+000
  0.000000000000000E+000  0.000000000000000E+000  0.000000000000000E+000
  0.000000000000000E+000  0.000000000000000E+000  0.000000000000000E+000
  0.000000000000000E+000  0.000000000000000E+000  0.000000000000000E+000
  0.000000000000000E+000  0.000000000000000E+000  0.000000000000000E+000
  2.280000000000000E-006  0.000000000000000E+000  0.000000000000000E+000
  5.359668000000003E-002  1.858000000000000E-005  0.000000000000000E+000
  0.502774080000000       2.162439999999999E-003  2.220000000000000E-006
  0.000000000000000E+000  0.000000000000000E+000  0.000000000000000E+000
  0.000000000000000E+000  0.000000000000000E+000  0.000000000000000E+000
  0.000000000000000E+000  0.000000000000000E+000  0.000000000000000E+000
  0.000000000000000E+000  0.000000000000000E+000  0.000000000000000E+000
  0.000000000000000E+000  0.000000000000000E+000  0.000000000000000E+000
  0.000000000000000E+000  0.000000000000000E+000  0.000000000000000E+000
  0.000000000000000E+000  0.000000000000000E+000  0.000000000000000E+000
  1.999452000000000E-002  4.560000000000000E-006  0.000000000000000E+000
   1.03804164000000       9.860000000000002E-003  1.020000000000000E-006
  1.247760000000000E-003  0.000000000000000E+000  0.000000000000000E+000
  0.000000000000000E+000  0.000000000000000E+000  0.000000000000000E+000
  0.000000000000000E+000  0.000000000000000E+000  0.000000000000000E+000
  0.000000000000000E+000  0.000000000000000E+000  0.000000000000000E+000
  0.000000000000000E+000  0.000000000000000E+000  0.000000000000000E+000
  0.000000000000000E+000  0.000000000000000E+000  0.000000000000000E+000
  0.000000000000000E+000  0.000000000000000E+000  0.000000000000000E+000
  3.771360000000000E-003  0.000000000000000E+000  0.000000000000000E+000
   1.67321676000000       2.314782000000000E-002  7.459999999999999E-006
  4.133400000000001E-003  0.000000000000000E+000  0.000000000000000E+000
  0.000000000000000E+000  0.000000000000000E+000  0.000000000000000E+000
  0.000000000000000E+000  0.000000000000000E+000  0.000000000000000E+000
  0.000000000000000E+000  0.000000000000000E+000  0.000000000000000E+000
  0.000000000000000E+000  0.000000000000000E+000  0.000000000000000E+000
  0.000000000000000E+000  0.000000000000000E+000  0.000000000000000E+000
  0.000000000000000E+000  0.000000000000000E+000  0.000000000000000E+000
  8.190000000000000E-004  0.000000000000000E+000  0.000000000000000E+000
  0.458798640000000       1.491540000000000E-003  0.000000000000000E+000
   1.49970468000000       1.091398000000000E-002  8.019999999999999E-006
  0.118618920000000       0.000000000000000E+000  0.000000000000000E+000
  0.000000000000000E+000  0.000000000000000E+000  0.000000000000000E+000
  8.936400000000000E-004  0.000000000000000E+000  0.000000000000000E+000
  1.006800000000000E-004  0.000000000000000E+000  0.000000000000000E+000
  1.554000000000000E-004  0.000000000000000E+000  0.000000000000000E+000
  7.200000000000000E-007  0.000000000000000E+000  0.000000000000000E+000
  3.680519999999999E-003  0.000000000000000E+000  0.000000000000000E+000
  0.230913600000000       5.531200000000000E-004  0.000000000000000E+000
   10.1614064400000       0.316994580000000       9.439999999999999E-006
  2.894400000000000E-004  0.000000000000000E+000  0.000000000000000E+000
  0.000000000000000E+000  0.000000000000000E+000  0.000000000000000E+000
  0.000000000000000E+000  0.000000000000000E+000  0.000000000000000E+000
  7.383204000000000E-002  0.000000000000000E+000  0.000000000000000E+000
  8.878200000000001E-003  0.000000000000000E+000  0.000000000000000E+000
  5.466624000000001E-002  0.000000000000000E+000  0.000000000000000E+000
  0.128588880000000       0.000000000000000E+000  0.000000000000000E+000
  0.734409120000000       2.601819999999999E-003  0.000000000000000E+000
   9.87196896000000       0.121927460000000       0.000000000000000E+000
   6.60655872000000       5.915559999999999E-003  0.000000000000000E+000
  9.499680000000000E-003  0.000000000000000E+000  0.000000000000000E+000
  0.120000000000000       0.000000000000000E+000  0.000000000000000E+000
  0.000000000000000E+000  0.000000000000000E+000  0.000000000000000E+000
   2.03315568000000       1.908860000000000E-003  0.000000000000000E+000
   1.90681536000000       7.164600000000000E-003  0.000000000000000E+000
   2.34390480000000       5.155240000000000E-003  0.000000000000000E+000
   4.76216676000000       1.176112000000000E-002  0.000000000000000E+000
   12.8913250800000       2.844498000000000E-002  0.000000000000000E+000
   20.0926564800000       3.390215999999999E-002  0.000000000000000E+000
   4.63948164000000       0.000000000000000E+000  0.000000000000000E+000
  0.120328920000000       0.000000000000000E+000  0.000000000000000E+000
  0.000000000000000E+000  0.000000000000000E+000  0.000000000000000E+000
  0.000000000000000E+000  0.000000000000000E+000  0.000000000000000E+000
   8.60209104000000       4.816400000000000E-004  0.000000000000000E+000
   11.6747574000000       1.132600000000000E-004  0.000000000000000E+000
   11.5579472400000       1.874160000000000E-003  0.000000000000000E+000
   15.0985498800000       1.948364000000000E-002  0.000000000000000E+000
   16.3925098800000       1.330352000000000E-002  0.000000000000000E+000
   19.1855497200000       1.388564000000000E-002  0.000000000000000E+000
   3.40358760000000       0.000000000000000E+000  0.000000000000000E+000
  0.120000000000000       0.000000000000000E+000  0.000000000000000E+000
  0.000000000000000E+000  0.000000000000000E+000  0.000000000000000E+000
  1.970088000000000E-002  0.000000000000000E+000  0.000000000000000E+000
   12.1978386000000       0.000000000000000E+000  0.000000000000000E+000
   13.4821872000000       0.000000000000000E+000  0.000000000000000E+000
   15.0783765600000       2.218800000000000E-004  0.000000000000000E+000
   17.5277394000000       0.000000000000000E+000  0.000000000000000E+000
   18.9565744800000       6.207840000000000E-003  0.000000000000000E+000
   15.9345558000000       0.000000000000000E+000  0.000000000000000E+000
   2.94285636000000       0.000000000000000E+000  0.000000000000000E+000
  0.240000000000000       0.000000000000000E+000  0.000000000000000E+000
  6.293783999999999E-002  0.000000000000000E+000  0.000000000000000E+000
  6.861048000000000E-002  0.000000000000000E+000  0.000000000000000E+000
  0.000000000000000E+000  0.000000000000000E+000  0.000000000000000E+000
  0.000000000000000E+000  0.000000000000000E+000  0.000000000000000E+000
  0.000000000000000E+000  0.000000000000000E+000  0.000000000000000E+000
  0.000000000000000E+000  0.000000000000000E+000  0.000000000000000E+000
  0.000000000000000E+000  0.000000000000000E+000  0.000000000000000E+000
  0.000000000000000E+000  0.000000000000000E+000  0.000000000000000E+000
  0.000000000000000E+000  0.000000000000000E+000  0.000000000000000E+000
  2.569200000000000E-004  0.000000000000000E+000  0.000000000000000E+000
  5.425416000000001E-002  1.886000000000000E-005  0.000000000000000E+000
  0.534067680000000       2.322960000000000E-003  1.800000000000000E-007
  0.000000000000000E+000  0.000000000000000E+000  0.000000000000000E+000
  0.000000000000000E+000  0.000000000000000E+000  0.000000000000000E+000
  0.000000000000000E+000  0.000000000000000E+000  0.000000000000000E+000
  0.000000000000000E+000  0.000000000000000E+000  0.000000000000000E+000
  0.000000000000000E+000  0.000000000000000E+000  0.000000000000000E+000
  0.000000000000000E+000  0.000000000000000E+000  0.000000000000000E+000
  0.000000000000000E+000  0.000000000000000E+000  0.000000000000000E+000
  1.566012000000000E-002  0.000000000000000E+000  0.000000000000000E+000
   1.07244192000000       1.042440000000000E-002  6.200000000000000E-007
  1.126776000000000E-002  0.000000000000000E+000  0.000000000000000E+000
  0.000000000000000E+000  0.000000000000000E+000  0.000000000000000E+000
  0.000000000000000E+000  0.000000000000000E+000  0.000000000000000E+000
  0.000000000000000E+000  0.000000000000000E+000  0.000000000000000E+000
  0.000000000000000E+000  0.000000000000000E+000  0.000000000000000E+000
  0.000000000000000E+000  0.000000000000000E+000  0.000000000000000E+000
  0.000000000000000E+000  0.000000000000000E+000  0.000000000000000E+000
  2.188560000000000E-003  0.000000000000000E+000  0.000000000000000E+000
   1.62863892000000       2.316650000000000E-002  3.000000000000000E-007
  0.000000000000000E+000  0.000000000000000E+000  0.000000000000000E+000
  0.115074600000000       0.000000000000000E+000  0.000000000000000E+000
  0.000000000000000E+000  0.000000000000000E+000  0.000000000000000E+000
  0.000000000000000E+000  0.000000000000000E+000  0.000000000000000E+000
  0.000000000000000E+000  0.000000000000000E+000  0.000000000000000E+000
  0.000000000000000E+000  0.000000000000000E+000  0.000000000000000E+000
  0.000000000000000E+000  0.000000000000000E+000  0.000000000000000E+000
  3.908400000000000E-004  0.000000000000000E+000  0.000000000000000E+000
  0.486993840000000       1.552520000000000E-003  0.000000000000000E+000
   1.36296960000000       5.977440000000001E-003  2.060000000000000E-006
  0.000000000000000E+000  0.000000000000000E+000  0.000000000000000E+000
  0.000000000000000E+000  0.000000000000000E+000  0.000000000000000E+000
  0.000000000000000E+000  0.000000000000000E+000  0.000000000000000E+000
  1.200000000000000E-007  0.000000000000000E+000  0.000000000000000E+000
  0.000000000000000E+000  0.000000000000000E+000  0.000000000000000E+000
  2.976600000000000E-003  0.000000000000000E+000  0.000000000000000E+000
  3.233279999999999E-003  0.000000000000000E+000  0.000000000000000E+000
  0.286916400000000       2.471120000000000E-003  0.000000000000000E+000
   9.92938620000000       0.320130300000000       0.000000000000000E+000
  4.227888000000000E-002  0.000000000000000E+000  0.000000000000000E+000
  0.000000000000000E+000  0.000000000000000E+000  0.000000000000000E+000
  0.000000000000000E+000  0.000000000000000E+000  0.000000000000000E+000
  6.879120000000000E-003  0.000000000000000E+000  0.000000000000000E+000
  1.475460000000000E-002  0.000000000000000E+000  0.000000000000000E+000
  4.527576000000000E-002  0.000000000000000E+000  0.000000000000000E+000
  0.125628720000000       1.635000000000000E-004  0.000000000000000E+000
  0.685740480000000       4.138140000000001E-003  0.000000000000000E+000
   8.75382372000000       0.111650500000000       0.000000000000000E+000
   6.43941348000000       1.774036000000000E-002  0.000000000000000E+000
  9.032460000000000E-002  0.000000000000000E+000  0.000000000000000E+000
  0.000000000000000E+000  0.000000000000000E+000  0.000000000000000E+000
  0.000000000000000E+000  0.000000000000000E+000  0.000000000000000E+000
   2.18098296000000       7.194199999999999E-004  0.000000000000000E+000
   1.65228672000000       5.155700000000001E-003  0.000000000000000E+000
   2.27610396000000       6.051700000000001E-003  0.000000000000000E+000
   5.16694308000000       1.534602000000000E-002  0.000000000000000E+000
   12.0652237200000       3.253114000000000E-002  7.080000000000000E-006
   19.0083825600000       5.220149999999999E-002  0.000000000000000E+000
   4.96181952000000       0.000000000000000E+000  0.000000000000000E+000
  0.121856160000000       0.000000000000000E+000  0.000000000000000E+000
  2.021160000000000E-003  0.000000000000000E+000  0.000000000000000E+000
  0.000000000000000E+000  0.000000000000000E+000  0.000000000000000E+000
   8.94605028000000       1.800000000000000E-007  0.000000000000000E+000
   10.2260580000000       1.002004000000000E-002  0.000000000000000E+000
   13.4146948800000       3.693600000000001E-004  0.000000000000000E+000
   13.1696946000000       0.000000000000000E+000  0.000000000000000E+000
   19.4994937200000       4.636400000000000E-003  0.000000000000000E+000
   16.8065637600000       3.840060000000000E-003  0.000000000000000E+000
   3.67132704000000       0.000000000000000E+000  0.000000000000000E+000
  0.193852680000000       0.000000000000000E+000  0.000000000000000E+000
  0.000000000000000E+000  0.000000000000000E+000  0.000000000000000E+000
  4.848912000000000E-002  0.000000000000000E+000  0.000000000000000E+000
   12.1438549200000       6.506360000000000E-003  0.000000000000000E+000
   13.3407300000000       0.000000000000000E+000  0.000000000000000E+000
   12.7668669600000       5.266000000000000E-005  0.000000000000000E+000
   15.1472437200000       0.000000000000000E+000  0.000000000000000E+000
   17.4716044800000       0.000000000000000E+000  0.000000000000000E+000
   15.9643579200000       0.000000000000000E+000  0.000000000000000E+000
   2.98226292000000       0.000000000000000E+000  0.000000000000000E+000
  0.000000000000000E+000  0.000000000000000E+000  0.000000000000000E+000
  0.000000000000000E+000  0.000000000000000E+000  0.000000000000000E+000
  0.000000000000000E+000  0.000000000000000E+000  0.000000000000000E+000
