  0.40960225531914901        1.3256595744680852E-003   6.1702127659574471E-007
  0.41520012765957443        1.6654680851063827E-003   2.1276595744680850E-008
  0.44047723404255323        1.5892340425531905E-003   2.1276595744680850E-008
  0.47011072340425514        2.0580425531914900E-003   8.5106382978723400E-008
  0.53193153191489351        2.3427021276595746E-003   3.1914893617021275E-007
  0.63264242553191496        3.5852978723404246E-003   1.9574468085106381E-006
  0.79514770212765917        4.6664255319148933E-003   1.8297872340425533E-006
  0.45495000000000013        1.9192340425531914E-003   1.2765957446808511E-007
   6.1972340425531909E-002   6.7999999999999999E-005   0.0000000000000000     
   3.3949021276595742E-002   5.1787234042553191E-005   0.0000000000000000     
   5.9655319148936169E-004   0.0000000000000000        0.0000000000000000     
   3.1340425531914894E-004   0.0000000000000000        0.0000000000000000     
   7.2395744680851099E-004   0.0000000000000000        0.0000000000000000     
   1.0074893617021278E-003   0.0000000000000000        0.0000000000000000     
   1.7217446808510638E-003   0.0000000000000000        0.0000000000000000     
   6.5451063829787236E-003   6.1702127659574471E-007   0.0000000000000000     
   4.9510723404255330E-002   4.0723404255319144E-005   0.0000000000000000     
  0.30079621276595742        7.0648936170212759E-004   9.1489361702127667E-007
  0.59621795744680850        2.8147872340425527E-003   5.3617021276595749E-006
   6.6800808510638285E-002   1.5878723404255318E-004   0.0000000000000000     
   0.0000000000000000        0.0000000000000000        0.0000000000000000     
   0.0000000000000000        0.0000000000000000        0.0000000000000000     
   0.0000000000000000        0.0000000000000000        0.0000000000000000     
   0.0000000000000000        0.0000000000000000        0.0000000000000000     
   0.0000000000000000        0.0000000000000000        0.0000000000000000     
   3.0638297872340428E-006   0.0000000000000000        0.0000000000000000     
   5.5710638297872331E-004   0.0000000000000000        0.0000000000000000     
   3.8783617021276598E-002   3.4319148936170208E-005   0.0000000000000000     
  0.44156004255319148        1.6500212765957444E-003   4.8297872340425532E-006
  0.13076055319148941        4.4717021276595757E-004   0.0000000000000000     
   0.0000000000000000        0.0000000000000000        0.0000000000000000     
   0.0000000000000000        0.0000000000000000        0.0000000000000000     
   0.0000000000000000        0.0000000000000000        0.0000000000000000     
   0.0000000000000000        0.0000000000000000        0.0000000000000000     
   0.0000000000000000        0.0000000000000000        0.0000000000000000     
   0.0000000000000000        0.0000000000000000        0.0000000000000000     
   0.0000000000000000        0.0000000000000000        0.0000000000000000     
   4.2924255319148940E-003   0.0000000000000000        0.0000000000000000     
  0.22429353191489362        3.7023404255319154E-004   7.4468085106382969E-007
  0.28076361702127667        9.6155319148936178E-004   4.8510638297872341E-006
   0.0000000000000000        0.0000000000000000        0.0000000000000000     
   0.0000000000000000        0.0000000000000000        0.0000000000000000     
   0.0000000000000000        0.0000000000000000        0.0000000000000000     
   0.0000000000000000        0.0000000000000000        0.0000000000000000     
   0.0000000000000000        0.0000000000000000        0.0000000000000000     
   0.0000000000000000        0.0000000000000000        0.0000000000000000     
   0.0000000000000000        0.0000000000000000        0.0000000000000000     
   2.2493617021276596E-004   0.0000000000000000        0.0000000000000000     
   8.9778510638297851E-002   5.1170212765957447E-005   0.0000000000000000     
  0.44869608510638304        1.6572765957446809E-003   5.5319148936170212E-007
   1.1981993617021276        1.2498319148936170E-002   0.0000000000000000     
   1.1065968510638298        6.6524893617021293E-003   0.0000000000000000     
  0.93530693617021288        6.6939574468085098E-003   2.1276595744680850E-008
  0.87945944680851085        6.1972765957446817E-003   1.4893617021276595E-007
  0.51927944680851068        1.6911276595744681E-003   0.0000000000000000     
  0.12968004255319146        8.2638297872340418E-005   0.0000000000000000     
   2.8832808510638294E-002   0.0000000000000000        0.0000000000000000     
   0.0000000000000000        0.0000000000000000        0.0000000000000000     
   8.1164680851063820E-003   0.0000000000000000        0.0000000000000000     
   2.8570723404255319E-002   0.0000000000000000        0.0000000000000000     
  0.10574719148936171        2.2827659574468079E-004   0.0000000000000000     
  0.10563765957446811        2.8765957446808509E-005   0.0000000000000000     
  0.12179706382978718        1.2351063829787234E-004   0.0000000000000000     
  0.20033195744680851        1.3408510638297872E-004   0.0000000000000000     
  0.31120927659574471        6.4695744680851053E-004   0.0000000000000000     
  0.82976348936170219        5.8706170212765949E-003   0.0000000000000000     
   2.0295476170212763        3.2869723404255313E-002   1.1063829787234042E-006
  0.15158310638297873        1.4178723404255318E-004   0.0000000000000000     
   1.2984255319148936E-003   0.0000000000000000        0.0000000000000000     
   0.0000000000000000        0.0000000000000000        0.0000000000000000     
   0.0000000000000000        0.0000000000000000        0.0000000000000000     
   1.0787234042553191E-004   0.0000000000000000        0.0000000000000000     
   8.9361702127659575E-006   0.0000000000000000        0.0000000000000000     
   4.1387234042553186E-004   0.0000000000000000        0.0000000000000000     
   7.2510638297872338E-004   0.0000000000000000        0.0000000000000000     
   6.9254042553191500E-003   0.0000000000000000        0.0000000000000000     
  0.17309693617021271        1.4374468085106385E-004   0.0000000000000000     
   1.5069532340425531        1.8561191489361698E-002   5.1702127659574476E-006
   7.4520000000000003E-003   0.0000000000000000        0.0000000000000000     
   8.3139574468085106E-003   0.0000000000000000        0.0000000000000000     
   0.0000000000000000        0.0000000000000000        0.0000000000000000     
   0.0000000000000000        0.0000000000000000        0.0000000000000000     
   0.0000000000000000        0.0000000000000000        0.0000000000000000     
   0.0000000000000000        0.0000000000000000        0.0000000000000000     
   0.0000000000000000        0.0000000000000000        0.0000000000000000     
   0.0000000000000000        0.0000000000000000        0.0000000000000000     
   2.8529361702127661E-003   0.0000000000000000        0.0000000000000000     
  0.42663574468085108        1.6094468085106383E-003   0.0000000000000000     
   4.8176936170212778E-002   1.7985106382978724E-004   0.0000000000000000     
   7.3761702127659581E-004   0.0000000000000000        0.0000000000000000     
   0.0000000000000000        0.0000000000000000        0.0000000000000000     
   0.0000000000000000        0.0000000000000000        0.0000000000000000     
   0.0000000000000000        0.0000000000000000        0.0000000000000000     
   0.0000000000000000        0.0000000000000000        0.0000000000000000     
   0.0000000000000000        0.0000000000000000        0.0000000000000000     
   0.0000000000000000        0.0000000000000000        0.0000000000000000     
   2.4255319148936170E-004   0.0000000000000000        0.0000000000000000     
   5.9241191489361716E-002   5.4787234042553190E-005   0.0000000000000000     
  0.69449157446808507        6.0105957446808514E-003   0.0000000000000000     
   1.9605829787234044E-002   0.0000000000000000        0.0000000000000000     
   8.9568765957446811E-002   0.0000000000000000        0.0000000000000000     
   3.3860170212765953E-002   0.0000000000000000        0.0000000000000000     
   3.8961702127659581E-004   0.0000000000000000        0.0000000000000000     
  0.15139021276595743        0.0000000000000000        0.0000000000000000     
  0.10356906382978724        0.0000000000000000        0.0000000000000000     
   0.0000000000000000        0.0000000000000000        0.0000000000000000     
   0.0000000000000000        0.0000000000000000        0.0000000000000000     
   0.0000000000000000        0.0000000000000000        0.0000000000000000     
   0.0000000000000000        0.0000000000000000        0.0000000000000000     
   0.0000000000000000        0.0000000000000000        0.0000000000000000     
   5.3291606808510634       0.22634012765957445        2.5531914893617020E-006
   5.7281826382978709       0.24150085106382979        1.6297872340425532E-005
   5.8945108085106401       0.23278408510638290        1.0893617021276595E-005
   5.8084977446808512       0.22981829787234037        1.2106382978723405E-005
   6.0406935319148936       0.25721425531914888        6.1702127659574471E-007
   3.3720186382978734        6.3426148936170199E-002   2.1063829787234044E-006
  0.24517697872340430        6.3644680851063836E-004   0.0000000000000000     
   1.5063829787234041E-005   0.0000000000000000        0.0000000000000000     
   0.0000000000000000        0.0000000000000000        0.0000000000000000     
   0.0000000000000000        0.0000000000000000        0.0000000000000000     
   2.9325063829787230E-002   0.0000000000000000        0.0000000000000000     
   3.2325957446808509E-002   0.0000000000000000        0.0000000000000000     
   3.8011276595744672E-002   0.0000000000000000        0.0000000000000000     
   5.7888765957446811E-002   0.0000000000000000        0.0000000000000000     
  0.18916544680851066        2.6474468085106376E-004   0.0000000000000000     
   1.0372745106382977        9.9613404255319178E-003   0.0000000000000000     
   4.1130114893617025       0.13488361702127663        1.0042553191489361E-005
   5.3600808510638288E-002   0.0000000000000000        0.0000000000000000     
   0.0000000000000000        0.0000000000000000        0.0000000000000000     
   1.2994468085106383E-003   0.0000000000000000        0.0000000000000000     
   0.0000000000000000        0.0000000000000000        0.0000000000000000     
   0.0000000000000000        0.0000000000000000        0.0000000000000000     
   0.0000000000000000        0.0000000000000000        0.0000000000000000     
   0.0000000000000000        0.0000000000000000        0.0000000000000000     
   4.5268085106382977E-004   0.0000000000000000        0.0000000000000000     
   5.0088510638297869E-003   0.0000000000000000        0.0000000000000000     
  0.60665757446808510        2.4462127659574473E-003   0.0000000000000000     
   1.6488123829787236        2.2240957446808512E-002   1.2765957446808511E-007
   1.7578723404255319E-004   0.0000000000000000        0.0000000000000000     
   0.0000000000000000        0.0000000000000000        0.0000000000000000     
   0.0000000000000000        0.0000000000000000        0.0000000000000000     
   0.0000000000000000        0.0000000000000000        0.0000000000000000     
   0.0000000000000000        0.0000000000000000        0.0000000000000000     
   0.0000000000000000        0.0000000000000000        0.0000000000000000     
   2.2595744680851065E-005   0.0000000000000000        0.0000000000000000     
   2.5531914893617021E-007   0.0000000000000000        0.0000000000000000     
   1.2855829787234043E-002   0.0000000000000000        0.0000000000000000     
   2.6379395744680849        5.5308212765957460E-002   8.2765957446808513E-006
   1.4670382978723405E-002   0.0000000000000000        0.0000000000000000     
   0.0000000000000000        0.0000000000000000        0.0000000000000000     
   3.7021276595744681E-006   0.0000000000000000        0.0000000000000000     
  0.11351068085106383        0.0000000000000000        0.0000000000000000     
  0.12186587234042554        0.0000000000000000        0.0000000000000000     
   0.0000000000000000        0.0000000000000000        0.0000000000000000     
   0.0000000000000000        0.0000000000000000        0.0000000000000000     
   0.0000000000000000        0.0000000000000000        0.0000000000000000     
   0.0000000000000000        0.0000000000000000        0.0000000000000000     
   0.0000000000000000        0.0000000000000000        0.0000000000000000     
   8.5135914893617035E-002   0.0000000000000000        0.0000000000000000     
   0.0000000000000000        0.0000000000000000        0.0000000000000000     
   4.4463385531914890        1.0822170212765957E-002   8.1276595744680850E-006
   3.6992089787234046        2.2705382978723401E-002   0.0000000000000000     
   3.2213091063829795        1.0931510638297873E-002   0.0000000000000000     
   2.1273792765957449        4.0449787234042552E-003   0.0000000000000000     
  0.74295217021276572        0.0000000000000000        0.0000000000000000     
   5.6627361702127663E-002   0.0000000000000000        0.0000000000000000     
   1.0245191489361701E-002   0.0000000000000000        0.0000000000000000     
   0.0000000000000000        0.0000000000000000        0.0000000000000000     
   0.0000000000000000        0.0000000000000000        0.0000000000000000     
   0.0000000000000000        0.0000000000000000        0.0000000000000000     
   3.0251991063829786        5.5523851063829795E-002   0.0000000000000000     
   3.1202813617021277        6.9120744680851096E-002   0.0000000000000000     
   3.4163106382978734        8.0848659574468087E-002   0.0000000000000000     
   4.5155439574468090       0.14373353191489360        0.0000000000000000     
   7.5863448510638296       0.30312493617021274        0.0000000000000000     
   8.4382434893617013       0.22951189361702129        4.9361702127659577E-006
  0.58980740425531919        1.9829787234042554E-005   0.0000000000000000     
   5.3579999999999999E-003   0.0000000000000000        0.0000000000000000     
   0.0000000000000000        0.0000000000000000        0.0000000000000000     
   0.0000000000000000        0.0000000000000000        0.0000000000000000     
   7.0248510638297873E-003   0.0000000000000000        0.0000000000000000     
   7.5813191489361694E-003   0.0000000000000000        0.0000000000000000     
   6.6310212765957445E-003   0.0000000000000000        0.0000000000000000     
   2.5473574468085111E-002   0.0000000000000000        0.0000000000000000     
  0.10199604255319147        2.3404255319148937E-007   0.0000000000000000     
   1.4180287659574469        1.5999617021276599E-002   0.0000000000000000     
   7.5531011489361699       0.22899691489361701        1.8489361702127659E-005
   1.1816680851063830E-002   0.0000000000000000        0.0000000000000000     
   0.0000000000000000        0.0000000000000000        0.0000000000000000     
   0.0000000000000000        0.0000000000000000        0.0000000000000000     
   0.0000000000000000        0.0000000000000000        0.0000000000000000     
   0.0000000000000000        0.0000000000000000        0.0000000000000000     
   0.0000000000000000        0.0000000000000000        0.0000000000000000     
   0.0000000000000000        0.0000000000000000        0.0000000000000000     
   6.3204255319148934E-004   0.0000000000000000        0.0000000000000000     
   9.2788085106382968E-003   0.0000000000000000        0.0000000000000000     
   1.7465331063829785        3.2396851063829793E-002   0.0000000000000000     
  0.32007970212765957        0.0000000000000000        0.0000000000000000     
   0.0000000000000000        0.0000000000000000        0.0000000000000000     
   0.0000000000000000        0.0000000000000000        0.0000000000000000     
   0.0000000000000000        0.0000000000000000        0.0000000000000000     
   0.0000000000000000        0.0000000000000000        0.0000000000000000     
   0.0000000000000000        0.0000000000000000        0.0000000000000000     
   0.0000000000000000        0.0000000000000000        0.0000000000000000     
   0.0000000000000000        0.0000000000000000        0.0000000000000000     
   0.0000000000000000        0.0000000000000000        0.0000000000000000     
   0.0000000000000000        0.0000000000000000        0.0000000000000000     
   0.0000000000000000        0.0000000000000000        0.0000000000000000     
   0.0000000000000000        0.0000000000000000        0.0000000000000000     
   0.0000000000000000        0.0000000000000000        0.0000000000000000     
   1.9560868085106384        0.0000000000000000        0.0000000000000000     
   1.8932680851063828        0.0000000000000000        0.0000000000000000     
   1.4503206382978719        7.8463829787234034E-003   0.0000000000000000     
   1.1562177446808508        0.0000000000000000        0.0000000000000000     
  0.90482591489361719        0.0000000000000000        0.0000000000000000     
  0.11613255319148937        0.0000000000000000        0.0000000000000000     
   0.0000000000000000        0.0000000000000000        0.0000000000000000     
   0.0000000000000000        0.0000000000000000        0.0000000000000000     
   0.0000000000000000        0.0000000000000000        0.0000000000000000     
   0.0000000000000000        0.0000000000000000        0.0000000000000000     
   16.955079829787234       0.18442885106382978        2.5744680851063829E-006
   16.081497191489362       0.18237172340425534        8.0851063829787239E-007
   15.579364595744684       0.14602425531914892        0.0000000000000000     
   13.654143319148936       0.11625753191489363        1.0638297872340426E-007
   7.4671363404255304        2.3141595744680853E-002   0.0000000000000000     
   2.6419574042553182        1.2765957446808511E-007   0.0000000000000000     
  0.57746157446808510        0.0000000000000000        0.0000000000000000     
  0.12369817021276595        0.0000000000000000        0.0000000000000000     
   0.0000000000000000        0.0000000000000000        0.0000000000000000     
   0.0000000000000000        0.0000000000000000        0.0000000000000000     
   1.2144818297872342        9.2205319148936180E-003   0.0000000000000000     
   1.2772386382978722        7.1036170212765972E-003   0.0000000000000000     
   1.7345151063829791        9.3006170212765974E-003   0.0000000000000000     
   2.4834172340425531        2.2317765957446809E-002   0.0000000000000000     
   6.7750637872340436       0.12687725531914895        7.8723404255319149E-007
   13.268844510638294       0.25955472340425539        0.0000000000000000     
  0.83099514893617021        0.0000000000000000        0.0000000000000000     
   0.0000000000000000        0.0000000000000000        0.0000000000000000     
   0.0000000000000000        0.0000000000000000        0.0000000000000000     
   0.0000000000000000        0.0000000000000000        0.0000000000000000     
   1.5702127659574470E-005   0.0000000000000000        0.0000000000000000     
   7.4370638297872344E-003   0.0000000000000000        0.0000000000000000     
   6.3477446808510637E-003   0.0000000000000000        0.0000000000000000     
   1.3045404255319150E-002   0.0000000000000000        0.0000000000000000     
   5.0676382978723393E-002   0.0000000000000000        0.0000000000000000     
   1.5551488085106382        1.4354914893617019E-002   0.0000000000000000     
   9.2702835319148953       0.14376261702127663        5.3617021276595749E-006
   3.8623276595744681E-002   0.0000000000000000        0.0000000000000000     
   0.0000000000000000        0.0000000000000000        0.0000000000000000     
   0.0000000000000000        0.0000000000000000        0.0000000000000000     
   0.0000000000000000        0.0000000000000000        0.0000000000000000     
   0.0000000000000000        0.0000000000000000        0.0000000000000000     
   8.0274510638297880E-002   0.0000000000000000        0.0000000000000000     
   2.8365957446808510E-004   0.0000000000000000        0.0000000000000000     
   1.5451787234042554E-002   0.0000000000000000        0.0000000000000000     
   0.0000000000000000        0.0000000000000000        0.0000000000000000     
   0.0000000000000000        0.0000000000000000        0.0000000000000000     
   1.2263489361702127E-002   0.0000000000000000        0.0000000000000000     
   0.0000000000000000        0.0000000000000000        0.0000000000000000     
   0.0000000000000000        0.0000000000000000        0.0000000000000000     
   1.2894666382978726        0.0000000000000000        0.0000000000000000     
  0.88598310638297861        0.0000000000000000        0.0000000000000000     
   2.2972953191489363        0.0000000000000000        0.0000000000000000     
   1.6217227659574467        0.0000000000000000        0.0000000000000000     
  0.22748578723404256        0.0000000000000000        0.0000000000000000     
  0.12765957446808510        0.0000000000000000        0.0000000000000000     
   0.0000000000000000        0.0000000000000000        0.0000000000000000     
  0.12123714893617023        0.0000000000000000        0.0000000000000000     
   0.0000000000000000        0.0000000000000000        0.0000000000000000     
   0.0000000000000000        0.0000000000000000        0.0000000000000000     
   14.237686468085109        1.5839999999999999E-003   0.0000000000000000     
   13.178447106382977        2.4733617021276597E-003   3.6170212765957445E-007
   14.349922978723406        8.2814893617021261E-003   0.0000000000000000     
   9.7357415744680846        2.1281255319148935E-002   2.9787234042553191E-007
   5.1649605957446818        0.0000000000000000        0.0000000000000000     
   1.5140738297872338        0.0000000000000000        0.0000000000000000     
   0.0000000000000000        0.0000000000000000        0.0000000000000000     
   0.0000000000000000        0.0000000000000000        0.0000000000000000     
   1.6764893617021277E-002   0.0000000000000000        0.0000000000000000     
   0.0000000000000000        0.0000000000000000        0.0000000000000000     
   15.160715489361703        5.8220744680851089E-002   0.0000000000000000     
   16.767380297872347       0.10740497872340427        0.0000000000000000     
   17.195501999999998       0.13912629787234046        0.0000000000000000     
   19.146595787234041       0.12168995744680852        0.0000000000000000     
   17.175793021276590        6.2523191489361710E-002   0.0000000000000000     
   9.3138231063829799        1.2332744680851064E-002   0.0000000000000000     
   1.2417928085106384        0.0000000000000000        0.0000000000000000     
   0.0000000000000000        0.0000000000000000        0.0000000000000000     
   0.0000000000000000        0.0000000000000000        0.0000000000000000     
   0.0000000000000000        0.0000000000000000        0.0000000000000000     
  0.34333046808510637        9.2319148936170206E-004   0.0000000000000000     
  0.42749948936170207        9.1872340425531911E-005   0.0000000000000000     
  0.61416153191489364        7.6938297872340439E-004   0.0000000000000000     
   1.3278666382978725        9.8151063829787235E-004   0.0000000000000000     
   4.4354779148936165        4.2265404255319147E-002   0.0000000000000000     
   16.567885276595749       0.20599868085106376        0.0000000000000000     
   4.1074954468085112        2.1828510638297874E-003   0.0000000000000000     
  0.13767957446808513        0.0000000000000000        0.0000000000000000     
   0.0000000000000000        0.0000000000000000        0.0000000000000000     
   0.0000000000000000        0.0000000000000000        0.0000000000000000     
   12.629005276595745        1.2765957446808511E-007   0.0000000000000000     
   11.595815361702128        7.2987234042553193E-003   0.0000000000000000     
   11.972584468085101        4.8488085106382977E-003   0.0000000000000000     
   8.4028734893617028        2.5238723404255319E-003   0.0000000000000000     
   6.4091802127659578        0.0000000000000000        0.0000000000000000     
   1.3836094468085107        0.0000000000000000        0.0000000000000000     
   5.0798170212765954E-002   0.0000000000000000        0.0000000000000000     
   0.0000000000000000        0.0000000000000000        0.0000000000000000     
   0.0000000000000000        0.0000000000000000        0.0000000000000000     
   0.0000000000000000        0.0000000000000000        0.0000000000000000     
   23.312772893617023        3.3232276595744681E-002   0.0000000000000000     
   22.493958382978725        2.0481680851063829E-002   0.0000000000000000     
   22.429267148936169        2.5592425531914889E-002   0.0000000000000000     
   20.080202297872336        1.2229127659574467E-002   0.0000000000000000     
   18.566467276595741        1.8257127659574469E-002   0.0000000000000000     
   8.3847196595744684        0.0000000000000000        0.0000000000000000     
  0.55527217021276587        0.0000000000000000        0.0000000000000000     
   0.0000000000000000        0.0000000000000000        0.0000000000000000     
   0.0000000000000000        0.0000000000000000        0.0000000000000000     
   0.0000000000000000        0.0000000000000000        0.0000000000000000     
   7.6850789361702141        2.8542851063829786E-002   0.0000000000000000     
   8.4827535319148915        3.7658659574468088E-002   2.5531914893617020E-006
   9.7918454042553194        2.4082914893617021E-002   0.0000000000000000     
   14.704425574468084        6.5571063829787224E-002   0.0000000000000000     
   21.121867787234041        7.4469255319148928E-002   3.9999999999999998E-006
   16.546815063829779        8.4153404255319156E-003   0.0000000000000000     
   2.6747977021276594        0.0000000000000000        0.0000000000000000     
   0.0000000000000000        0.0000000000000000        0.0000000000000000     
   0.0000000000000000        0.0000000000000000        0.0000000000000000     
   0.0000000000000000        0.0000000000000000        0.0000000000000000     
   16.182909446808505        5.4948297872340415E-003   0.0000000000000000     
   14.212803319148934        4.4466595744680855E-003   0.0000000000000000     
   16.023077617021276        4.2514893617021278E-004   0.0000000000000000     
   17.719446000000005        2.5319148936170216E-006   0.0000000000000000     
   17.670269872340427        4.7185106382978729E-004   0.0000000000000000     
   15.006497872340429        0.0000000000000000        0.0000000000000000     
   2.4996796595744679        0.0000000000000000        0.0000000000000000     
   0.0000000000000000        0.0000000000000000        0.0000000000000000     
   0.0000000000000000        0.0000000000000000        0.0000000000000000     
   0.0000000000000000        0.0000000000000000        0.0000000000000000     
