   196936877009132.       1.550684094488189E-002
   217389127061155.       1.711725433070867E-002
   236862797050187.       1.865061417322836E-002
   250629757032806.       1.973462677165353E-002
   268030582042949.       2.110477047244094E-002
   285714902077965.       2.249723661417324E-002
   305327372050554.       2.404152559055117E-002
   320398337075596.       2.522821574803150E-002
   333235487071161.       2.623901496062992E-002
   344591562061056.       2.713319409448819E-002
   353527282087231.       2.783679409448818E-002
   361039582081052.       2.842831377952754E-002
   367103842082015.       2.890581456692914E-002
   372955447073737.       2.936657086614173E-002
   373775727065173.       2.943115984251968E-002
   376113892057306.       2.961526732283464E-002
   378518177056506.       2.980458110236221E-002
   380178067062220.       2.993528110236220E-002
   384697952074583.       3.029117755905512E-002
   383827252094564.       3.022261850393702E-002
   386773962054576.       3.045464291338583E-002
   387895747071258.       3.054297244094487E-002
   386538937047143.       3.043613700787400E-002
   386354327072769.       3.042160078740158E-002
   391634012040540.       3.083732401574804E-002
   392586532039289.       3.091232559055117E-002
   394118347060160.       3.103294094488188E-002
   394851122035882.       3.109063976377953E-002
   396763202030662.       3.124119724409448E-002
   399900822036340.       3.148825393700787E-002
   397944057034986.       3.133417795275592E-002
   400614527025195.       3.154445118110236E-002
   401374987020122.       3.160432992125985E-002
   403979282027393.       3.180939251968504E-002
   406917247015004.       3.204072834645668E-002
   407993766989600.       3.212549370078739E-002
   408429361985038.       3.215979251968504E-002
   412082741961783.       3.244746023622046E-002
   410376226954150.       3.231308897637795E-002
   410727401984108.       3.234074055118109E-002
   416515396970045.       3.279648818897637E-002
   416768286977484.       3.281640078740156E-002
   417545596953809.       3.287760629921260E-002
   419149296947400.       3.300388188976378E-002
   420945336970138.       3.314530236220473E-002
   420484146962214.       3.310898818897640E-002
   419985251929223.       3.306970511811024E-002
   421911436945676.       3.322137322834646E-002
   423973626929561.       3.338375039370078E-002
   425854416917596.       3.353184409448819E-002
   425714166938925.       3.352080078740156E-002
   426816421925134.       3.360759251968504E-002
   429242796908740.       3.379864566929135E-002
   432752236914292.       3.407497952755904E-002
   432299396921953.       3.403932283464566E-002
   432809346896172.       3.407947637795275E-002
   432985961904440.       3.409338307086612E-002
   435567911890894.       3.429668622047244E-002
   436586706878209.       3.437690629921259E-002
   436919161890010.       3.440308385826773E-002
   437020651900901.       3.441107519685038E-002
   438167566892759.       3.450138346456693E-002
   441301111893041.       3.474811929133857E-002
   439238491869156.       3.458570826771654E-002
   440154131880039.       3.465780590551180E-002
   443049871883140.       3.488581692913386E-002
   442772156884429.       3.486394960629923E-002
   442195696874508.       3.481855905511811E-002
   442764311879784.       3.486333188976379E-002
   444267056887908.       3.498165826771654E-002
   444900266923001.       3.503151732283463E-002
   445018446899317.       3.504082283464566E-002
   444549191866220.       3.500387362204726E-002
   446068096880858.       3.512347244094487E-002
   445391761891439.       3.507021771653545E-002
   447879701893298.       3.526611850393702E-002
   446938846874423.       3.519203543307085E-002
   447057531857066.       3.520138070866145E-002
   449507256865714.       3.539427244094488E-002
   448033271878386.       3.527821062992126E-002
   448942636888680.       3.534981417322835E-002
   447564326905534.       3.524128582677167E-002
   447550581871555.       3.524020354330710E-002
   447752396895162.       3.525609448818898E-002
   449802181873133.       3.541749488188977E-002
   448396906895330.       3.530684330708661E-002
   449963526883814.       3.543019921259841E-002
   449856786893441.       3.542179448818900E-002
   450979056877916.       3.551016220472442E-002
   451229076890363.       3.552984881889761E-002
   450059326874102.       3.543774251968504E-002
   450279126878396.       3.545504960629922E-002
   451933431894812.       3.558530984251968E-002
   451634926898709.       3.556180551181103E-002
   451697356905795.       3.556672125984252E-002
   450934056854842.       3.550661889763779E-002
   452771036867073.       3.565126299212600E-002
   451256001884398.       3.553196889763778E-002
   452390671904828.       3.562131299212599E-002
   451796316889745.       3.557451338582680E-002
   452582971856416.       3.563645472440944E-002
   452896396878964.       3.566113385826770E-002
   453097551876678.       3.567697283464567E-002
   452510926872866.       3.563078188976378E-002
   451529446877090.       3.555350000000000E-002
   453299771863537.       3.569289566929134E-002
   451126366887016.       3.552176141732285E-002
   449940756891236.       3.542840629921258E-002
   449664561895246.       3.540665866141734E-002
   451116966895403.       3.552102125984252E-002
   451951786881845.       3.558675511811024E-002
   451943416870707.       3.558609606299212E-002
   451565931890047.       3.555637283464567E-002
   452539071884485.       3.563299803149608E-002
   450829351918425.       3.549837440944882E-002
   452300516896166.       3.561421417322833E-002
   451155856871436.       3.552408346456695E-002
   455145396898915.       3.583822047244096E-002
   454379561885140.       3.577791850393702E-002
   455049841864393.       3.583069645669290E-002
   455466021870305.       3.586346653543309E-002
   453281661885539.       3.569146968503937E-002
   452374941871156.       3.562007440944881E-002
   453854926886755.       3.573660866141732E-002
   454025901898568.       3.575007125984251E-002
   453618886888936.       3.571802283464566E-002
   454671291893842.       3.580088937007875E-002
   454504811877391.       3.578778070866142E-002
   453418946915716.       3.570227952755905E-002
   454566931890630.       3.579267204724409E-002
   455948231894240.       3.590143582677167E-002
   452939371906569.       3.566451771653543E-002
   451894986878767.       3.558228267716534E-002
   452990006885310.       3.566850472440945E-002
   453844081873177.       3.573575472440944E-002
   453908961869655.       3.574086338582676E-002
   452711551912104.       3.564657913385826E-002
   453027861904106.       3.567148543307085E-002
   455285406910476.       3.584924488188975E-002
   455225726873861.       3.584454566929134E-002
   455402166893659.       3.585843858267717E-002
   455255056869290.       3.584685511811022E-002
   455749521885296.       3.588578937007873E-002
   455214346874025.       3.584364960629922E-002
   456578331897552.       3.595105000000000E-002
   455211616879646.       3.584343464566929E-002
   457849696898795.       3.605115748031494E-002
   457045056894427.       3.598780000000001E-002
   458016591875515.       3.606429881889764E-002
   456358516865571.       3.593374173228348E-002
   456368356865765.       3.593451653543307E-002
   455173681868818.       3.584044763779527E-002
   455692251894766.       3.588127992125983E-002
   453832686892859.       3.573485748031495E-002
   457919061887668.       3.605661929133856E-002
   455763611906285.       3.588689881889766E-002
   457329871924928.       3.601022637795275E-002
   454950046891403.       3.582283858267717E-002
   455775616888326.       3.588784409448817E-002
   456683716899262.       3.595934803149606E-002
   452617336902346.       3.563916062992128E-002
   452973771896971.       3.566722637795274E-002
   452404556900548.       3.562240629921259E-002
   454263166905653.       3.576875354330709E-002
   453497541908600.       3.570846811023622E-002
   455795011869668.       3.588937125984252E-002
   455321361892728.       3.585207598425197E-002
   455792556896281.       3.588917795275590E-002
   454273706900781.       3.576958346456692E-002
   450794261886397.       3.549561141732285E-002
   454400231903001.       3.577954606299210E-002
   452409981907339.       3.562283346456693E-002
   452862026879977.       3.565842755905514E-002
   454332936895589.       3.577424724409447E-002
   454729031877290.       3.580543582677166E-002
   455403926869713.       3.585857716535432E-002
   455606706895109.       3.587454409448820E-002
   455520581876623.       3.586776259842521E-002
   455570781874538.       3.587171535433070E-002
   454325576890684.       3.577366771653542E-002
   455708286909752.       3.588254251968503E-002
   453861266902545.       3.573710787401575E-002
   452484271901075.       3.562868307086615E-002
   452268551881022.       3.561169724409447E-002
   453693061855457.       3.572386338582677E-002
   454869351862597.       3.581648464566929E-002
   453007671873613.       3.566989566929134E-002
   454110301888787.       3.575671692913385E-002
   453940831884522.       3.574337283464570E-002
   454590936856522.       3.579456220472441E-002
   456506921900792.       3.594542716535433E-002
   453913256868284.       3.574120157480316E-002
   454313106877381.       3.577268582677167E-002
   453538706892672.       3.571170944881890E-002
   455033981858150.       3.582944763779528E-002
   453423641873738.       3.570264921259843E-002
   455263561873200.       3.584752480314961E-002
   454439331871461.       3.578262480314961E-002
   453874616881114.       3.573815905511810E-002
   455083566885457.       3.583335196850394E-002
   455691471895110.       3.588121850393697E-002
   451717491899991.       3.556830669291342E-002
   455622456883604.       3.587578425196849E-002
   455000071893685.       3.582677755905512E-002
   455838271882115.       3.589277755905510E-002
   454726756868234.       3.580525669291339E-002
   455542866885032.       3.586951732283462E-002
   455322991871896.       3.585220433070868E-002
   455166831877772.       3.583990826771651E-002
   454420281892862.       3.578112480314961E-002
   452204611892456.       3.560666259842521E-002
   453990141914204.       3.574725551181103E-002
   456329596859735.       3.593146456692915E-002
   452344641898694.       3.561768858267719E-002
   454460451878824.       3.578428779527560E-002
   454812376893995.       3.581199842519685E-002
   453128076882278.       3.567937637795275E-002
   452593796886270.       3.563730708661415E-002
   454510506888075.       3.578822913385827E-002
   454081346893624.       3.575443700787403E-002
   455765846898440.       3.588707480314961E-002
   455639531871309.       3.587712874015748E-002
   453328761906937.       3.569517834645670E-002
   455174306877759.       3.584049685039370E-002
   455909686875518.       3.589840078740156E-002
   454342176865869.       3.577497480314962E-002
   456615111894479.       3.595394606299213E-002
   455965961889265.       3.590283188976377E-002
   454935471861906.       3.582169094488188E-002
   455417051891849.       3.585961062992127E-002
   455345126882812.       3.585394724409449E-002
   454160956913885.       3.576070551181103E-002
   454950226898894.       3.582285275590552E-002
   454259701876004.       3.576848070866143E-002
   455664816880119.       3.587911968503938E-002
   455822881880972.       3.589156574803148E-002
   455194246870293.       3.584206692913386E-002
   454653491896312.       3.579948779527558E-002
   455734846881114.       3.588463385826771E-002
   455432426890673.       3.586082125984254E-002
   453276906892652.       3.569109527559055E-002
   454798781886676.       3.581092795275589E-002
   458164021896535.       3.607590748031497E-002
   456705676880592.       3.596107716535433E-002
   457496506886720.       3.602334724409448E-002
   455487976905351.       3.586519527559056E-002
   456381351904844.       3.593553976377954E-002
   456645941898981.       3.595637362204726E-002
   455514766894203.       3.586730472440943E-002
   458156131891891.       3.607528622047246E-002
   455901346903908.       3.589774409448820E-002
   457532061904296.       3.602614685039370E-002
   457500866884607.       3.602369055118110E-002
   456146836906368.       3.591707401574804E-002
   457592286865235.       3.603088897637795E-002
   456452586879729.       3.594114881889762E-002
   456852231876376.       3.597261692913385E-002
   455871661877141.       3.589540669291339E-002
   457225746894357.       3.600202755905510E-002
   455883771881461.       3.589636023622049E-002
   455864066876938.       3.589480866141731E-002
   456393771899087.       3.593651771653542E-002
   454334141899454.       3.577434212598424E-002
   455383046895622.       3.585693307086613E-002
   454852146890501.       3.581512992125983E-002
   454416646883247.       3.578083858267716E-002
   455269656927426.       3.584800472440944E-002
   456019306893094.       3.590703228346456E-002
   454106591894360.       3.575642480314962E-002
   455559471870881.       3.587082480314958E-002
   455229641886906.       3.584485393700787E-002
   454335771855778.       3.577447047244095E-002
   454690376906888.       3.580239212598425E-002
   454574091861970.       3.579323582677165E-002
   457046026889272.       3.598787637795276E-002
   454621701907216.       3.579698464566928E-002
   456533241911864.       3.594749960629921E-002
   454699626893999.       3.580312047244093E-002
   457392956897025.       3.601519370078738E-002
   456965801909937.       3.598155944881891E-002
   454969641876102.       3.582438149606298E-002
   454652411908605.       3.579940275590551E-002
   454008146893887.       3.574867322834648E-002
   456159601917860.       3.591807913385827E-002
   454803131915757.       3.581127047244095E-002
   454349456895821.       3.577554803149605E-002
   455059261871536.       3.583143818897637E-002
   454938376893103.       3.582191968503937E-002
   457859846898816.       3.605195669291340E-002
   455427166902112.       3.586040708661416E-002
   456753636867779.       3.596485354330709E-002
   456288786874072.       3.592825118110238E-002
   456956621901302.       3.598083661417323E-002
   457636396897379.       3.603436220472441E-002
   455449136899737.       3.586213700787401E-002
   456071316904544.       3.591112755905512E-002
   453350846899265.       3.569691732283465E-002
   456808791900497.       3.596919645669292E-002
   457195761894248.       3.599966653543309E-002
   455559506878561.       3.587082755905514E-002
   457447801887176.       3.601951220472439E-002
   458127566900129.       3.607303700787401E-002
   456016816901240.       3.590683622047245E-002
   457248711913383.       3.600383582677167E-002
   454104866900780.       3.575628897637798E-002
   453898146892572.       3.574001181102361E-002
   455269971902099.       3.584802952755905E-002
   457726531916209.       3.604145944881890E-002
   453000696884520.       3.566934645669292E-002
   455804886895632.       3.589014881889763E-002
   455032481908571.       3.582932952755906E-002
   454699816911960.       3.580313543307086E-002
   453522441890563.       3.571042874015747E-002
   455641391912664.       3.587727519685038E-002
   453823881896602.       3.573416417322834E-002
   454580801902354.       3.579376417322835E-002
   456252801897914.       3.592541771653544E-002
