   50.0000000000000     
   49.8572839508841     
   49.7192979688103     
   49.5782634647222     
   49.4440539336311     
   49.2880074534691     
   49.0775799918939     
   48.9065383669994     
   48.8054045735041     
   48.6765810752332     
   48.5501426095645     
   48.4292949899708     
   48.3061631917941     
   48.3051256473527     
   48.2708942611631     
   48.2607747066371     
   48.2290724874689     
   48.1219323807215     
   48.1234808893943     
   48.1325007471146     
   48.0910178932245     
   48.0979148244648     
   48.1679291291581     
   48.1697568358098     
   48.2559996162981     
   48.2870292375753     
   48.3016526760739     
   48.2916930380079     
   48.3192073492011     
   48.4344100182584     
   48.4662254005249     
   48.6106447811420     
   48.6584866827464     
   48.7083945722458     
   48.7836206023870     
   48.8541735859172     
   48.9120645842740     
   48.9587211106912     
   49.0595743005263     
   49.0518192070947     
   49.1550342456731     
   49.1991048087307     
   49.3076321493711     
   49.3746484494700     
   49.4115868140384     
   49.4706231744733     
   49.5371968498713     
   49.5192603961778     
   49.5574676539430     
   49.6043350806430     
   49.6978589890995     
   49.7536224080182     
   49.7567486101213     
   49.7681237459001     
   49.7827765525480     
   49.8333948905383     
   49.9486378532938     
   49.9639743494233     
   50.0000000000000     
   50.0000000000000     
   50.0000000000000     
   50.0000000000000     
   50.0000000000000     
   50.0000000000000     
   50.0000000000000     
   50.0000000000000     
   49.9878122547023     
   50.0000000000000     
   50.0000000000000     
   50.0000000000000     
   50.0000000000000     
   50.0000000000000     
   50.0000000000000     
   50.0000000000000     
   50.0000000000000     
   50.0000000000000     
   50.0000000000000     
   50.0000000000000     
   49.9987881704182     
   50.0000000000000     
   50.0000000000000     
   50.0000000000000     
   50.0000000000000     
   50.0000000000000     
   50.0000000000000     
   50.0000000000000     
   50.0000000000000     
   50.0000000000000     
   50.0000000000000     
   50.0000000000000     
   50.0000000000000     
   50.0000000000000     
   50.0000000000000     
   50.0000000000000     
   50.0000000000000     
   50.0000000000000     
   50.0000000000000     
   50.0000000000000     
   50.0000000000000     
   50.0000000000000     
   50.0000000000000     
   50.0000000000000     
   50.0000000000000     
   50.0000000000000     
   50.0000000000000     
   50.0000000000000     
   49.9938078284143     
   50.0000000000000     
   50.0000000000000     
   50.0000000000000     
   50.0000000000000     
   50.0000000000000     
   49.9952163750973     
   50.0000000000000     
   50.0000000000000     
   49.9939431388417     
   49.9717411901918     
   50.0000000000000     
   50.0000000000000     
   50.0000000000000     
   49.9932120263684     
   50.0000000000000     
   50.0000000000000     
   50.0000000000000     
   50.0000000000000     
   50.0000000000000     
   50.0000000000000     
   50.0000000000000     
   50.0000000000000     
   50.0000000000000     
   50.0000000000000     
   50.0000000000000     
   49.9938963618431     
   50.0000000000000     
   50.0000000000000     
   50.0000000000000     
   50.0000000000000     
   50.0000000000000     
   49.9886113891612     
   50.0000000000000     
   50.0000000000000     
   50.0000000000000     
   50.0000000000000     
   50.0000000000000     
   50.0000000000000     
   50.0000000000000     
   50.0000000000000     
   50.0000000000000     
   50.0000000000000     
   50.0000000000000     
   50.0000000000000     
   50.0000000000000     
   49.9983522565773     
   50.0000000000000     
   50.0000000000000     
   50.0000000000000     
   49.9884152552465     
   50.0000000000000     
   49.9880031084933     
   50.0000000000000     
   50.0000000000000     
   49.9770967976834     
   49.9948285445339     
   49.9969552299342     
   50.0000000000000     
   50.0000000000000     
   50.0000000000000     
   49.9744881704434     
   49.9703098545521     
   49.9965203091478     
   49.9945619451551     
   50.0000000000000     
   50.0000000000000     
   50.0000000000000     
   49.9838346384797     
   49.9985849807600     
   49.9898972115102     
   49.9815747206503     
   49.9711357875051     
   49.9789532080912     
   49.9840039813851     
   50.0000000000000     
   50.0000000000000     
   50.0000000000000     
   49.9976775743631     
   50.0000000000000     
   50.0000000000000     
   50.0000000000000     
   50.0000000000000     
   50.0000000000000     
   50.0000000000000     
   50.0000000000000     
   50.0000000000000     
   50.0000000000000     
   50.0000000000000     
   50.0000000000000     
   49.9975425501209     
   50.0000000000000     
   50.0000000000000     
   50.0000000000000     
   49.9827068373385     
   50.0000000000000     
   50.0000000000000     
   50.0000000000000     
   50.0000000000000     
   50.0000000000000     
   49.9952081272255     
   50.0000000000000     
   50.0000000000000     
   50.0000000000000     
   49.9848903792895     
   49.9831098041863     
   49.9963588348249     
   49.9915851119576     
   49.9759491723341     
   49.9921322954441     
   50.0000000000000     
   50.0000000000000     
   50.0000000000000     
   50.0000000000000     
   50.0000000000000     
   49.9898798607027     
   50.0000000000000     
   50.0000000000000     
   49.9997837806336     
   50.0000000000000     
   50.0000000000000     
   50.0000000000000     
   49.9964863752168     
   50.0000000000000     
   49.9904825963996     
   50.0000000000000     
   49.9973263528632     
   50.0000000000000     
   49.9986265968643     
   49.9999536466709     
   50.0000000000000     
   50.0000000000000     
   50.0000000000000     
   50.0000000000000     
   49.9885273074559     
   50.0000000000000     
   50.0000000000000     
   50.0000000000000     
   49.9721715943364     
   49.9868092562343     
   50.0000000000000     
   50.0000000000000     
   50.0000000000000     
   50.0000000000000     
   50.0000000000000     
   50.0000000000000     
   50.0000000000000     
   50.0000000000000     
   50.0000000000000     
   49.9983557653187     
   49.9807845475596     
   49.9983911185905     
   49.9798182319780     
   49.9992574900100     
   50.0000000000000     
   50.0000000000000     
   50.0000000000000     
   50.0000000000000     
   49.9916540848986     
   50.0000000000000     
   50.0000000000000     
   49.9939197238053     
   49.9969437008122     
   50.0000000000000     
   50.0000000000000     
   50.0000000000000     
   50.0000000000000     
   50.0000000000000     
   50.0000000000000     
   50.0000000000000     
   49.9914825248758     
   49.9935473602996     
   50.0000000000000     
   49.9958153586191     
   50.0000000000000     
   50.0000000000000     
   50.0000000000000     
   50.0000000000000     
   50.0000000000000     
   49.9881758975673     
   49.9849332870009     
   49.9741585081055     
   49.9997060100235     
   50.0000000000000     
   50.0000000000000     
   50.0000000000000     
   50.0000000000000     
   50.0000000000000     
   50.0000000000000     
   50.0000000000000     
   50.0000000000000     
   50.0000000000000     
   50.0000000000000     
   50.0000000000000     
   50.0000000000000     
   50.0000000000000     
   50.0000000000000     
   50.0000000000000     
   50.0000000000000     
   50.0000000000000     
   50.0000000000000     
   50.0000000000000     
   50.0000000000000     
   49.9882057453276     
   49.9927516650147     
   50.0000000000000     
   50.0000000000000     
   49.9955144767198     
   49.9878923192955     
   49.9864133655039     
   49.9726531456689     
