  0.63416329999999999       0.13258239999999999        7.0215000000000000E-003   6.9388999999999996E-003
  0.63495330000000005       0.12966259999999999        6.8890000000000002E-003   6.8580999999999998E-003
  0.59903350000000000       0.14386620000000000        7.4837999999999997E-003   7.1304999999999997E-003
  0.55480735000000003       0.17126095000000000        9.3311999999999996E-003   8.6741000000000006E-003
  0.53026744999999997       0.17707570000000000        1.2702400000000001E-002   1.0491350000000000E-002
  0.47911635000000002       0.18590999999999999        1.6271450000000000E-002   1.2753850000000001E-002
  0.45092989999999999       0.18973075000000000        2.0322300000000001E-002   1.5994800000000000E-002
  0.41461005000000001       0.18388869999999999        2.4308750000000000E-002   1.8172100000000000E-002
  0.36143504999999998       0.16771975000000000        2.6542099999999999E-002   1.7864800000000000E-002
  0.31511380000000000       0.15117700000000001        2.7865649999999999E-002   1.8131850000000001E-002
  0.25357615000000000       0.12568250000000000        2.6560600000000000E-002   1.6247200000000000E-002
  0.20689745000000001        9.8665450000000002E-002   2.3326000000000000E-002   1.3689750000000001E-002
  0.16518920000000001        7.3041650000000000E-002   1.8668899999999999E-002   1.0105350000000001E-002
  0.12314115000000000        5.0523850000000002E-002   1.4001300000000000E-002   7.3365000000000001E-003
   9.7792500000000004E-002   3.8760299999999998E-002   1.1119499999999999E-002   5.9338999999999998E-003
