   6.00000000000000     
   6.20000000298023     
   6.40000000596046     
   6.45000000670552     
   6.55426806744176     
   6.75426807042199     
   6.70426806967694     
   6.50426806669670     
   6.70426806967694     
   6.84651733647766     
   6.99597069026751     
   6.91544621533916     
   6.79620885525337     
   6.59620885227314     
   6.72424431016741     
   6.87600287475861     
   7.07600287773885     
   6.96476213284926     
   6.91476213210420     
   7.11476213508443     
   7.30886716560007     
   7.50886716858031     
   7.61805196185376     
   7.56805196110871     
   7.37143216910678     
   7.17143216612655     
   7.37143216910678     
   7.44251249545627     
   7.39251249471122     
   7.50189364779212     
   7.56775988220788     
   7.61775988295294     
   7.41775987997271     
   7.50069195997527     
   7.55069196072033     
   7.35069195774010     
   7.40069195848516     
   7.32978112248957     
   7.27978112174451     
   7.47978112472474     
   7.55676970343872     
   7.75676970641895     
   7.82344448034971     
   7.92084776492698     
   8.08065069898297     
   8.26347568084634     
   8.31347568159139     
   8.51347568457163     
   8.46347568382657     
   8.26347568084634     
   8.31347568159139     
   8.11347567861116     
   8.06347567786610     
   7.86347567488587     
   7.95007425318508     
   7.89910905512345     
   7.84243266982019     
   7.74270900959159     
   7.69270900884653     
   7.89270901182676     
   7.69270900884653     
   7.85450823743939     
   8.05450824041962     
   7.89830558879592     
   7.80361957118614     
   7.96238850185614     
   7.78565637653223     
   7.94200064786860     
   7.81964658971852     
   7.90741650608519     
   8.09270164482730     
   8.29270164780753     
   8.09270164482730     
   8.14363415649538     
   8.22280650232453     
   8.27280650306959     
   8.43901000382514     
   8.33020635638672     
   8.53020635936695     
   8.48020635862189     
   8.63819620156730     
   8.58819620082224     
   8.48247494749628     
   8.68247495047651     
   8.54555177009471     
   8.34555176711448     
   8.39555176785954     
   8.34555176711448     
   8.14555176413425     
   8.25397551162247     
   8.45397551460270     
   8.65397551758293     
   8.60397551683788     
   8.71456399692062     
   8.66456399617557     
   8.46456399319533     
   8.41456399245028     
   8.61456399543051     
   8.73696010532508     
   8.67408688204626     
   8.57396283176170     
   8.62396283250676     
   8.57396283176170     
   8.77396283474193     
   8.85596358448736     
   8.80596358374230     
   8.60596358076207     
   8.80596358374230     
   8.60596358076207     
   8.72323077091148     
   8.56140258835354     
   8.76140259133378     
   8.56140258835354     
   8.51140258760849     
   8.46140258686343     
   8.62460297553497     
   8.42460297255473     
   8.58073454123869     
   8.38293488534382     
   8.48320374874107     
   8.37248589414899     
   8.43684990031286     
   8.63684990329309     
   8.49091986644490     
   8.44091986569984     
   8.62285824825006     
   8.52730742962859     
   8.58959229875981     
   8.53959229801475     
   8.67824234027081     
   8.47824233729058     
   8.67824234027081     
   8.75897981667339     
   8.95897981965362     
   8.87439460075477     
   8.78473907811359     
   8.70663281239942     
   8.62404344095904     
   8.67404344170410     
   8.47404343872386     
   8.42404343797881     
   8.37404343723375     
   8.57404344021398     
   8.67534064430330     
   8.50902865048313     
   8.30902864750290     
   8.23401754315685     
   8.18401754241179     
   8.13401754166673     
   8.33401754464697     
   8.49704722554643     
   8.29704722256620     
   8.38062152287532     
   8.43062152362038     
   8.63062152660061     
   8.43062152362038     
   8.23239395883850     
   8.34042063683758     
   8.45982952690686     
   8.50982952765192     
   8.70982953063215     
   8.58771647900945     
   8.65082866237146     
   8.71019633699041     
   8.87618450764380     
   9.07618451062403     
   9.01763147567056     
   8.93277909819122     
   8.88277909744616     
   9.08277910042639     
   9.21156531441152     
   9.29476568911652     
   9.09975620771987     
   9.03090364790125     
   9.14892793851735     
   9.22168878567207     
   9.42168878865230     
   9.47168878939736     
   9.56098963853719     
   9.62267419074083     
   9.57267418999577     
   9.52267418925071     
   9.72267419223095     
   9.88016303516493     
   9.93016303590999     
   9.73016303292976     
   9.53016302994952     
   9.33016302696929     
   9.21284234136571     
   9.04181795729461     
   9.09375811655574     
   9.04375811581068     
   9.16222660765824     
   9.36222661063847     
   9.45478365729658     
   9.25478365431635     
   9.17642678835399     
   9.24311672105685     
   9.11215225472758     
   9.31215225770781     
   9.26215225696276     
   9.06215225398252     
   8.95321013449299     
   9.08698964293538     
   8.88698963995515     
   8.94569849025122     
   8.99569849099628     
   8.89269150415489     
   8.84269150340984     
   9.04269150639007     
   9.12223231549222     
   8.92223231251199     
   9.01166275839912     
   9.06166275914418     
   9.22055276516660     
   9.02055276218637     
   9.22055276516660     
   9.27333908127504     
   9.47155209845893     
   9.66524534439385     
   9.61097685972764     
   9.70610446905748     
   9.50610446607725     
   9.55610446682230     
   9.75610446980254     
   9.95610447278277     
   9.90610447203771     
   9.70736457308827     
   9.65186384491020     
   9.60186384416514     
   9.54333015580007     
   9.34333015281984     
   9.39333015356490     
   9.44707303612519     
   9.64707303910542     
   9.44707303612519     
   9.64707303910542     
   9.53672975759331     
   9.65999787791608     
   9.53652124271693     
   9.47810581854361     
   9.53291736172430     
   9.60851931827948     
   9.65851931902453     
   9.80648328799050     
   9.96025220459896     
   9.91025220385390     
   10.0000000000000     
   10.0000000000000     
   9.89243976546184     
   10.0000000000000     
   10.0000000000000     
   10.0000000000000     
   9.79999999701977     
   9.84999999776483     
   9.64999999478459     
   9.44999999180436     
   9.39999999105930     
   9.19999998807907     
   9.14999998733401     
   9.33568735662410     
   9.53568735960433     
   9.48568735885927     
   9.28568735587904     
   9.33568735662410     
   9.13568735364387     
   9.08568735289881     
   8.88568734991857     
   9.08568735289881     
   8.88568734991857     
   8.93568735066363     
   8.98568735140869     
   9.18568735438892     
   8.98568735140869     
   9.18568735438892     
