   5.00000000000000        1.00000000000000     
   4.79999999701977       0.899999998509884     
   5.08042615448679       0.799999997019768     
   5.19947899872782       0.699999995529652     
   5.31349317681361       0.639692425463224     
   5.48680462592065       0.594792691437489     
   5.28403336348681       0.574792691884524     
   5.38403336497692       0.474792690394408     
   4.98403335901646       0.574792691884524     
   5.37822554312202       0.502801183252738     
   5.27822554163190       0.482801183699773     
   5.67822554759237       0.382801182209656     
   5.57822554610225       0.319643561907783     
   5.17822554014179       0.399585149292065     
   5.30061911913480       0.423913033926978     
   5.20061911764469       0.493913886512627     
   5.60061912360515       0.464770212403674     
   6.00061912956562       0.443161851853428     
   6.14495196460174       0.399011229537700     
   5.96144439425581       0.379011229984735     
   5.69896303684224       0.403839447041210     
   5.29896303088178       0.503839448531326     
   5.39896303237189       0.403839447041210     
   5.79896303833236       0.308163094557368     
   5.58724895253014       0.270267039340264     
   5.72941597105689       0.173059187084293     
   5.62941596956678       0.193059186637259     
   5.72941597105689       0.235006836558671     
   6.12941597701736       0.185616145907160     
   5.72941597105689       0.266717492462090     
   5.32941596509643       0.351615435025485     
   5.42941596658655       0.251615433535369     
   5.82941597254701       0.215778985970958     
   5.72941597105689       0.154155432962511     
   5.37525448088594       0.189397096315397     
   5.77525448684641       0.169397096762432     
   5.91690377879914       0.123906284818907     
   5.73474666619496       0.143906284371872     
   5.83474666768508       0.117267689591822     
   5.67623840231504       0.137267689144788     
   5.77623840380516       0.237267690634904     
   5.37623839784469       0.137267689144788     
   5.27623839635458       0.229964855855106     
   4.87623839039411       0.329964857345223     
   5.27623839635458       0.229964855855106     
   4.94333039516044       0.329964857345223     
   5.04333039665055       0.309964857792257     
   5.16856959727498       0.329964857345223     
   5.56856960323545       0.229964855855106     
   5.77181627629321       0.129964854364990     
   5.87181627778332       0.109964854812025     
   6.23076407192911       0.100000000000000     
   6.63076407788957       0.119999999552965     
   6.95961787145889       0.100000000000000     
   6.85961786996877       0.100000000000000     
   7.25961787592924       0.100000000000000     
   6.85961786996877       0.100000000000000     
   7.25961787592924       0.100000000000000     
   7.12798147275243       0.119999999552965     
   6.88941865453129       0.220000001043081     
   7.28941866049175       0.119999999552965     
   7.05699549212792       0.145331952979380     
   7.17793351022189       0.103663668394504     
   7.46686832390078       0.123663667947469     
   7.62052662755854       0.175262772693872     
   7.52052662606842       0.126873598538957     
   7.72256860323363       0.146873598091923     
   7.54027140795359       0.126873598538957     
   7.64027140944371       0.100000000000000     
   7.24027140348324       0.200000001490116     
   7.47175527393441       0.155783978269907     
   7.20931449048852       0.255783979760023     
   7.56416815977680       0.171727610659025     
   7.16416815381633       0.209565686762978     
   7.49851927437138       0.177119198507732     
   7.67824266565913       0.215621354491122     
   7.77824266714925       0.278875215959015     
   8.17824267310971       0.178875214468899     
   8.57824267907018       0.198875214021864     
   8.91520078346191       0.100000000000000     
   8.51520077750144       0.100000000000000     
   8.77776217416394       0.100000000000000     
   8.55004830588640       0.165958287540659     
   8.45004830439629       0.265958289030775     
   8.35004830290617       0.300428163261006     
   8.75004830886664       0.213476081288984     
   9.15004831482710       0.246984401684892     
   9.05004831333699       0.226984402131926     
   9.45004831929745       0.206984402578961     
   9.05004831333699       0.306984404069077     
   8.65004830737652       0.406984405559194     
   8.25004830141606       0.506984407049310     
   8.55800554561949       0.458530291714056     
   8.44156441270576       0.478530291267021     
   8.84156441866622       0.378530289776905     
   9.11143365246905       0.320645710214232     
   9.21143365395917       0.289420548610504     
   9.35663063458025       0.229245796041481     
   9.25280369772711       0.207378936989885     
   9.35280369921722       0.227378936542850     
   9.50723898561450       0.247378936095815     
   9.75174030299773       0.147378934605699     
   9.65174030150761       0.247378936095815     
   9.25174029554715       0.347378937585931     
   9.65174030150761       0.247378936095815     
   9.55174030001749       0.267378935648780     
   9.15174029405703       0.360596773130900     
   8.86365309579740       0.408230859425090     
   9.18282057274742       0.308230857934974     
   9.01845572054465       0.328230857487939     
   8.72065384058121       0.428230858978055     
   8.49594676857855       0.455884700094642     
   8.89594677453901       0.355884698604526     
   9.05353646876576       0.375884698157491     
   9.16360444951681       0.320122716260330     
   9.06360444802670       0.249203370649389     
   9.19590750405560       0.269203370202354     
   8.90125669697745       0.369203371692470     
   9.18779203558826       0.300731711084737     
   9.28779203707838       0.348689365512984     
   9.68779204303885       0.266502050081770     
   9.28779203707838       0.366502051571886     
   9.03732401370800       0.418518964211676     
   8.93732401221788       0.318518962721560     
   9.33732401817835       0.338518962274525     
   9.00931270809748       0.438518963764641     
   9.40931271405794       0.338518962274525     
   9.30931271256783       0.358518961827490     
   9.40931271405794       0.381898118408312     
   9.00931270809748       0.361898118855347     
   9.23444130905147       0.261898117365231     
   9.33444131054158       0.296542998016171     
   8.98616694440342       0.363783140269485     
   9.38616695036389       0.437393401779817     
   8.98616694440342       0.417393402226852     
   8.58616693844296       0.517393403716968     
   8.73601489997369       0.417393402226852     
   8.63601489848357       0.372895101000291     
   8.29417355723742       0.438627060454925     
   8.69417356319788       0.458627060007890     
   8.79417356468800       0.358627058517774     
   8.89417356617811       0.446161011002424     
   8.53043697802079       0.490769331745152     
   8.13043697206032       0.590769333235268     
   8.01974137606225       0.561606266106814     
   8.41974138202271       0.461606264616698     
   8.54924862680190       0.494929092263929     
   8.76225566531028       0.403951667020263     
   8.86225566680039       0.383951667467298     
   8.46225566083993       0.474968633500991     
   8.06225565487946       0.429617552072969     
   8.17057964765617       0.529617553563085     
   8.54150185287969       0.429617552072969     
   8.81742695468964       0.383043059967763     
   8.91845246592153       0.331727888564716     
   9.31845247188199       0.231727887074599     
   9.48131589983727       0.211727887521634     
   9.38131589834715       0.231727887074599     
   8.98131589238669       0.331668508841951     
   9.10450270534373       0.361678772445581     
   8.90922589392184       0.425161443101788     
   8.80922589243173       0.445161442654753     
   9.20922589839219       0.345161441164637     
   9.30922589988231       0.325161441611672     
   9.20922589839219       0.277274808119129     
   8.80922589243173       0.328887155869222     
   9.09458526799414       0.273325229627791     
   9.49458527395461       0.295242256762898     
   9.36919848136271       0.275242257209932     
   9.47011539988099       0.375242258700048     
   9.07011539392053       0.475242260190165     
   9.47011539988099       0.375242258700048     
   9.20132107216106       0.343132454285287     
   9.38335141503563       0.244111144360478     
   9.52530184789090       0.323463424878925     
   9.69317874006676       0.367527015092491     
   9.56407110164101       0.321907390154665     
   9.17755134849030       0.421907391644781     
   8.77755134252984       0.479925839292343     
   8.97541177774198       0.401783495258320     
   9.23312056401251       0.301783493768203     
   9.33312056550263       0.273175746486345     
   9.73312057146310       0.293175746039310     
   9.63312056997298       0.337340985921858     
   10.0000000000000       0.360780696446038     
   10.0000000000000       0.260780694955922     
   9.59999999403954       0.297288802672469     
   9.21520358858450       0.317404713624750     
   9.31520359007461       0.297404714071785     
   9.71520359603508       0.197404712581669     
   9.82316786372030       0.177404713028704     
   10.0000000000000       0.197404712581669     
   10.0000000000000       0.297404714071785     
   10.0000000000000       0.201524301076925     
   9.89999999850988       0.101524299586808     
   10.0000000000000       0.121524299139774     
   9.85931715133179       0.143062247101318     
   10.0000000000000       0.176481435222667     
   10.0000000000000       0.156481435669702     
   9.59999999403954       0.225287443619909     
   9.94551067113193       0.245287443172874     
   10.0000000000000       0.145287441682758     
   9.77922376547842       0.245287443172874     
   10.0000000000000       0.207499573086200     
   9.89999999850988       0.307499574576316     
   9.79999999701977       0.407499576066432     
   9.39999999105930       0.507499577556548     
   9.79999999701977       0.470201074804976     
   9.99849177949477       0.408483386270780     
   9.89495328123219       0.388483386717815     
   9.77874677397679       0.320414355596382     
   10.0000000000000       0.220414354106266     
   9.77274846336835       0.198934787586303     
   9.59328854991155       0.252477715551989     
   9.99328855587202       0.162755872689768     
   9.66889549009364       0.201602684003006     
   9.41558907523496       0.247977099194666     
   9.51558907672508       0.166568624009507     
   9.11558907076461       0.213810275409076     
   8.98046941066714       0.193810275856111     
   8.58046940470668       0.293810277346227     
   8.23746437622763       0.358948314369622     
   8.48523430888277       0.338948314816657     
   8.28224170435740       0.288209738243896     
   8.68224171031787       0.211818892519840     
   8.58224170882775       0.263711630143449     
   8.20781107358331       0.363711631633566     
   8.31596911428606       0.343711632080600     
   8.55160630931496       0.243711630590484     
   8.84989321103681       0.143711629100368     
   9.24989321699728       0.123711629547403     
   9.47943204968773       0.196327116981526     
   9.57943205117785       0.100000000000000     
   9.97943205713831       0.100000000000000     
   9.61398815880603       0.134190971156187     
   9.74058738934541       0.100000000000000     
   9.84058739083553       0.100000000000000     
   10.0000000000000       0.100000000000000     
   10.0000000000000       0.100000000000000     
   9.88068481972737       0.126276151669040     
   10.0000000000000       0.100000000000000     
   10.0000000000000       0.100000000000000     
   10.0000000000000       0.100000000000000     
   10.0000000000000       0.100000000000000     
   9.89999999850988       0.119999999552965     
   9.49999999254942       0.100000000000000     
   9.89999999850988       0.100000000000000     
   9.71451173136446       0.100000000000000     
   9.85657368867412       0.119999999552965     
   9.62563396063792       0.220000001043081     
   10.0000000000000       0.119999999552965     
   10.0000000000000       0.100000000000000     
   9.59999999403954       0.167942136983255     
   9.73619827435531       0.106685288477069     
   9.83619827584543       0.100000000000000     
   9.58635294125898       0.119999999552965     
   9.68635294274910       0.100000000000000     
   10.0000000000000       0.100000000000000     
   10.0000000000000       0.100000000000000     
   9.69024182192746       0.100000000000000     
   9.79024182341757       0.119999999552965     
   9.89024182490769       0.100000000000000     
   9.49024181894723       0.159367802604095     
   9.33625046894477       0.259367804094211     
   9.20737125831350       0.221391387007408     
   9.10737125682338       0.201391387454443     
   9.50737126278385       0.101391385964327     
   9.12837745184358       0.158207601289557     
   8.82008509405109       0.197600936052791     
   9.00658231417253       0.147080904980398     
   9.10658231566265       0.112991760449870     
   8.70658230970218       0.132991760002835     
   8.80658231119230       0.152991759555801     
   8.40658230523184       0.172991759108766     
   8.50658230672195       0.192991758661731     
