   6.4448297872340438E-002   2.3234042553191492E-005   4.2553191489361704E-007
   6.7211744680851046E-002   4.4340425531914900E-005   0.0000000000000000     
   6.8600680851063800E-002   1.7276595744680853E-005   0.0000000000000000     
   7.5379148936170218E-002   3.7319148936170213E-005   0.0000000000000000     
   8.3246170212765980E-002   6.1574468085106364E-005   0.0000000000000000     
   9.6137234042553241E-002   9.7127659574468075E-005   0.0000000000000000     
  0.11469995744680848        1.3136170212765959E-004   1.3404255319148937E-006
  0.16541680851063828        2.2489361702127667E-004   0.0000000000000000     
  0.20864106382978725        4.0289361702127650E-004   6.3829787234042553E-008
  0.22687914893617020        4.7357446808510647E-004   1.1063829787234042E-006
   2.9351489361702124E-003   0.0000000000000000        0.0000000000000000     
   2.8733617021276590E-003   0.0000000000000000        0.0000000000000000     
   2.8445106382978713E-003   0.0000000000000000        0.0000000000000000     
   4.0789787234042545E-003   0.0000000000000000        0.0000000000000000     
   4.0585531914893603E-003   0.0000000000000000        0.0000000000000000     
   7.3799999999999977E-003   0.0000000000000000        0.0000000000000000     
   1.6777276595744677E-002   3.6170212765957445E-007   0.0000000000000000     
   5.1442978723404253E-002   1.1553191489361701E-005   0.0000000000000000     
  0.11892293617021281        1.2859574468085107E-004   0.0000000000000000     
  0.19966851063829785        3.3289361702127670E-004   1.5744680851063830E-006
   1.0927659574468084E-004   0.0000000000000000        0.0000000000000000     
   8.9872340425531903E-005   0.0000000000000000        0.0000000000000000     
   1.1157446808510639E-004   0.0000000000000000        0.0000000000000000     
   1.7272340425531914E-004   0.0000000000000000        0.0000000000000000     
   2.1114893617021278E-004   0.0000000000000000        0.0000000000000000     
   7.3876595744680853E-004   0.0000000000000000        0.0000000000000000     
   2.9859574468085099E-003   1.7021276595744680E-007   0.0000000000000000     
   1.4164468085106388E-002   2.7659574468085106E-006   0.0000000000000000     
   7.0682170212765974E-002   2.7787234042553187E-005   1.1914893617021276E-006
  0.17028995744680844        1.8236170212765959E-004   0.0000000000000000     
   0.0000000000000000        0.0000000000000000        0.0000000000000000     
   0.0000000000000000        0.0000000000000000        0.0000000000000000     
   5.1063829787234041E-006   0.0000000000000000        0.0000000000000000     
   0.0000000000000000        0.0000000000000000        0.0000000000000000     
   2.4255319148936171E-006   0.0000000000000000        0.0000000000000000     
   4.8510638297872341E-006   0.0000000000000000        0.0000000000000000     
   4.2804255319148942E-004   0.0000000000000000        0.0000000000000000     
   3.0502978723404260E-003   0.0000000000000000        0.0000000000000000     
   3.9560297872340423E-002   8.1063829787234041E-006   0.0000000000000000     
  0.13787527659574472        1.6887234042553187E-004   0.0000000000000000     
   0.0000000000000000        0.0000000000000000        0.0000000000000000     
   0.0000000000000000        0.0000000000000000        0.0000000000000000     
   0.0000000000000000        0.0000000000000000        0.0000000000000000     
   0.0000000000000000        0.0000000000000000        0.0000000000000000     
   0.0000000000000000        0.0000000000000000        0.0000000000000000     
   0.0000000000000000        0.0000000000000000        0.0000000000000000     
   1.5051063829787234E-004   0.0000000000000000        0.0000000000000000     
   8.2493617021276572E-004   0.0000000000000000        0.0000000000000000     
   1.8619914893617022E-002   1.5659574468085105E-005   0.0000000000000000     
  0.12171319148936174        1.2170212765957443E-004   0.0000000000000000     
  0.77036361702127676        4.9908085106382975E-003   7.2340425531914889E-007
  0.79611651063829814        4.5947446808510635E-003   1.6808510638297873E-005
  0.80443736170212754        5.4601276595744683E-003   7.6595744680851048E-007
  0.80966348936170207        4.6062978723404270E-003   1.6382978723404253E-006
  0.83909157446808502        4.8931489361702125E-003   1.0510638297872339E-005
  0.81239093617021263        5.4071702127659578E-003   5.9787234042553193E-006
  0.29283893617021284        9.5472340425531909E-004   0.0000000000000000     
   5.2192595744680860E-002   5.5127659574468077E-005   1.2978723404255319E-006
   1.9482510638297867E-002   1.1319148936170212E-005   0.0000000000000000     
   3.4509829787234034E-002   4.0638297872340427E-005   0.0000000000000000     
   7.3520808510638275E-002   8.4255319148936176E-006   0.0000000000000000     
   7.8663957446808513E-002   7.2255319148936179E-005   0.0000000000000000     
   7.2729319148936183E-002   7.9021276595744682E-005   0.0000000000000000     
   8.7402382978723422E-002   6.6063829787234049E-005   0.0000000000000000     
  0.11305008510638298        1.1776595744680853E-004   5.9574468085106381E-007
  0.17315872340425537        1.7878723404255313E-004   0.0000000000000000     
  0.32952970212765959        1.0791063829787234E-003   1.4893617021276595E-007
  0.62352804255319150        3.0329361702127649E-003   6.5531914893617010E-006
   4.8198765957446807E-002   1.5021276595744680E-005   0.0000000000000000     
   2.1957319148936175E-002   1.4063829787234042E-005   0.0000000000000000     
   4.1286382978723401E-003   0.0000000000000000        0.0000000000000000     
   3.8915744680851072E-003   0.0000000000000000        0.0000000000000000     
   5.1971489361702121E-003   0.0000000000000000        0.0000000000000000     
   4.3068510638297865E-003   0.0000000000000000        0.0000000000000000     
   9.6837446808510641E-003   0.0000000000000000        0.0000000000000000     
   1.9002638297872340E-002   1.8574468085106383E-005   0.0000000000000000     
   7.1269276595744668E-002   5.9702127659574466E-005   0.0000000000000000     
  0.28379221276595740        5.8131914893617032E-004   1.4893617021276595E-007
  0.24315893617021278        8.3625531914893595E-004   2.8723404255319151E-006
   3.4418297872340430E-002   4.1340425531914895E-005   0.0000000000000000     
   1.7936170212765957E-004   0.0000000000000000        0.0000000000000000     
   2.5570212765957444E-004   0.0000000000000000        0.0000000000000000     
   4.3021276595744680E-004   0.0000000000000000        0.0000000000000000     
   2.7217021276595749E-004   0.0000000000000000        0.0000000000000000     
   3.6395744680851064E-004   0.0000000000000000        0.0000000000000000     
   1.6169361702127664E-003   0.0000000000000000        0.0000000000000000     
   1.3783787234042557E-002   5.2340425531914895E-006   0.0000000000000000     
  0.10321455319148938        1.2014893617021276E-004   0.0000000000000000     
  0.51661774468085098        2.4382127659574484E-003   2.7234042553191492E-006
   3.8106510638297876E-002   8.4021276595744681E-005   2.1276595744680850E-008
   0.0000000000000000        0.0000000000000000        0.0000000000000000     
   0.0000000000000000        0.0000000000000000        0.0000000000000000     
   0.0000000000000000        0.0000000000000000        0.0000000000000000     
   0.0000000000000000        0.0000000000000000        0.0000000000000000     
   6.6382978723404254E-006   0.0000000000000000        0.0000000000000000     
   8.4255319148936173E-005   0.0000000000000000        0.0000000000000000     
   1.5448085106382977E-003   0.0000000000000000        0.0000000000000000     
   3.1437063829787233E-002   2.3659574468085110E-005   0.0000000000000000     
  0.36714153191489352        1.1757446808510637E-003   7.2340425531914889E-007
   3.3932808510638304E-002   2.1553191489361702E-005   0.0000000000000000     
   1.5959928510638297        1.8922489361702127E-002   8.7234042553191485E-006
   1.6404500425531909        2.1192765957446808E-002   7.7234042553191479E-006
   1.4555738297872340        1.7714851063829789E-002   6.8085106382978726E-006
   1.1554332765957449        1.2390531914893615E-002   2.8744680851063829E-005
  0.87126229787234044        6.9727446808510642E-003   4.3829787234042552E-006
  0.37729914893617023        1.4827234042553191E-003   4.7872340425531923E-006
  0.15951574468085108        3.3025531914893607E-004   8.2340425531914895E-006
  0.13411174468085102        4.6131914893617022E-004   2.5531914893617021E-007
  0.11581748936170211        2.8772340425531914E-004   0.0000000000000000     
   7.4570170212765935E-002   8.6829787234042567E-005   0.0000000000000000     
  0.98225591489361708        8.2394468085106379E-003   3.0851063829787233E-006
   1.0138105531914894        9.0328510638297849E-003   0.0000000000000000     
   1.0090197446808509        8.5857021276595762E-003   2.4255319148936171E-006
   1.1214246382978721        1.0176553191489360E-002   1.5319148936170214E-006
   1.2822945957446807        1.3047042553191491E-002   1.0000000000000002E-006
   1.6546235744680844        2.1584638297872341E-002   8.2127659574468103E-006
   1.8552871914893616        2.8973319148936159E-002   1.4765957446808512E-005
  0.32067510638297858        1.1674468085106386E-003   1.5744680851063830E-006
   9.0345957446808539E-002   1.2997872340425530E-004   0.0000000000000000     
   6.8654170212765958E-002   1.2870212765957447E-004   0.0000000000000000     
  0.11801093617021273        4.4234042553191490E-005   0.0000000000000000     
  0.10977140425531914        9.8148936170212758E-005   0.0000000000000000     
  0.11292446808510639        1.2240425531914894E-004   0.0000000000000000     
  0.14802395744680849        1.8234042553191493E-004   0.0000000000000000     
  0.20222578723404258        4.6953191489361695E-004   0.0000000000000000     
  0.37202055319148936        1.0049574468085107E-003   6.1702127659574471E-007
  0.91148042553191466        6.7484893617021299E-003   2.3404255319148937E-007
   1.3474922553191488        1.5298553191489364E-002   5.1914893617021277E-006
  0.11779825531914896        4.1378723404255317E-004   5.9574468085106381E-007
  0.10978327659574470        1.9319148936170212E-004   4.6808510638297873E-007
   7.1648936170212755E-003   0.0000000000000000        0.0000000000000000     
   8.1236170212765964E-003   0.0000000000000000        0.0000000000000000     
   9.8740851063829748E-003   0.0000000000000000        0.0000000000000000     
   1.1164340425531912E-002   0.0000000000000000        0.0000000000000000     
   2.0356723404255313E-002   1.5042553191489360E-005   0.0000000000000000     
   5.9323404255319151E-002   3.3702127659574464E-005   0.0000000000000000     
  0.24259787234042554        5.2208510638297886E-004   0.0000000000000000     
   1.0877871063829789        9.6790638297872336E-003   2.8723404255319151E-006
   7.6207787234042548E-002   6.2170212765957436E-005   4.2553191489361700E-008
   8.1257744680851063E-002   1.8199999999999998E-004   0.0000000000000000     
   1.6391489361702129E-004   0.0000000000000000        0.0000000000000000     
   1.7144680851063828E-004   0.0000000000000000        0.0000000000000000     
   3.7710638297872349E-004   0.0000000000000000        0.0000000000000000     
   6.4276595744680858E-004   0.0000000000000000        0.0000000000000000     
   1.6623829787234042E-003   0.0000000000000000        0.0000000000000000     
   7.1789361702127670E-003   0.0000000000000000        0.0000000000000000     
   5.0498170212765967E-002   3.0510638297872339E-005   0.0000000000000000     
  0.54728476595744679        2.4339148936170212E-003   3.6170212765957445E-007
  0.22317127659574465        8.0744680851063829E-004   9.1489361702127667E-007
   8.6008468085106426E-002   2.2585106382978719E-004   1.0638297872340425E-007
   1.0894964680851060        6.7168085106382993E-003   3.4042553191489365E-007
   1.0384955744680850        7.1880638297872361E-003   4.0212765957446807E-006
   1.0582285531914895        6.1054255319148926E-003   1.1765957446808510E-005
  0.83188034042553183        5.5165957446808517E-003   2.2765957446808512E-006
  0.57867868085106378        3.4690425531914899E-003   0.0000000000000000     
  0.30686782978723398        1.0418085106382977E-003   0.0000000000000000     
  0.19545000000000004        3.2374468085106384E-004   2.1276595744680850E-008
  0.11900119148936170        2.7068085106382979E-004   0.0000000000000000     
  0.10627838297872340        1.4459574468085108E-004   6.7021276595744681E-006
  0.11205025531914893        2.4617021276595740E-004   0.0000000000000000     
   4.5726204255319134       0.16708642553191491        4.5212765957446808E-005
   4.6524085531914894       0.17351674468085113        1.3425531914893619E-005
   4.5946885531914896       0.16581074468085105        2.0255319148936169E-005
   4.4332612340425532       0.15166817021276596        2.5999999999999998E-005
   4.4464826808510649       0.15650202127659574        2.1382978723404262E-005
   3.5522661702127660        9.5260212765957433E-002   3.5042553191489369E-005
   1.7251123404255317        2.0064446808510633E-002   7.6595744680851069E-006
  0.16973514893617020        3.7061702127659578E-004   8.5106382978723400E-008
   9.4138723404255303E-002   3.3148936170212764E-005   5.1063829787234043E-007
   9.2939234042553207E-002   2.6129787234042555E-004   0.0000000000000000     
   1.4034963829787233        1.5958851063829792E-002   4.6808510638297873E-007
   1.4607477446808506        1.7235148936170213E-002   0.0000000000000000     
   1.4832504255319150        1.6845531914893616E-002   8.5106382978723408E-007
   1.6664795744680851        2.1882446808510630E-002   2.7446808510638297E-006
   2.0927684680851062        3.5628170212765951E-002   9.4893617021276592E-006
   2.8984990212765953        6.9042787234042544E-002   4.5957446808510633E-006
   3.5358823404255317       0.10126623404255319        1.2446808510638301E-005
  0.74586778723404246        5.0555957446808504E-003   7.4893617021276597E-006
  0.10237902127659576        1.9321276595744678E-004   0.0000000000000000     
  0.14921131914893621        3.1914893617021280E-004   0.0000000000000000     
  0.16539395744680851        3.6648936170212762E-004   0.0000000000000000     
  0.16794740425531918        2.0878723404255318E-004   0.0000000000000000     
  0.18685927659574469        1.7942553191489360E-004   0.0000000000000000     
  0.23891463829787224        4.1599999999999997E-004   0.0000000000000000     
  0.36926731914893612        1.0013404255319149E-003   4.2553191489361700E-008
  0.82042723404255335        6.0552978723404250E-003   3.4468085106382981E-006
   2.2120692765957450        4.0931106382978727E-002   3.3829787234042550E-006
   2.3216232765957447        4.3117297872340428E-002   1.0659574468085107E-005
  0.14904778723404255        3.3999999999999997E-004   5.3191489361702133E-007
   9.8701659574468095E-002   6.9255319148936174E-005   0.0000000000000000     
   1.4972553191489362E-002   0.0000000000000000        0.0000000000000000     
   1.6244297872340420E-002   0.0000000000000000        0.0000000000000000     
   1.5178851063829789E-002   0.0000000000000000        0.0000000000000000     
   2.2261914893617021E-002   3.9787234042553189E-006   0.0000000000000000     
   4.7404851063829780E-002   1.7553191489361703E-005   0.0000000000000000     
  0.14299327659574468        1.1793617021276594E-004   0.0000000000000000     
  0.82347485106382989        5.1019361702127662E-003   7.8723404255319149E-007
   2.5664149787234036        5.5074042553191489E-002   9.0638297872340429E-006
  0.17396757446808517        5.3272340425531914E-004   3.8297872340425535E-006
  0.10064425531914893        1.0765957446808512E-004   0.0000000000000000     
  0.59523140425531917        1.3897021276595748E-003   0.0000000000000000     
  0.60712059574468058        2.2050425531914891E-003   9.4255319148936165E-006
  0.61792991489361704        1.4576170212765957E-003   0.0000000000000000     
  0.52581574468085113        1.5759999999999999E-003   0.0000000000000000     
  0.33828855319148926        8.2331914893617035E-004   0.0000000000000000     
  0.21335234042553189        2.3287234042553194E-004   1.9148936170212767E-007
  0.11346114893617021        2.1102127659574466E-004   0.0000000000000000     
   9.3129191489361704E-002   1.3282978723404255E-004   0.0000000000000000     
   6.2146851063829778E-002   1.6297872340425532E-004   0.0000000000000000     
   7.6050382978723394E-002   1.1702127659574469E-005   0.0000000000000000     
   4.2754691489361711       0.10171410638297874        1.3510638297872341E-005
   4.7952239999999993       0.10792319148936173        2.6106382978723405E-005
   4.4958652340425536       0.10512712765957447        1.9829787234042554E-005
   4.3336009787234051        8.7267531914893628E-002   6.1063829787234038E-006
   3.6400634042553182        5.9045723404255332E-002   3.4382978723404259E-005
   2.2932694468085102        2.7930255319148941E-002   4.1063829787234035E-006
  0.91395676595744679        4.0691914893617029E-003   0.0000000000000000     
  0.15125412765957447        1.5621276595744680E-004   4.2553191489361700E-008
   9.5720936170212767E-002   1.6840425531914894E-004   0.0000000000000000     
   6.5045872340425498E-002   9.7574468085106372E-005   0.0000000000000000     
   7.0260772340425515       0.39788351063829791        2.4723404255319151E-005
   6.8761551063829796       0.38540495744680847        2.0957446808510644E-005
   6.9672177446808519       0.38053055319148943        2.1574468085106381E-005
   7.1091353617021280       0.38760729787234038        4.7382978723404250E-005
   6.7408995319148941       0.35184712765957449        2.7319148936170218E-005
   5.9824470638297855       0.25224412765957449        4.3085106382978718E-005
   3.3178958297872341        7.0883595744680838E-002   1.2340425531914893E-005
  0.49667131914893614        1.7076808510638297E-003   6.5106382978723392E-006
  0.11086672340425535        2.3097872340425535E-004   0.0000000000000000     
   5.7208978723404268E-002   3.9829787234042549E-005   0.0000000000000000     
   2.1082275319148933        3.8175404255319151E-002   1.6787234042553191E-005
   2.2196628510638292        3.7283404255319140E-002   3.1063829787234042E-006
   2.3710746382978725        4.5914404255319147E-002   3.3191489361702123E-006
   2.7007357021276595        5.7968553191489386E-002   3.1489361702127660E-006
   3.4995260425531916       0.10182651063829785        1.3936170212765957E-005
   5.1629013191489372       0.21213000000000004        3.4063829787234037E-005
   5.3475954893617041       0.21618493617021278        1.6595744680851064E-005
   1.3954598297872340        1.1733893617021277E-002   1.0553191489361701E-005
  0.12227157446808512        1.1710638297872341E-004   1.2765957446808511E-007
   8.0324553191489387E-002   1.6153191489361702E-004   0.0000000000000000     
  0.29503097872340428        8.5527659574468078E-004   0.0000000000000000     
  0.28584357446808512        6.0170212765957450E-004   0.0000000000000000     
  0.32650097872340428        8.7331914893617015E-004   0.0000000000000000     
  0.41432055319148925        1.3415319148936170E-003   0.0000000000000000     
  0.73414634042553184        4.6085531914893613E-003   0.0000000000000000     
   1.8050391063829794        2.7662936170212770E-002   5.7659574468085103E-006
   4.5895461702127642       0.17210106382978721        2.1340425531914893E-005
   2.8258567659574467        5.6323808510638312E-002   1.5063829787234045E-005
  0.11926314893617022        3.1872340425531914E-004   0.0000000000000000     
   8.4903829787234042E-002   6.1914893617021282E-006   0.0000000000000000     
  0.30957931914893616        7.3389361702127663E-004   0.0000000000000000     
  0.32563787234042557        4.4457446808510631E-004   0.0000000000000000     
  0.25033289361702127        7.8419148936170215E-004   0.0000000000000000     
  0.23074646808510635        4.0778723404255319E-004   4.0425531914893619E-007
  0.20915591489361704        2.3108510638297869E-004   0.0000000000000000     
  0.15440897872340428        3.2197872340425533E-004   0.0000000000000000     
   8.0370638297872346E-002   1.5519148936170212E-004   0.0000000000000000     
   6.9791617021276578E-002   1.2457446808510636E-004   0.0000000000000000     
  0.17245327659574469        0.0000000000000000        0.0000000000000000     
  0.10852251063829786        7.8297872340425524E-006   0.0000000000000000     
   1.6373028510638294        7.5258510638297870E-003   5.8085106382978729E-006
   1.5228282127659576        1.0516000000000001E-002   2.5744680851063829E-006
   1.8365447234042551        7.3844468085106363E-003   4.9361702127659577E-006
   1.5562706808510638        7.4831063829787214E-003   0.0000000000000000     
   1.6354971063829786        1.0678702127659574E-002   8.1914893617021277E-006
   1.0189683829787235        3.9827021276595750E-003   0.0000000000000000     
  0.44532000000000005        9.9429787234042570E-004   3.7659574468085103E-006
  0.11342297872340425        1.6887234042553190E-004   0.0000000000000000     
   3.9995617021276589E-002   1.2557446808510639E-004   0.0000000000000000     
   4.3818255319148944E-002   0.0000000000000000        0.0000000000000000     
   6.2858448510638301       0.16704434042553196        4.1617021276595738E-005
   6.9180114893617040       0.19091704255319145        2.3191489361702123E-005
   6.4058597872340446       0.15722759574468087        1.1744680851063831E-005
   5.8334911914893599       0.12615631914893613        2.9595744680851065E-005
   5.0274954893617014        9.0888659574468095E-002   3.6085106382978725E-005
   3.0550802553191492        2.8923276595744681E-002   6.2340425531914900E-006
   1.6406765106382979        1.4591787234042551E-002   3.7659574468085103E-006
  0.18593655319148938        5.4257446808510636E-004   0.0000000000000000     
  0.19407319148936172        1.8431914893617024E-004   0.0000000000000000     
   4.6889617021276586E-002   1.6765957446808508E-005   0.0000000000000000     
   9.6129177446808516       0.66457904255319156        2.8574468085106382E-005
   9.6205759148936156       0.67560231914893609        2.2404255319148938E-005
   9.5455256170212781       0.66284072340425548        3.5851063829787233E-005
   9.9110291489361710       0.70203561702127648        2.9191489361702127E-005
   9.6929242978723416       0.60390368085106372        4.0851063829787239E-005
   7.0884270638297862       0.26412127659574464        4.3319148936170217E-005
   3.2976060000000005        4.4750340425531908E-002   5.3617021276595749E-006
  0.63674719148936165        1.4147234042553194E-003   0.0000000000000000     
   7.2143617021276613E-002   6.4702127659574472E-005   0.0000000000000000     
   5.0489361702127665E-002   4.5787234042553188E-005   0.0000000000000000     
   3.1608002553191485        8.1240127659574474E-002   3.8723404255319153E-006
   3.2362986382978720        8.5805510638297874E-002   2.5106382978723402E-006
   3.3944588936170215        9.6374106382978761E-002   1.4085106382978722E-005
   4.1835513191489380       0.13279417021276599        1.1276595744680851E-006
   5.7909099574468081       0.26748170212765965        1.4659574468085106E-005
   8.1125546808510638       0.52248919148936190        2.2148936170212767E-005
   6.0784328936170215       0.21648072340425531        2.9744680851063830E-005
   1.3754205957446808        1.0021914893617022E-002   9.0000000000000002E-006
  0.12169838297872340        1.5934042553191488E-004   0.0000000000000000     
   4.6411276595744670E-002   0.0000000000000000        0.0000000000000000     
   2.2672290638297876        6.6863404255319159E-003   6.3829787234042553E-008
   1.8760365957446805        4.6496595744680838E-003   2.9787234042553191E-007
   1.9019152340425538        5.4314468085106381E-003   1.7234042553191486E-006
   1.7009876170212768        4.0430000000000006E-003   4.7021276595744678E-006
   1.5825097021276595        4.1100212765957456E-003   4.8723404255319142E-006
   1.2534435319148935        3.3034893617021285E-003   0.0000000000000000     
  0.92621578723404274        2.1382340425531916E-003   8.5106382978723400E-008
  0.11251927659574462        6.5659574468085111E-005   0.0000000000000000     
   8.4230425531914885E-002   3.8234042553191487E-005   0.0000000000000000     
   4.0814553191489369E-002   0.0000000000000000        0.0000000000000000     
   9.0474072765957434       0.22540553191489357        1.1723404255319150E-005
   9.4645049361702132       0.23725055319148930        2.5723404255319148E-005
   8.5660339148936160       0.17876870212765958        3.0574468085106383E-005
   6.9662638723404253       0.12041482978723404        2.6382978723404256E-006
   4.7273823829787238        4.1261723404255310E-002   1.2361702127659572E-005
   2.7998867234042550        8.2505531914893598E-003   2.1702127659574471E-006
   1.2853335319148937        3.9415957446808508E-003   2.1276595744680850E-008
  0.30170336170212764        2.6170212765957448E-004   0.0000000000000000     
   3.2504170212765963E-002   8.5106382978723412E-006   0.0000000000000000     
   4.1475702127659581E-002   1.4893617021276595E-007   0.0000000000000000     
   12.872993617021278       0.99259414893617048        5.3404255319148919E-005
   12.939017361702128        1.0095685744680851        2.5936170212765964E-005
   12.936901404255318        1.0038230851063832        1.3744680851063829E-005
   12.920550127659572       0.93608157446808515        3.9340425531914894E-005
   12.036882638297870       0.68029651063829799        1.9510638297872343E-005
   7.4686720851063813       0.18515314893617027        2.6893617021276589E-005
   2.5101824680851070        2.0778063829787238E-002   1.9148936170212767E-006
  0.79356561702127659        1.8982978723404253E-003   0.0000000000000000     
   7.7137914893617016E-002   4.4468085106382975E-005   0.0000000000000000     
   1.9912723404255317E-002   0.0000000000000000        0.0000000000000000     
   10.834135148936172       0.19989927659574466        2.4042553191489359E-005
   10.730060553191491       0.16786112765957445        5.7872340425531912E-006
   9.8947035319148871       0.14982112765957448        1.4893617021276598E-007
   8.5175699999999992        9.9763872340425538E-002   4.8085106382978723E-006
   5.9983881702127659        3.7989957446808525E-002   3.9148936170212762E-006
   2.6727813191489362        1.1680042553191489E-002   2.1276595744680850E-008
   1.1123617021276599        2.5419574468085104E-003   0.0000000000000000     
  0.25556502127659569        5.3189361702127649E-004   0.0000000000000000     
   5.4439914893617013E-002   2.0553191489361705E-005   0.0000000000000000     
  0.37775974468085111        0.0000000000000000        0.0000000000000000     
