       0.2935E+00       0.2423E-01       0.1320E-04       0.1425E-04
       0.2866E+00       0.2601E-01       0.1447E-04       0.1361E-04
       0.2694E+00       0.2786E-01       0.1816E-04       0.1428E-04
       0.2454E+00       0.2993E-01       0.2279E-04       0.1288E-04
       0.2123E+00       0.3193E-01       0.3262E-04       0.1485E-04
       0.1756E+00       0.3320E-01       0.4071E-04       0.1343E-04
       0.1375E+00       0.3289E-01       0.4955E-04       0.1527E-04
       0.1034E+00       0.3090E-01       0.5870E-04       0.1271E-04
       0.7292E-01       0.2643E-01       0.5739E-04       0.1033E-04
       0.4960E-01       0.2090E-01       0.5896E-04       0.9868E-05
       0.3046E-01       0.1487E-01       0.4806E-04       0.8152E-05
       0.1774E-01       0.9823E-02       0.3722E-04       0.6379E-05
       0.1000E-01       0.5952E-02       0.2880E-04       0.5090E-05
       0.5609E-02       0.3554E-02       0.1885E-04       0.4561E-05
       0.3049E-02       0.2076E-02       0.1451E-04       0.3449E-05
       0.2928E+00       0.2410E-01       0.1355E-04       0.1343E-04
       0.2861E+00       0.2585E-01       0.1604E-04       0.1520E-04
       0.2685E+00       0.2803E-01       0.1790E-04       0.1266E-04
       0.2462E+00       0.2987E-01       0.2618E-04       0.1367E-04
       0.2122E+00       0.3184E-01       0.3183E-04       0.1385E-04
       0.1747E+00       0.3296E-01       0.4108E-04       0.1273E-04
       0.1410E+00       0.3290E-01       0.5016E-04       0.1405E-04
       0.1048E+00       0.3056E-01       0.5615E-04       0.1396E-04
       0.7353E-01       0.2657E-01       0.6056E-04       0.1309E-04
       0.4883E-01       0.2097E-01       0.5410E-04       0.1020E-04
       0.3036E-01       0.1496E-01       0.4671E-04       0.8763E-05
       0.1787E-01       0.9977E-02       0.3931E-04       0.6093E-05
       0.9865E-02       0.6073E-02       0.2938E-04       0.3606E-05
       0.5667E-02       0.3513E-02       0.1956E-04       0.3922E-05
       0.3126E-02       0.2086E-02       0.1355E-04       0.3849E-05
       0.2944E+00       0.2409E-01       0.1307E-04       0.1418E-04
       0.2860E+00       0.2610E-01       0.1571E-04       0.1378E-04
       0.2688E+00       0.2786E-01       0.1876E-04       0.1371E-04
       0.2432E+00       0.3005E-01       0.2514E-04       0.1414E-04
       0.2104E+00       0.3188E-01       0.3117E-04       0.1400E-04
       0.1762E+00       0.3294E-01       0.4078E-04       0.1402E-04
       0.1382E+00       0.3268E-01       0.4849E-04       0.1341E-04
       0.1044E+00       0.3057E-01       0.5950E-04       0.1215E-04
       0.7423E-01       0.2654E-01       0.5815E-04       0.1161E-04
       0.4904E-01       0.2087E-01       0.5614E-04       0.9534E-05
       0.3021E-01       0.1485E-01       0.5056E-04       0.7506E-05
       0.1751E-01       0.9733E-02       0.3467E-04       0.6461E-05
       0.1019E-01       0.6071E-02       0.2834E-04       0.5836E-05
       0.5561E-02       0.3642E-02       0.1959E-04       0.4309E-05
       0.3060E-02       0.2105E-02       0.1480E-04       0.3134E-05
