  0.000000000000000E+000
   5.00000000000000     
   10.0000000000000     
   15.0000000000000     
   20.0000000000000     
   25.0000000000000     
   30.0000000000000     
   35.0000000000000     
   40.0000000000000     
   45.0000000000000     
   50.0000000000000     
   55.0000000000000     
   60.0000000000000     
   65.0000000000000     
   70.0000000000000     
  0.000000000000000E+000
   5.00000000000000     
   10.0000000000000     
   15.0000000000000     
   20.0000000000000     
   25.0000000000000     
   30.0000000000000     
   35.0000000000000     
   40.0000000000000     
   45.0000000000000     
   50.0000000000000     
   55.0000000000000     
   60.0000000000000     
   65.0000000000000     
   70.0000000000000     
  0.000000000000000E+000
   5.00000000000000     
   10.0000000000000     
   15.0000000000000     
   20.0000000000000     
   25.0000000000000     
   30.0000000000000     
   35.0000000000000     
   40.0000000000000     
   45.0000000000000     
   50.0000000000000     
   55.0000000000000     
   60.0000000000000     
   65.0000000000000     
   70.0000000000000     
