  6.228611999999999E-002  6.868000000000001E-005  0.000000000000000E+000
  6.795359999999998E-002  3.440000000000000E-005  0.000000000000000E+000
  6.381312000000000E-002  5.248000000000000E-005  0.000000000000000E+000
  7.275612000000001E-002  4.583999999999999E-005  0.000000000000000E+000
  7.658556000000002E-002  4.492000000000000E-005  0.000000000000000E+000
  9.486227999999999E-002  5.376000000000000E-005  0.000000000000000E+000
  0.123056280000000       1.344800000000000E-004  0.000000000000000E+000
  0.159336480000000       2.109600000000000E-004  0.000000000000000E+000
  0.213901080000000       3.664200000000002E-004  0.000000000000000E+000
  0.231447120000000       3.769200000000000E-004  1.920000000000000E-006
  2.175840000000000E-003  0.000000000000000E+000  0.000000000000000E+000
  2.055240000000000E-003  0.000000000000000E+000  0.000000000000000E+000
  2.331000000000000E-003  0.000000000000000E+000  0.000000000000000E+000
  3.081239999999999E-003  0.000000000000000E+000  0.000000000000000E+000
  4.471080000000001E-003  1.100000000000000E-006  0.000000000000000E+000
  8.121720000000001E-003  0.000000000000000E+000  0.000000000000000E+000
  1.957212000000001E-002  1.940000000000000E-006  0.000000000000000E+000
  5.097179999999998E-002  2.716000000000000E-005  0.000000000000000E+000
  0.127266720000000       1.574400000000000E-004  2.200000000000000E-007
  0.200291640000000       3.242999999999999E-004  2.000000000000000E-008
  1.803600000000000E-004  0.000000000000000E+000  0.000000000000000E+000
  4.512000000000000E-005  0.000000000000000E+000  0.000000000000000E+000
  8.028000000000001E-005  0.000000000000000E+000  0.000000000000000E+000
  7.415999999999999E-005  0.000000000000000E+000  0.000000000000000E+000
  3.180000000000000E-004  0.000000000000000E+000  0.000000000000000E+000
  4.216800000000000E-004  0.000000000000000E+000  0.000000000000000E+000
  2.649120000000000E-003  0.000000000000000E+000  0.000000000000000E+000
  1.475520000000000E-002  2.800000000000000E-007  0.000000000000000E+000
  7.224468000000001E-002  3.106000000000000E-005  1.200000000000000E-007
  0.159003240000000       2.454400000000000E-004  9.399999999999999E-007
  0.000000000000000E+000  0.000000000000000E+000  0.000000000000000E+000
  0.000000000000000E+000  0.000000000000000E+000  0.000000000000000E+000
  1.080000000000000E-005  0.000000000000000E+000  0.000000000000000E+000
  0.000000000000000E+000  0.000000000000000E+000  0.000000000000000E+000
  3.120000000000000E-006  0.000000000000000E+000  0.000000000000000E+000
  1.464000000000000E-005  0.000000000000000E+000  0.000000000000000E+000
  2.937600000000000E-004  0.000000000000000E+000  0.000000000000000E+000
  4.907160000000001E-003  0.000000000000000E+000  0.000000000000000E+000
  3.675732000000000E-002  8.580000000000001E-006  0.000000000000000E+000
  0.145630200000000       1.724200000000000E-004  0.000000000000000E+000
  0.000000000000000E+000  0.000000000000000E+000  0.000000000000000E+000
  0.000000000000000E+000  0.000000000000000E+000  0.000000000000000E+000
  0.000000000000000E+000  0.000000000000000E+000  0.000000000000000E+000
  0.000000000000000E+000  0.000000000000000E+000  0.000000000000000E+000
  0.000000000000000E+000  0.000000000000000E+000  0.000000000000000E+000
  0.000000000000000E+000  0.000000000000000E+000  0.000000000000000E+000
  9.840000000000001E-006  0.000000000000000E+000  0.000000000000000E+000
  1.121640000000000E-003  0.000000000000000E+000  0.000000000000000E+000
  2.193936000000000E-002  1.020000000000000E-006  0.000000000000000E+000
  0.114908640000000       1.201800000000000E-004  0.000000000000000E+000
  0.782670360000000       4.982820000000001E-003  6.740000000000000E-006
  0.783139320000000       5.063499999999999E-003  2.440000000000000E-006
  0.780263760000000       5.135439999999999E-003  5.740000000000001E-006
  0.805258560000000       5.133780000000001E-003  3.160000000000000E-006
  0.844145400000000       5.574920000000002E-003  2.064000000000000E-005
  0.808829400000000       5.372580000000001E-003  4.000000000000000E-007
  0.220686120000000       7.906600000000000E-004  3.800000000000000E-007
  5.175324000000001E-002  6.900000000000000E-005  4.000000000000000E-008
  3.450059999999999E-002  6.882000000000000E-005  0.000000000000000E+000
  1.779276000000000E-002  8.919999999999999E-006  0.000000000000000E+000
  6.922920000000000E-002  2.214000000000000E-005  0.000000000000000E+000
  8.062991999999999E-002  4.930000000000001E-005  6.000000000000001E-008
  7.778376000000002E-002  6.488000000000000E-005  0.000000000000000E+000
  9.308592000000003E-002  8.138000000000000E-005  0.000000000000000E+000
  0.108459720000000       1.153000000000000E-004  0.000000000000000E+000
  0.175535160000000       3.701800000000000E-004  1.240000000000000E-006
  0.332811720000000       1.028580000000001E-003  0.000000000000000E+000
  0.618305880000000       3.440440000000000E-003  7.799999999999999E-007
  3.682356000000001E-002  1.504000000000000E-005  0.000000000000000E+000
  4.980072000000000E-002  7.500000000000002E-005  0.000000000000000E+000
  5.615999999999999E-003  0.000000000000000E+000  0.000000000000000E+000
  3.967080000000000E-003  0.000000000000000E+000  0.000000000000000E+000
  4.038959999999999E-003  0.000000000000000E+000  0.000000000000000E+000
  5.893200000000002E-003  0.000000000000000E+000  0.000000000000000E+000
  8.928720000000001E-003  0.000000000000000E+000  0.000000000000000E+000
  1.800660000000000E-002  5.600000000000000E-006  0.000000000000000E+000
  6.669539999999996E-002  3.722000000000001E-005  0.000000000000000E+000
  0.279583200000000       6.162600000000001E-004  9.799999999999999E-007
  0.257948280000000       8.251399999999998E-004  0.000000000000000E+000
  3.214692000000000E-002  3.094000000000000E-005  0.000000000000000E+000
  2.337600000000000E-004  0.000000000000000E+000  0.000000000000000E+000
  9.216000000000000E-005  0.000000000000000E+000  0.000000000000000E+000
  1.406400000000000E-004  0.000000000000000E+000  0.000000000000000E+000
  1.593600000000000E-004  0.000000000000000E+000  0.000000000000000E+000
  5.098800000000001E-004  0.000000000000000E+000  0.000000000000000E+000
  2.737320000000001E-003  0.000000000000000E+000  0.000000000000000E+000
  1.237440000000000E-002  4.000000000000000E-007  0.000000000000000E+000
  9.830327999999998E-002  7.025999999999999E-005  0.000000000000000E+000
  0.510593400000000       2.153320000000000E-003  3.340000000000000E-006
  4.125972000000000E-002  6.900000000000000E-005  8.600000000000000E-007
  0.000000000000000E+000  0.000000000000000E+000  0.000000000000000E+000
  1.020000000000000E-005  0.000000000000000E+000  0.000000000000000E+000
  2.640000000000000E-006  0.000000000000000E+000  0.000000000000000E+000
  1.680000000000000E-006  0.000000000000000E+000  0.000000000000000E+000
  0.000000000000000E+000  0.000000000000000E+000  0.000000000000000E+000
  1.465200000000000E-004  0.000000000000000E+000  0.000000000000000E+000
  2.102520000000001E-003  0.000000000000000E+000  0.000000000000000E+000
  3.557699999999999E-002  1.148000000000000E-005  0.000000000000000E+000
  0.356409120000000       9.299599999999999E-004  0.000000000000000E+000
  4.394304000000001E-002  5.086000000000000E-005  0.000000000000000E+000
   1.57174356000000       2.098724000000000E-002  9.460000000000001E-006
   1.50195972000000       1.799445999999999E-002  6.519999999999999E-006
   1.49235864000000       1.698966000000000E-002  7.760000000000000E-006
   1.18203228000000       1.027130000000000E-002  4.580000000000000E-006
  0.884674320000000       6.578839999999999E-003  8.260000000000001E-006
  0.358556400000000       1.655080000000000E-003  3.400000000000000E-007
  0.166454160000000       5.253800000000001E-004  2.400000000000000E-007
  9.791855999999996E-002  1.713600000000000E-004  0.000000000000000E+000
  8.528771999999998E-002  1.840600000000000E-004  2.800000000000000E-007
  7.298987999999999E-002  3.145800000000000E-004  0.000000000000000E+000
  0.984608520000000       7.806920000000002E-003  3.520000000000000E-006
  0.995139840000000       8.728919999999999E-003  0.000000000000000E+000
   1.01950920000000       8.583959999999998E-003  8.400000000000000E-007
   1.08144432000000       1.034464000000000E-002  1.280000000000000E-006
   1.29792456000000       1.435682000000000E-002  8.460000000000000E-006
   1.62390768000000       2.137756000000000E-002  1.058000000000000E-005
   1.85427528000000       2.701953999999999E-002  1.430000000000000E-005
  0.247600800000000       8.340000000000001E-004  1.540000000000000E-006
  0.108587160000000       2.666600000000000E-004  0.000000000000000E+000
  7.764144000000001E-002  1.416000000000000E-004  0.000000000000000E+000
  0.103501440000000       1.061600000000000E-004  0.000000000000000E+000
  0.107951520000000       1.029400000000000E-004  0.000000000000000E+000
  0.115029600000000       1.032400000000000E-004  0.000000000000000E+000
  0.144087720000000       1.038600000000000E-004  0.000000000000000E+000
  0.192199800000000       3.730800000000001E-004  0.000000000000000E+000
  0.387858360000000       1.022180000000000E-003  0.000000000000000E+000
  0.907419960000000       7.007959999999999E-003  6.359999999999999E-006
   1.42936836000000       1.550192000000000E-002  1.090000000000000E-005
  0.104128560000000       1.948400000000000E-004  0.000000000000000E+000
  7.934171999999999E-002  1.490600000000000E-004  0.000000000000000E+000
  7.398119999999998E-003  0.000000000000000E+000  0.000000000000000E+000
  6.640440000000001E-003  0.000000000000000E+000  0.000000000000000E+000
  9.484560000000003E-003  0.000000000000000E+000  0.000000000000000E+000
  1.183752000000000E-002  2.300000000000000E-006  0.000000000000000E+000
  2.025912000000000E-002  8.400000000000000E-007  0.000000000000000E+000
  5.359200000000001E-002  2.110000000000000E-005  0.000000000000000E+000
  0.251277840000000       4.623200000000000E-004  0.000000000000000E+000
   1.10082552000000       1.002962000000000E-002  4.980000000000000E-006
  0.141566040000000       3.780200000000000E-004  5.980000000000000E-006
  9.600828000000000E-002  3.155200000000000E-004  0.000000000000000E+000
  2.515200000000000E-004  0.000000000000000E+000  0.000000000000000E+000
  4.940400000000001E-004  0.000000000000000E+000  0.000000000000000E+000
  5.487599999999999E-004  0.000000000000000E+000  0.000000000000000E+000
  8.359200000000000E-004  0.000000000000000E+000  0.000000000000000E+000
  1.656600000000000E-003  0.000000000000000E+000  0.000000000000000E+000
  5.694120000000000E-003  0.000000000000000E+000  0.000000000000000E+000
  5.720507999999999E-002  1.502000000000000E-005  0.000000000000000E+000
  0.537674280000000       2.257880000000000E-003  0.000000000000000E+000
  0.237019080000000       8.868200000000001E-004  0.000000000000000E+000
  9.779688000000003E-002  1.920400000000000E-004  0.000000000000000E+000
   1.06181268000000       5.189680000000001E-003  2.940000000000000E-006
   1.10855544000000       6.740320000000003E-003  3.480000000000000E-006
   1.06335492000000       5.797500000000001E-003  3.060000000000000E-006
  0.887692560000000       4.784800000000001E-003  2.040000000000000E-006
  0.713765400000000       2.540159999999999E-003  8.360000000000000E-006
  0.323636280000000       7.178800000000000E-004  0.000000000000000E+000
  0.162097440000000       1.812800000000000E-004  1.920000000000000E-006
  9.387840000000000E-002  2.272800000000000E-004  0.000000000000000E+000
  8.528448000000002E-002  1.743800000000000E-004  0.000000000000000E+000
  0.112798680000000       2.620200000000000E-004  0.000000000000000E+000
   4.58505792000000       0.171278420000000       8.040000000000001E-006
   4.58713932000000       0.175012220000000       4.000000000000000E-005
   4.63766580000000       0.167456140000000       2.398000000000000E-005
   4.48143384000000       0.160250900000000       2.338000000000000E-005
   4.47205392000000       0.160035080000000       2.912000000000000E-005
   3.61140492000000       9.635194000000000E-002  2.728000000000000E-005
   1.69069908000000       2.078622000000001E-002  2.550000000000000E-005
  0.257088960000000       5.882000000000001E-004  5.020000000000000E-006
  0.113154600000000       1.513400000000000E-004  2.000000000000000E-008
  0.110229720000000       9.372000000000002E-005  7.000000000000000E-007
   1.39076424000000       1.568254000000000E-002  9.799999999999999E-007
   1.46653380000000       1.872552000000000E-002  2.680000000000000E-006
   1.49993376000000       1.953932000000000E-002  1.502000000000000E-005
   1.63507788000000       2.198488000000000E-002  4.020000000000000E-006
   2.06954832000000       3.596422000000000E-002  6.960000000000000E-006
   2.90525772000000       7.048963999999999E-002  1.452000000000000E-005
   3.44857908000000       9.965991999999999E-002  1.822000000000000E-005
  0.744732120000000       5.470900000000000E-003  5.520000000000000E-006
  0.122931960000000       2.706800000000000E-004  0.000000000000000E+000
  0.102905040000000       1.358400000000000E-004  0.000000000000000E+000
  0.175892040000000       2.931399999999999E-004  0.000000000000000E+000
  0.190043400000000       3.363600000000000E-004  0.000000000000000E+000
  0.197892240000000       4.523200000000001E-004  0.000000000000000E+000
  0.243432600000000       5.542400000000001E-004  0.000000000000000E+000
  0.381301080000000       1.147000000000000E-003  8.000000000000000E-008
  0.818628960000000       5.260779999999998E-003  0.000000000000000E+000
   2.24167620000000       4.159565999999999E-002  2.340000000000000E-006
   2.19163440000000       4.132856000000000E-002  8.940000000000001E-006
  0.179586840000000       2.472000000000000E-004  0.000000000000000E+000
  0.127572840000000       2.420600000000000E-004  4.240000000000000E-006
  1.695312000000000E-002  4.180000000000001E-006  0.000000000000000E+000
  1.171008000000000E-002  0.000000000000000E+000  0.000000000000000E+000
  1.492920000000000E-002  3.000000000000000E-007  0.000000000000000E+000
  2.481576000000000E-002  7.140000000000000E-006  0.000000000000000E+000
  4.422108000000000E-002  3.167999999999999E-005  0.000000000000000E+000
  0.146082120000000       1.701400000000000E-004  0.000000000000000E+000
  0.787645200000000       5.742900000000000E-003  2.000000000000000E-008
   2.70082992000000       6.025204000000001E-002  2.032000000000001E-005
  0.183769320000000       4.807400000000001E-004  0.000000000000000E+000
  0.104405880000000       1.902200000000000E-004  0.000000000000000E+000
  0.586552200000000       1.071900000000000E-003  7.400000000000000E-007
  0.639745440000000       1.628160000000000E-003  0.000000000000000E+000
  0.544977240000000       1.844980000000000E-003  0.000000000000000E+000
  0.532988760000000       1.357060000000000E-003  0.000000000000000E+000
  0.487526640000000       7.593999999999998E-004  0.000000000000000E+000
  0.269515080000000       5.611200000000000E-004  9.600000000000001E-007
  0.116392320000000       1.512600000000000E-004  0.000000000000000E+000
  0.139113240000000       7.346000000000000E-005  0.000000000000000E+000
  7.836408000000000E-002  1.092000000000000E-004  0.000000000000000E+000
  8.726135999999998E-002  6.770000000000001E-005  0.000000000000000E+000
   4.65607644000000       0.111759680000000       1.906000000000000E-005
   4.80707556000000       0.120900440000000       1.980000000000000E-005
   4.41919488000000       9.944775999999997E-002  1.956000000000000E-005
   4.12984692000000       7.988438000000002E-002  2.526000000000000E-005
   3.53658936000000       6.111831999999999E-002  1.146000000000000E-005
   2.49738120000000       2.761068000000000E-002  7.919999999999999E-006
  0.967308720000000       3.104940000000000E-003  0.000000000000000E+000
  0.150487200000000       2.293400000000000E-004  0.000000000000000E+000
  9.827364000000000E-002  2.161200000000000E-004  0.000000000000000E+000
  6.898644000000001E-002  2.003400000000000E-004  0.000000000000000E+000
   6.93341136000000       0.378942880000000       3.550000000000001E-005
   6.95699184000000       0.381094060000000       2.526000000000000E-005
   7.24850112000000       0.402169560000000       1.292000000000000E-005
   7.01501112000000       0.392612900000000       1.730000000000000E-005
   6.86133900000000       0.353408740000000       1.796000000000000E-005
   5.77162248000000       0.230044760000000       3.128000000000000E-005
   3.01115208000000       5.087448000000002E-002  4.582000000000001E-005
  0.446173080000000       1.319020000000000E-003  4.000000000000000E-008
  9.619764000000000E-002  1.791600000000000E-004  0.000000000000000E+000
  0.103568400000000       3.440000000000000E-006  0.000000000000000E+000
   2.05079820000000       3.414767999999999E-002  1.400000000000000E-006
   2.18458308000000       4.021846000000000E-002  0.000000000000000E+000
   2.19685128000000       4.146893999999999E-002  2.900000000000000E-006
   2.61804180000000       5.755600000000000E-002  1.008000000000000E-005
   3.57135036000000       0.109710440000000       7.879999999999999E-006
   5.29758780000000       0.227333480000000       1.442000000000000E-005
   5.30991576000000       0.213229420000000       2.408000000000000E-005
   1.35878304000000       1.116774000000000E-002  7.699999999999999E-006
  0.156271680000000       1.528600000000000E-004  0.000000000000000E+000
  0.143120880000000       1.319000000000000E-004  0.000000000000000E+000
  0.296442120000000       9.344199999999999E-004  0.000000000000000E+000
  0.296075640000000       6.866599999999997E-004  0.000000000000000E+000
  0.330553920000000       8.072200000000005E-004  0.000000000000000E+000
  0.419290200000000       1.474400000000000E-003  0.000000000000000E+000
  0.718739640000000       4.199020000000001E-003  3.760000000000000E-006
   1.79914668000000       2.594990000000000E-002  0.000000000000000E+000
   4.55472708000000       0.171314700000000       2.825999999999999E-005
   2.91115236000000       5.652743999999999E-002  1.202000000000000E-005
  0.170592720000000       1.216000000000000E-004  0.000000000000000E+000
  7.956180000000002E-002  4.692000000000001E-005  0.000000000000000E+000
  0.307374240000000       5.359000000000001E-004  0.000000000000000E+000
  0.302658720000000       5.481800000000001E-004  0.000000000000000E+000
  0.373396080000000       5.770600000000001E-004  0.000000000000000E+000
  0.258697800000000       1.214800000000000E-004  0.000000000000000E+000
  0.218151480000000       3.227200000000000E-004  0.000000000000000E+000
  0.149454240000000       3.812200000000000E-004  0.000000000000000E+000
  0.106786680000000       4.594000000000000E-005  0.000000000000000E+000
  0.107926200000000       1.196000000000000E-005  0.000000000000000E+000
  2.855112000000000E-002  0.000000000000000E+000  0.000000000000000E+000
  4.412796000000001E-002  3.102000000000000E-005  0.000000000000000E+000
   1.74430992000000       8.416780000000000E-003  9.299999999999999E-006
   2.12038656000000       1.382788000000000E-002  1.120000000000000E-006
   2.09327868000000       9.834440000000002E-003  1.224000000000000E-005
   1.84762800000000       8.217439999999998E-003  3.300000000000000E-006
   1.57934916000000       7.288400000000001E-003  0.000000000000000E+000
   1.23123540000000       4.475380000000000E-003  5.800000000000000E-007
  0.663418920000000       9.423600000000002E-004  0.000000000000000E+000
  0.124209000000000       1.375400000000000E-004  0.000000000000000E+000
  5.847431999999999E-002  4.132000000000000E-005  0.000000000000000E+000
  5.274180000000002E-002  8.799999999999999E-007  0.000000000000000E+000
   6.81565536000000       0.181304680000000       2.492000000000000E-005
   6.68193564000000       0.165927240000000       9.980000000000003E-006
   6.66115200000000       0.170184780000000       1.980000000000000E-005
   5.73979260000000       0.112447800000000       1.000000000000000E-005
   4.57263492000000       7.945973999999999E-002  1.398000000000000E-005
   3.08405472000000       3.269456000000001E-002  3.840000000000001E-006
   1.67765436000000       8.070140000000000E-003  3.740000000000000E-006
  0.209101320000000       3.644999999999999E-004  0.000000000000000E+000
  7.637292000000001E-002  1.453400000000000E-004  0.000000000000000E+000
  6.122256000000001E-002  1.716000000000000E-005  0.000000000000000E+000
   9.83061300000000       0.715339860000000       3.603999999999999E-005
   9.58294296000000       0.668370340000000       7.152000000000001E-005
   10.0968157200000       0.733950460000000       5.202000000000000E-005
   10.1182206000000       0.706364520000000       4.724000000000000E-005
   9.51458148000000       0.586685980000000       4.699999999999999E-005
   7.45061676000000       0.307637140000000       2.966000000000000E-005
   3.15564804000000       4.427848000000000E-002  1.796000000000000E-005
  0.626589240000000       1.332900000000000E-003  2.800000000000000E-007
  7.604124000000000E-002  2.061200000000000E-004  0.000000000000000E+000
  5.668836000000000E-002  6.355999999999999E-005  0.000000000000000E+000
   3.18747648000000       8.006732000000000E-002  1.422000000000000E-005
   3.32533872000000       9.075728000000000E-002  3.660000000000000E-006
   3.48557004000000       0.102142480000000       5.960000000000001E-006
   4.13564988000000       0.136154820000000       8.540000000000001E-006
   5.95469532000000       0.285167240000000       2.194000000000000E-005
   8.77104036000000       0.574361920000000       2.090000000000000E-005
   6.20023128000000       0.212766240000000       2.912000000000000E-005
   1.54301220000000       8.037359999999999E-003  8.400000000000000E-007
  9.389664000000000E-002  3.936000000000000E-005  0.000000000000000E+000
  4.613004000000000E-002  8.050000000000001E-005  0.000000000000000E+000
   1.91821740000000       7.098900000000000E-003  2.440000000000000E-006
   2.06641152000000       9.259680000000001E-003  1.080000000000000E-006
   1.80448728000000       8.752780000000000E-003  1.050000000000000E-005
   1.93884732000000       6.482500000000000E-003  1.420000000000000E-006
   1.65806664000000       4.725220000000000E-003  2.220000000000000E-006
   1.35791688000000       2.425940000000000E-003  0.000000000000000E+000
  0.680858880000000       1.683440000000000E-003  1.400000000000000E-007
  0.110709360000000       1.856600000000000E-004  0.000000000000000E+000
  0.115339680000000       4.027999999999999E-005  0.000000000000000E+000
  2.087796000000000E-002  0.000000000000000E+000  0.000000000000000E+000
   9.10400244000000       0.249340620000000       2.428000000000000E-005
   8.61681648000000       0.225963380000000       1.428000000000000E-005
   8.08630692000000       0.169090480000000       2.980000000000000E-006
   7.11564036000000       0.126617120000000       8.400000000000001E-006
   5.23777740000000       6.078048000000002E-002  1.222000000000000E-005
   2.72842956000000       8.219799999999999E-003  6.799999999999999E-007
   1.33738464000000       4.829160000000000E-003  2.600000000000000E-007
  0.418543560000000       8.355400000000001E-004  1.580000000000000E-006
  4.955580000000001E-002  0.000000000000000E+000  0.000000000000000E+000
  5.508167999999999E-002  0.000000000000000E+000  0.000000000000000E+000
   12.9667382400000        1.05153772000000       1.908000000000000E-005
   12.3212524800000       0.962194280000000       5.337999999999999E-005
   13.1573006400000        1.02566386000000       2.594000000000000E-005
   12.9829714800000       0.970430880000000       1.040000000000000E-005
   12.1469479200000       0.697760320000000       6.186000000000001E-005
   7.65734784000000       0.172249180000000       2.498000000000000E-005
   2.82077004000000       1.942030000000000E-002  6.440000000000000E-006
  0.828190800000000       1.155920000000000E-003  4.600000000000000E-007
  8.953632000000000E-002  9.850000000000000E-005  0.000000000000000E+000
  5.449271999999998E-002  0.000000000000000E+000  0.000000000000000E+000
   11.0230478400000       0.218619060000000       1.550000000000000E-005
   10.6818824400000       0.189716480000000       4.500000000000000E-006
   9.60341448000000       0.149233360000000       2.860000000000000E-006
   8.91810888000000       0.101238360000000       4.460000000000000E-006
   5.39681112000000       6.024299999999999E-002  1.642000000000000E-005
   2.20990836000000       4.606860000000001E-003  6.799999999999999E-007
  0.849026640000000       1.786380000000000E-003  0.000000000000000E+000
  0.312249600000000       3.298400000000000E-004  0.000000000000000E+000
  9.219323999999998E-002  2.542000000000000E-005  0.000000000000000E+000
  0.150706800000000       2.792000000000000E-005  0.000000000000000E+000
