  0.425222400000000       1.842920000000000E-003  1.540000000000000E-006
  0.408971040000000       1.374180000000000E-003  3.840000000000001E-006
  0.444995400000000       1.484080000000000E-003  4.200000000000001E-007
  0.482211720000000       1.958920000000000E-003  0.000000000000000E+000
  0.568993200000000       2.590740000000000E-003  0.000000000000000E+000
  0.654525000000000       3.436940000000000E-003  5.060000000000001E-006
  0.786186240000000       4.793359999999999E-003  1.560000000000000E-006
  0.469216320000000       2.184920000000000E-003  6.799999999999999E-007
  6.919032000000001E-002  1.520000000000000E-004  1.000000000000000E-006
  4.121088000000001E-002  6.132000000000000E-005  0.000000000000000E+000
  9.428400000000000E-004  0.000000000000000E+000  0.000000000000000E+000
  1.046400000000000E-004  0.000000000000000E+000  0.000000000000000E+000
  4.391999999999999E-004  0.000000000000000E+000  0.000000000000000E+000
  1.065960000000000E-003  0.000000000000000E+000  0.000000000000000E+000
  1.505760000000000E-003  0.000000000000000E+000  0.000000000000000E+000
  9.192000000000002E-003  1.600000000000000E-007  0.000000000000000E+000
  4.790556000000001E-002  1.272000000000000E-005  0.000000000000000E+000
  0.309713760000000       9.808799999999997E-004  1.400000000000000E-007
  0.638525880000000       3.329440000000000E-003  2.200000000000000E-006
  6.594048000000000E-002  8.794000000000002E-005  0.000000000000000E+000
  0.000000000000000E+000  0.000000000000000E+000  0.000000000000000E+000
  0.000000000000000E+000  0.000000000000000E+000  0.000000000000000E+000
  0.000000000000000E+000  0.000000000000000E+000  0.000000000000000E+000
  0.000000000000000E+000  0.000000000000000E+000  0.000000000000000E+000
  0.000000000000000E+000  0.000000000000000E+000  0.000000000000000E+000
  1.272000000000000E-005  0.000000000000000E+000  0.000000000000000E+000
  8.308800000000002E-004  0.000000000000000E+000  0.000000000000000E+000
  3.465911999999999E-002  1.900000000000000E-006  0.000000000000000E+000
  0.436405920000000       1.559480000000000E-003  0.000000000000000E+000
  0.115711440000000       2.497200000000000E-004  0.000000000000000E+000
  0.000000000000000E+000  0.000000000000000E+000  0.000000000000000E+000
  0.000000000000000E+000  0.000000000000000E+000  0.000000000000000E+000
  0.000000000000000E+000  0.000000000000000E+000  0.000000000000000E+000
  0.000000000000000E+000  0.000000000000000E+000  0.000000000000000E+000
  0.000000000000000E+000  0.000000000000000E+000  0.000000000000000E+000
  0.000000000000000E+000  0.000000000000000E+000  0.000000000000000E+000
  0.000000000000000E+000  0.000000000000000E+000  0.000000000000000E+000
  2.868000000000001E-003  0.000000000000000E+000  0.000000000000000E+000
  0.192627600000000       2.542800000000001E-004  2.000000000000000E-008
  0.312754440000000       9.022200000000002E-004  2.000000000000000E-007
  0.000000000000000E+000  0.000000000000000E+000  0.000000000000000E+000
  0.000000000000000E+000  0.000000000000000E+000  0.000000000000000E+000
  0.000000000000000E+000  0.000000000000000E+000  0.000000000000000E+000
  0.000000000000000E+000  0.000000000000000E+000  0.000000000000000E+000
  0.000000000000000E+000  0.000000000000000E+000  0.000000000000000E+000
  0.000000000000000E+000  0.000000000000000E+000  0.000000000000000E+000
  0.000000000000000E+000  0.000000000000000E+000  0.000000000000000E+000
  8.616000000000000E-005  0.000000000000000E+000  0.000000000000000E+000
  8.211036000000002E-002  2.860000000000000E-005  1.200000000000000E-007
  0.465801600000000       2.135479999999999E-003  0.000000000000000E+000
   1.04872236000000       6.873259999999996E-003  3.180000000000000E-006
   1.24529460000000       1.164374000000000E-002  6.400000000000000E-007
   1.05712128000000       6.469999999999998E-003  4.800000000000001E-007
  0.907125720000000       8.761880000000005E-003  1.200000000000000E-007
  0.476034600000000       2.506680000000000E-003  0.000000000000000E+000
  9.003816000000001E-002  8.040000000000001E-006  0.000000000000000E+000
  1.630512000000000E-002  0.000000000000000E+000  0.000000000000000E+000
  3.600000000000000E-007  0.000000000000000E+000  0.000000000000000E+000
  1.829880000000000E-003  0.000000000000000E+000  0.000000000000000E+000
  1.401372000000000E-002  0.000000000000000E+000  0.000000000000000E+000
  0.116985480000000       1.908200000000000E-004  0.000000000000000E+000
  0.126132120000000       4.020000000000000E-005  0.000000000000000E+000
  0.138643440000000       2.101600000000000E-004  0.000000000000000E+000
  0.173460000000000       3.170400000000000E-004  0.000000000000000E+000
  0.310839720000000       7.125599999999999E-004  0.000000000000000E+000
  0.870769440000000       6.530640000000001E-003  1.040000000000000E-006
   1.99446876000000       3.511083999999999E-002  1.660000000000000E-006
  0.186919920000000       1.149200000000000E-004  0.000000000000000E+000
  9.042480000000000E-003  0.000000000000000E+000  0.000000000000000E+000
  2.520000000000000E-006  0.000000000000000E+000  0.000000000000000E+000
  0.000000000000000E+000  0.000000000000000E+000  0.000000000000000E+000
  5.760000000000000E-006  0.000000000000000E+000  0.000000000000000E+000
  3.420000000000000E-005  0.000000000000000E+000  0.000000000000000E+000
  1.540800000000000E-004  0.000000000000000E+000  0.000000000000000E+000
  9.711600000000000E-004  0.000000000000000E+000  0.000000000000000E+000
  7.949040000000001E-003  0.000000000000000E+000  0.000000000000000E+000
  0.156631320000000       2.903200000000000E-004  0.000000000000000E+000
   1.52550624000000       1.971332000000000E-002  7.200000000000000E-007
  1.598280000000000E-003  0.000000000000000E+000  0.000000000000000E+000
  0.000000000000000E+000  0.000000000000000E+000  0.000000000000000E+000
  0.000000000000000E+000  0.000000000000000E+000  0.000000000000000E+000
  0.000000000000000E+000  0.000000000000000E+000  0.000000000000000E+000
  0.000000000000000E+000  0.000000000000000E+000  0.000000000000000E+000
  0.000000000000000E+000  0.000000000000000E+000  0.000000000000000E+000
  0.000000000000000E+000  0.000000000000000E+000  0.000000000000000E+000
  3.024000000000000E-005  0.000000000000000E+000  0.000000000000000E+000
  3.969600000000000E-003  0.000000000000000E+000  0.000000000000000E+000
  0.418895880000000       1.543900000000000E-003  0.000000000000000E+000
  5.805240000000000E-002  7.384000000000000E-005  0.000000000000000E+000
  0.000000000000000E+000  0.000000000000000E+000  0.000000000000000E+000
  0.000000000000000E+000  0.000000000000000E+000  0.000000000000000E+000
  0.000000000000000E+000  0.000000000000000E+000  0.000000000000000E+000
  0.000000000000000E+000  0.000000000000000E+000  0.000000000000000E+000
  0.000000000000000E+000  0.000000000000000E+000  0.000000000000000E+000
  0.000000000000000E+000  0.000000000000000E+000  0.000000000000000E+000
  0.000000000000000E+000  0.000000000000000E+000  0.000000000000000E+000
  0.000000000000000E+000  0.000000000000000E+000  0.000000000000000E+000
  5.615448000000001E-002  3.856000000000000E-005  0.000000000000000E+000
  0.587435160000000       3.630019999999999E-003  2.400000000000000E-007
  1.774080000000000E-003  0.000000000000000E+000  0.000000000000000E+000
  1.372932000000000E-002  0.000000000000000E+000  0.000000000000000E+000
  2.444268000000000E-002  0.000000000000000E+000  0.000000000000000E+000
  0.189832080000000       0.000000000000000E+000  0.000000000000000E+000
  1.943628000000000E-002  0.000000000000000E+000  0.000000000000000E+000
  3.358632000000000E-002  0.000000000000000E+000  0.000000000000000E+000
  6.102720000000001E-003  0.000000000000000E+000  0.000000000000000E+000
  0.000000000000000E+000  0.000000000000000E+000  0.000000000000000E+000
  3.838272000000000E-002  0.000000000000000E+000  0.000000000000000E+000
  0.000000000000000E+000  0.000000000000000E+000  0.000000000000000E+000
  0.000000000000000E+000  0.000000000000000E+000  0.000000000000000E+000
   5.40768060000000       0.219692640000000       7.260000000000000E-006
   5.37870312000000       0.211409540000000       5.540000000000000E-006
   5.51963316000000       0.228515940000000       1.650000000000000E-005
   6.07951908000000       0.252943020000000       2.386000000000000E-005
   6.06375816000000       0.227120200000000       3.960000000000000E-006
   3.20729136000000       5.693956000000001E-002  7.200000000000000E-007
  0.145151760000000       9.405999999999999E-005  0.000000000000000E+000
  1.703676000000000E-002  0.000000000000000E+000  0.000000000000000E+000
  0.000000000000000E+000  0.000000000000000E+000  0.000000000000000E+000
  0.000000000000000E+000  0.000000000000000E+000  0.000000000000000E+000
  4.186524000000000E-002  8.640000000000000E-006  0.000000000000000E+000
  2.180652000000000E-002  0.000000000000000E+000  0.000000000000000E+000
  4.458648000000000E-002  6.280000000000000E-006  0.000000000000000E+000
  5.839392000000000E-002  0.000000000000000E+000  0.000000000000000E+000
  0.170260200000000       3.479400000000000E-004  0.000000000000000E+000
  0.982898040000000       8.262700000000001E-003  0.000000000000000E+000
   4.26196392000000       0.127503580000000       7.260000000000001E-006
  3.267911999999999E-002  0.000000000000000E+000  0.000000000000000E+000
  0.000000000000000E+000  0.000000000000000E+000  0.000000000000000E+000
  1.578852000000000E-002  0.000000000000000E+000  0.000000000000000E+000
  2.317200000000000E-004  0.000000000000000E+000  0.000000000000000E+000
  0.000000000000000E+000  0.000000000000000E+000  0.000000000000000E+000
  0.000000000000000E+000  0.000000000000000E+000  0.000000000000000E+000
  2.460000000000000E-005  0.000000000000000E+000  0.000000000000000E+000
  2.918400000000000E-004  0.000000000000000E+000  0.000000000000000E+000
  8.481960000000000E-003  0.000000000000000E+000  0.000000000000000E+000
  0.545004480000000       4.351079999999999E-003  0.000000000000000E+000
   1.56305436000000       1.771846000000000E-002  4.200000000000000E-007
  0.000000000000000E+000  0.000000000000000E+000  0.000000000000000E+000
  0.000000000000000E+000  0.000000000000000E+000  0.000000000000000E+000
  0.000000000000000E+000  0.000000000000000E+000  0.000000000000000E+000
  0.000000000000000E+000  0.000000000000000E+000  0.000000000000000E+000
  0.000000000000000E+000  0.000000000000000E+000  0.000000000000000E+000
  0.000000000000000E+000  0.000000000000000E+000  0.000000000000000E+000
  0.000000000000000E+000  0.000000000000000E+000  0.000000000000000E+000
  0.000000000000000E+000  0.000000000000000E+000  0.000000000000000E+000
  1.210860000000000E-002  0.000000000000000E+000  0.000000000000000E+000
   2.66945664000000       5.386833999999999E-002  2.800000000000000E-007
  7.548000000000000E-005  0.000000000000000E+000  0.000000000000000E+000
  0.000000000000000E+000  0.000000000000000E+000  0.000000000000000E+000
  0.111631560000000       0.000000000000000E+000  0.000000000000000E+000
  0.000000000000000E+000  0.000000000000000E+000  0.000000000000000E+000
  5.856000000000000E-005  0.000000000000000E+000  0.000000000000000E+000
  0.292557240000000       0.000000000000000E+000  0.000000000000000E+000
  0.000000000000000E+000  0.000000000000000E+000  0.000000000000000E+000
  0.000000000000000E+000  0.000000000000000E+000  0.000000000000000E+000
  7.320000000000000E-006  0.000000000000000E+000  0.000000000000000E+000
  0.000000000000000E+000  0.000000000000000E+000  0.000000000000000E+000
  0.000000000000000E+000  0.000000000000000E+000  0.000000000000000E+000
  0.000000000000000E+000  0.000000000000000E+000  0.000000000000000E+000
   3.23694504000000       9.930179999999997E-003  0.000000000000000E+000
   3.57222108000000       1.270326000000000E-002  6.400000000000001E-006
   3.01959048000000       1.175778000000000E-002  0.000000000000000E+000
   2.24177580000000       5.432540000000000E-003  0.000000000000000E+000
  0.619307760000000       2.200000000000000E-007  0.000000000000000E+000
  0.285342360000000       0.000000000000000E+000  0.000000000000000E+000
  0.132132120000000       0.000000000000000E+000  0.000000000000000E+000
  0.000000000000000E+000  0.000000000000000E+000  0.000000000000000E+000
  0.000000000000000E+000  0.000000000000000E+000  0.000000000000000E+000
  0.000000000000000E+000  0.000000000000000E+000  0.000000000000000E+000
   2.84857008000000       5.860552000000000E-002  7.600000000000000E-007
   2.65635012000000       5.109887999999999E-002  4.000000000000000E-008
   3.40414884000000       8.865603999999999E-002  0.000000000000000E+000
   4.66147836000000       0.127068080000000       9.799999999999999E-007
   7.61237880000000       0.305109960000000       8.460000000000002E-006
   8.59358856000000       0.242123900000000       1.826000000000000E-005
  0.424222440000000       0.000000000000000E+000  0.000000000000000E+000
  5.544492000000000E-002  0.000000000000000E+000  0.000000000000000E+000
  0.000000000000000E+000  0.000000000000000E+000  0.000000000000000E+000
  0.000000000000000E+000  0.000000000000000E+000  0.000000000000000E+000
  1.833720000000000E-003  0.000000000000000E+000  0.000000000000000E+000
  1.029612000000000E-002  0.000000000000000E+000  0.000000000000000E+000
  1.739988000000000E-002  0.000000000000000E+000  0.000000000000000E+000
  2.753244000000000E-002  1.588000000000000E-005  0.000000000000000E+000
  0.123245280000000       2.803200000000000E-004  0.000000000000000E+000
   1.32549984000000       1.235624000000000E-002  0.000000000000000E+000
   7.04136600000000       0.224350700000000       1.410000000000000E-005
  3.884640000000000E-003  0.000000000000000E+000  0.000000000000000E+000
  0.000000000000000E+000  0.000000000000000E+000  0.000000000000000E+000
  0.000000000000000E+000  0.000000000000000E+000  0.000000000000000E+000
  0.000000000000000E+000  0.000000000000000E+000  0.000000000000000E+000
  0.000000000000000E+000  0.000000000000000E+000  0.000000000000000E+000
  0.000000000000000E+000  0.000000000000000E+000  0.000000000000000E+000
  0.000000000000000E+000  0.000000000000000E+000  0.000000000000000E+000
  2.211600000000000E-004  0.000000000000000E+000  0.000000000000000E+000
  1.652676000000000E-002  0.000000000000000E+000  0.000000000000000E+000
   1.88079000000000       2.460774000000000E-002  0.000000000000000E+000
  0.518967240000000       1.240000000000000E-006  0.000000000000000E+000
  0.000000000000000E+000  0.000000000000000E+000  0.000000000000000E+000
  0.000000000000000E+000  0.000000000000000E+000  0.000000000000000E+000
  0.000000000000000E+000  0.000000000000000E+000  0.000000000000000E+000
  5.139408000000000E-002  0.000000000000000E+000  0.000000000000000E+000
  3.840324000000000E-002  0.000000000000000E+000  0.000000000000000E+000
  0.000000000000000E+000  0.000000000000000E+000  0.000000000000000E+000
  4.391544000000000E-002  0.000000000000000E+000  0.000000000000000E+000
  0.000000000000000E+000  0.000000000000000E+000  0.000000000000000E+000
  0.000000000000000E+000  0.000000000000000E+000  0.000000000000000E+000
  0.000000000000000E+000  0.000000000000000E+000  0.000000000000000E+000
  0.000000000000000E+000  0.000000000000000E+000  0.000000000000000E+000
  0.000000000000000E+000  0.000000000000000E+000  0.000000000000000E+000
   3.05317836000000       0.000000000000000E+000  0.000000000000000E+000
   1.53264408000000       1.738580000000000E-003  0.000000000000000E+000
   1.66389168000000       0.000000000000000E+000  0.000000000000000E+000
   1.11505032000000       0.000000000000000E+000  0.000000000000000E+000
  0.382254360000000       0.000000000000000E+000  0.000000000000000E+000
  7.621788000000000E-002  0.000000000000000E+000  0.000000000000000E+000
  0.000000000000000E+000  0.000000000000000E+000  0.000000000000000E+000
  0.000000000000000E+000  0.000000000000000E+000  0.000000000000000E+000
  0.000000000000000E+000  0.000000000000000E+000  0.000000000000000E+000
  0.000000000000000E+000  0.000000000000000E+000  0.000000000000000E+000
   16.7389740000000       0.212323720000000       1.360000000000000E-006
   17.3862212400000       0.188321420000000       0.000000000000000E+000
   15.9464186400000       0.176653480000000       0.000000000000000E+000
   12.5073135600000       9.871201999999998E-002  2.940000000000000E-006
   8.40392940000000       2.508676000000000E-002  3.700000000000000E-006
   2.22790020000000       8.169239999999999E-003  0.000000000000000E+000
  0.117241440000000       0.000000000000000E+000  0.000000000000000E+000
  0.000000000000000E+000  0.000000000000000E+000  0.000000000000000E+000
  0.000000000000000E+000  0.000000000000000E+000  0.000000000000000E+000
  6.947484000000000E-002  0.000000000000000E+000  0.000000000000000E+000
   1.17825660000000       6.356520000000000E-003  0.000000000000000E+000
   1.11312732000000       6.278260000000003E-003  0.000000000000000E+000
   1.67753592000000       9.224780000000000E-003  0.000000000000000E+000
   2.49819348000000       4.161308000000000E-002  0.000000000000000E+000
   6.52702632000000       0.135968880000000       0.000000000000000E+000
   13.6107888000000       0.285781040000000       7.200000000000000E-007
   1.00092780000000       0.000000000000000E+000  0.000000000000000E+000
  0.000000000000000E+000  0.000000000000000E+000  0.000000000000000E+000
  5.165820000000000E-002  0.000000000000000E+000  0.000000000000000E+000
  0.000000000000000E+000  0.000000000000000E+000  0.000000000000000E+000
  0.000000000000000E+000  0.000000000000000E+000  0.000000000000000E+000
  9.261600000000001E-004  0.000000000000000E+000  0.000000000000000E+000
  2.349000000000000E-003  0.000000000000000E+000  0.000000000000000E+000
  1.031460000000000E-002  0.000000000000000E+000  0.000000000000000E+000
  7.397688000000001E-002  1.278000000000000E-005  0.000000000000000E+000
   1.75538364000000       1.835100000000000E-002  0.000000000000000E+000
   9.81747900000000       0.141784120000000       3.180000000000000E-006
  1.776000000000000E-005  0.000000000000000E+000  0.000000000000000E+000
  0.000000000000000E+000  0.000000000000000E+000  0.000000000000000E+000
  1.127196000000000E-002  0.000000000000000E+000  0.000000000000000E+000
  0.000000000000000E+000  0.000000000000000E+000  0.000000000000000E+000
  0.120000000000000       0.000000000000000E+000  0.000000000000000E+000
  0.000000000000000E+000  0.000000000000000E+000  0.000000000000000E+000
  0.120000000000000       0.000000000000000E+000  0.000000000000000E+000
  0.000000000000000E+000  0.000000000000000E+000  0.000000000000000E+000
  0.000000000000000E+000  0.000000000000000E+000  0.000000000000000E+000
  0.000000000000000E+000  0.000000000000000E+000  0.000000000000000E+000
  0.000000000000000E+000  0.000000000000000E+000  0.000000000000000E+000
  0.000000000000000E+000  0.000000000000000E+000  0.000000000000000E+000
  0.000000000000000E+000  0.000000000000000E+000  0.000000000000000E+000
   1.23926544000000       0.000000000000000E+000  0.000000000000000E+000
   2.29315956000000       0.000000000000000E+000  0.000000000000000E+000
   1.17098076000000       0.000000000000000E+000  0.000000000000000E+000
  0.994947480000000       0.000000000000000E+000  0.000000000000000E+000
  0.487640520000000       0.000000000000000E+000  0.000000000000000E+000
  0.120000000000000       0.000000000000000E+000  0.000000000000000E+000
  0.120000000000000       0.000000000000000E+000  0.000000000000000E+000
  0.000000000000000E+000  0.000000000000000E+000  0.000000000000000E+000
  0.000000000000000E+000  0.000000000000000E+000  0.000000000000000E+000
  0.000000000000000E+000  0.000000000000000E+000  0.000000000000000E+000
   14.4620562000000       1.003668000000000E-002  0.000000000000000E+000
   14.4841964400000       4.918100000000000E-003  0.000000000000000E+000
   14.1633688800000       2.762220000000000E-002  0.000000000000000E+000
   11.6633452800000       1.629272000000000E-002  0.000000000000000E+000
   6.39952464000000       2.266400000000000E-004  0.000000000000000E+000
   2.59483884000000       0.000000000000000E+000  0.000000000000000E+000
  3.322224000000000E-002  0.000000000000000E+000  0.000000000000000E+000
  0.000000000000000E+000  0.000000000000000E+000  0.000000000000000E+000
  0.000000000000000E+000  0.000000000000000E+000  0.000000000000000E+000
  0.000000000000000E+000  0.000000000000000E+000  0.000000000000000E+000
   15.9098042400000       0.108729680000000       0.000000000000000E+000
   14.2389579600000       0.117554680000000       2.200000000000000E-007
   18.3905288400000       0.144186460000000       3.800000000000000E-007
   18.2386411200000       9.747328000000001E-002  1.170000000000000E-005
   18.4712200800000       7.146626000000002E-002  0.000000000000000E+000
   9.16518408000000       7.249600000000000E-003  0.000000000000000E+000
   1.14583212000000       0.000000000000000E+000  0.000000000000000E+000
  0.000000000000000E+000  0.000000000000000E+000  0.000000000000000E+000
  0.000000000000000E+000  0.000000000000000E+000  0.000000000000000E+000
  0.000000000000000E+000  0.000000000000000E+000  0.000000000000000E+000
  0.497895240000000       2.632600000000000E-004  0.000000000000000E+000
  0.503496480000000       1.001940000000000E-003  0.000000000000000E+000
  0.714321600000000       8.877400000000000E-004  0.000000000000000E+000
   1.23770940000000       2.298060000000000E-003  0.000000000000000E+000
   4.77566904000000       4.631240000000000E-002  0.000000000000000E+000
   16.3808305200000       0.149488720000000       0.000000000000000E+000
   3.20517948000000       2.782480000000000E-003  0.000000000000000E+000
  0.358409160000000       0.000000000000000E+000  0.000000000000000E+000
  0.000000000000000E+000  0.000000000000000E+000  0.000000000000000E+000
  0.000000000000000E+000  0.000000000000000E+000  0.000000000000000E+000
   13.1058552000000       2.976520000000000E-003  0.000000000000000E+000
   12.2217828000000       0.000000000000000E+000  0.000000000000000E+000
   11.6013026400000       3.000000000000000E-007  0.000000000000000E+000
   9.14099304000000       0.000000000000000E+000  0.000000000000000E+000
   5.28488004000000       0.000000000000000E+000  0.000000000000000E+000
  0.932920320000000       0.000000000000000E+000  0.000000000000000E+000
  0.213041640000000       0.000000000000000E+000  0.000000000000000E+000
  8.855520000000000E-003  0.000000000000000E+000  0.000000000000000E+000
  0.000000000000000E+000  0.000000000000000E+000  0.000000000000000E+000
  0.000000000000000E+000  0.000000000000000E+000  0.000000000000000E+000
   21.8226981600000       3.174398000000000E-002  0.000000000000000E+000
   20.7548928000000       1.538804000000000E-002  0.000000000000000E+000
   22.2748054800000       6.946020000000000E-003  0.000000000000000E+000
   19.9000624800000       5.830820000000000E-003  0.000000000000000E+000
   15.5340021600000       1.348652000000000E-002  0.000000000000000E+000
   7.08586776000000       0.000000000000000E+000  0.000000000000000E+000
  0.339324000000000       0.000000000000000E+000  0.000000000000000E+000
  0.120000000000000       0.000000000000000E+000  0.000000000000000E+000
  0.000000000000000E+000  0.000000000000000E+000  0.000000000000000E+000
  0.000000000000000E+000  0.000000000000000E+000  0.000000000000000E+000
   8.99524332000000       1.640296000000000E-002  0.000000000000000E+000
   10.0363975200000       3.037460000000000E-002  0.000000000000000E+000
   10.8161376000000       2.566978000000000E-002  0.000000000000000E+000
   14.7923030400000       5.225618000000000E-002  0.000000000000000E+000
   21.0321328800000       7.845824000000000E-002  2.800000000000000E-007
   16.6543608000000       3.591704000000000E-002  8.199999999999999E-006
   3.35969772000000       0.000000000000000E+000  0.000000000000000E+000
  0.000000000000000E+000  0.000000000000000E+000  0.000000000000000E+000
  0.000000000000000E+000  0.000000000000000E+000  0.000000000000000E+000
  3.332400000000000E-002  0.000000000000000E+000  0.000000000000000E+000
   15.4270332000000       5.113500000000000E-003  0.000000000000000E+000
   15.2421625200000       7.468980000000001E-003  0.000000000000000E+000
   17.5940086800000       9.089100000000001E-003  0.000000000000000E+000
   16.2146539200000       0.000000000000000E+000  0.000000000000000E+000
   19.1583462000000       0.000000000000000E+000  0.000000000000000E+000
   14.1108088800000       0.000000000000000E+000  0.000000000000000E+000
   2.80196976000000       0.000000000000000E+000  0.000000000000000E+000
  0.000000000000000E+000  0.000000000000000E+000  0.000000000000000E+000
  0.000000000000000E+000  0.000000000000000E+000  0.000000000000000E+000
  0.000000000000000E+000  0.000000000000000E+000  0.000000000000000E+000
