   9.83101583037332     
   10.0000000000000     
   10.0000000000000     
   10.0000000000000     
   10.0000000000000     
   10.0000000000000     
   9.98780282470762     
   9.98740582664520     
   10.0000000000000     
   5.92996129148388     
   4.28684067301117     
   10.0000000000000     
   1.61837578740634     
   10.0000000000000     
   9.92977406435676     
   9.84448748779906     
   5.04848192413655     
   5.83047696844356     
  0.395506216727741     
  0.538442471713034     
   1.70964899915381     
