  0.23656464999999999       0.64885320000000002        7.6620000000000004E-003   7.7530000000000003E-003
  0.26990589999999998       0.61158599999999996        7.2381499999999996E-003   7.0447000000000001E-003
  0.30051640000000002       0.56852300000000000        7.9247499999999995E-003   8.0377999999999995E-003
  0.31826395000000002       0.53765300000000005        1.0583350000000000E-002   1.0197450000000000E-002
  0.32194485000000000       0.51586394999999996        1.3639000000000000E-002   1.3200099999999999E-002
  0.32023794999999999       0.49734234999999999        1.8608949999999999E-002   1.7353150000000001E-002
  0.34188720000000000       0.42378569999999999        2.2230699999999999E-002   2.0334749999999999E-002
  0.34297220000000000       0.39095990000000003        2.8389100000000000E-002   2.4649600000000001E-002
  0.33452385000000001       0.35108230000000001        3.2054149999999997E-002   2.8414950000000001E-002
  0.31674500000000000       0.29635824999999999        3.4259150000000002E-002   2.9672899999999999E-002
  0.28965685000000002       0.25542264999999997        3.6571350000000002E-002   2.9909800000000000E-002
  0.24627225000000000       0.19314670000000000        3.3866399999999998E-002   2.6738649999999999E-002
  0.21429239999999999       0.14890339999999999        3.0211800000000000E-002   2.4021250000000001E-002
  0.17297945000000001        9.8406049999999995E-002   2.4079550000000002E-002   1.7620500000000001E-002
  0.13221205000000000        7.5503299999999995E-002   1.9458949999999999E-002   1.3683100000000000E-002
