  0.000000000000000E+000  0.000000000000000E+000  0.000000000000000E+000
  0.000000000000000E+000  0.000000000000000E+000  0.000000000000000E+000
  0.000000000000000E+000  0.000000000000000E+000  0.000000000000000E+000
  0.000000000000000E+000  0.000000000000000E+000  0.000000000000000E+000
  0.000000000000000E+000  0.000000000000000E+000  0.000000000000000E+000
  0.000000000000000E+000  0.000000000000000E+000  0.000000000000000E+000
  5.760000000000000E-006  0.000000000000000E+000  0.000000000000000E+000
  3.771600000000000E-004  0.000000000000000E+000  0.000000000000000E+000
  1.463976000000000E-002  2.600000000000000E-007  0.000000000000000E+000
  0.112715160000000       9.211999999999998E-005  2.400000000000000E-007
  7.560000000000000E-006  0.000000000000000E+000  0.000000000000000E+000
  0.000000000000000E+000  0.000000000000000E+000  0.000000000000000E+000
  0.000000000000000E+000  0.000000000000000E+000  0.000000000000000E+000
  2.484000000000000E-005  0.000000000000000E+000  0.000000000000000E+000
  2.100000000000000E-005  0.000000000000000E+000  0.000000000000000E+000
  2.664000000000000E-005  0.000000000000000E+000  0.000000000000000E+000
  8.980799999999997E-004  0.000000000000000E+000  0.000000000000000E+000
  2.193840000000000E-002  7.799999999999999E-007  0.000000000000000E+000
  0.283443840000000       7.437599999999997E-004  5.600000000000000E-006
  3.602687999999999E-002  2.540000000000001E-005  1.680000000000000E-006
  1.045200000000000E-004  0.000000000000000E+000  0.000000000000000E+000
  1.434000000000000E-004  0.000000000000000E+000  0.000000000000000E+000
  5.124000000000000E-005  0.000000000000000E+000  0.000000000000000E+000
  1.404000000000000E-004  0.000000000000000E+000  0.000000000000000E+000
  4.730399999999999E-004  0.000000000000000E+000  0.000000000000000E+000
  1.671960000000000E-003  0.000000000000000E+000  0.000000000000000E+000
  2.573436000000000E-002  4.920000000000000E-006  0.000000000000000E+000
  0.359752320000000       1.036140000000000E-003  0.000000000000000E+000
  0.371684760000000       1.747600000000000E-003  2.400000000000000E-006
  0.102519000000000       2.431400000000000E-004  0.000000000000000E+000
  5.555399999999999E-003  0.000000000000000E+000  0.000000000000000E+000
  4.035719999999999E-003  0.000000000000000E+000  0.000000000000000E+000
  4.844160000000000E-003  0.000000000000000E+000  0.000000000000000E+000
  6.976320000000000E-003  0.000000000000000E+000  0.000000000000000E+000
  1.692168000000000E-002  5.880000000000000E-006  0.000000000000000E+000
  6.178607999999999E-002  5.552000000000000E-005  0.000000000000000E+000
  0.455592600000000       1.698080000000000E-003  4.100000000000000E-006
   2.34211164000000       4.477746000000000E-002  2.578000000000000E-005
  0.170388360000000       7.729400000000001E-004  3.600000000000000E-007
  0.109389480000000       3.602000000000000E-004  0.000000000000000E+000
  0.106542720000000       1.232800000000000E-004  0.000000000000000E+000
  0.110435400000000       6.675999999999999E-005  0.000000000000000E+000
  0.113286960000000       1.101600000000000E-004  0.000000000000000E+000
  0.160062840000000       1.735000000000000E-004  0.000000000000000E+000
  0.327117960000000       9.966999999999997E-004  0.000000000000000E+000
  0.949240920000000       7.485719999999997E-003  0.000000000000000E+000
   3.71342808000000       0.111571700000000       8.960000000000001E-006
   3.42521076000000       8.017569999999997E-002  2.508000000000000E-005
  0.199024560000000       6.140200000000001E-004  0.000000000000000E+000
  9.798996000000003E-002  2.725200000000000E-004  0.000000000000000E+000
   1.44524544000000       1.642428000000000E-002  7.360000000000000E-006
   1.39350780000000       1.630624000000000E-002  7.760000000000000E-006
   1.67189724000000       2.233217999999999E-002  2.000000000000000E-007
   2.02481268000000       3.487642000000000E-002  9.659999999999999E-006
   3.23793816000000       8.751078000000000E-002  2.200000000000000E-007
   6.42902424000000       0.332511600000000       4.252000000000000E-005
   7.51833312000000       0.361042380000000       2.564000000000000E-005
   1.86559272000000       1.549106000000001E-002  1.280000000000000E-006
  9.163992000000000E-002  1.209200000000000E-004  0.000000000000000E+000
  5.321868000000000E-002  3.274000000000000E-005  0.000000000000000E+000
   9.37881552000000       0.661698000000000       2.078000000000000E-005
   9.86100648000000       0.691863020000000       3.860000000000000E-005
   10.1462805600000       0.734141000000000       2.990000000000000E-005
   10.9660018800000       0.865711760000000       5.340000000000002E-005
   11.8562869200000       0.888564480000000       4.018000000000000E-005
   10.2644200800000       0.442288420000000       2.584000000000000E-005
   3.68232696000000       3.317845999999999E-002  1.692000000000000E-005
  0.927802800000000       3.057520000000000E-003  9.140000000000001E-006
  6.421428000000001E-002  1.007200000000000E-004  0.000000000000000E+000
  3.453288000000001E-002  0.000000000000000E+000  0.000000000000000E+000
   15.0236040000000       0.627388720000000       2.480000000000000E-006
   14.9742495600000       0.549731300000000       4.765999999999999E-005
   14.0339217600000       0.537015180000000       3.136000000000000E-005
   12.7016371200000       0.412320080000000       4.200000000000000E-007
   9.44735340000000       0.173662920000000       2.740000000000000E-006
   4.15445184000000       3.217216000000000E-002  9.399999999999999E-007
   1.43711544000000       4.048440000000000E-003  2.600000000000000E-007
  0.403505400000000       6.255200000000000E-004  0.000000000000000E+000
  0.247615320000000       0.000000000000000E+000  0.000000000000000E+000
  0.149879400000000       0.000000000000000E+000  0.000000000000000E+000
   6.35171352000000       3.164347999999999E-002  3.360000000000000E-006
   7.13167044000000       2.810136000000000E-002  4.000000000000000E-008
   6.36659352000000       3.082998000000000E-002  1.000000000000000E-007
   4.98502476000000       1.198158000000000E-002  1.200000000000000E-007
   3.65956356000000       1.339414000000000E-002  4.000000000000000E-008
   1.62027432000000       4.867800000000000E-004  0.000000000000000E+000
  0.673185120000000       8.155200000000001E-004  0.000000000000000E+000
  0.135962400000000       9.750000000000000E-005  0.000000000000000E+000
  0.333367800000000       4.316000000000001E-005  0.000000000000000E+000
  0.531654960000000       0.000000000000000E+000  0.000000000000000E+000
  0.000000000000000E+000  0.000000000000000E+000  0.000000000000000E+000
  0.000000000000000E+000  0.000000000000000E+000  0.000000000000000E+000
  0.000000000000000E+000  0.000000000000000E+000  0.000000000000000E+000
  0.000000000000000E+000  0.000000000000000E+000  0.000000000000000E+000
  0.000000000000000E+000  0.000000000000000E+000  0.000000000000000E+000
  2.040000000000000E-006  0.000000000000000E+000  0.000000000000000E+000
  6.096000000000000E-005  0.000000000000000E+000  0.000000000000000E+000
  6.466800000000001E-004  0.000000000000000E+000  0.000000000000000E+000
  1.498344000000000E-002  4.940000000000001E-006  0.000000000000000E+000
  0.109431960000000       1.042600000000000E-004  0.000000000000000E+000
  0.000000000000000E+000  0.000000000000000E+000  0.000000000000000E+000
  0.000000000000000E+000  0.000000000000000E+000  0.000000000000000E+000
  0.000000000000000E+000  0.000000000000000E+000  0.000000000000000E+000
  0.000000000000000E+000  0.000000000000000E+000  0.000000000000000E+000
  9.600000000000001E-007  0.000000000000000E+000  0.000000000000000E+000
  5.004000000000002E-005  0.000000000000000E+000  0.000000000000000E+000
  6.212400000000001E-004  0.000000000000000E+000  0.000000000000000E+000
  2.096352000000000E-002  3.300000000000001E-006  0.000000000000000E+000
  0.287818200000000       7.623399999999998E-004  1.460000000000000E-006
  3.188772000000000E-002  5.308000000000000E-005  0.000000000000000E+000
  1.572000000000000E-004  0.000000000000000E+000  0.000000000000000E+000
  2.014800000000000E-004  0.000000000000000E+000  0.000000000000000E+000
  1.582800000000000E-004  0.000000000000000E+000  0.000000000000000E+000
  2.650800000000000E-004  0.000000000000000E+000  0.000000000000000E+000
  4.118400000000000E-004  0.000000000000000E+000  0.000000000000000E+000
  2.017440000000000E-003  0.000000000000000E+000  0.000000000000000E+000
  2.804352000000000E-002  4.800000000000000E-006  0.000000000000000E+000
  0.373459320000000       1.009540000000000E-003  0.000000000000000E+000
  0.354490920000000       1.393220000000000E-003  1.200000000000000E-007
  9.572496000000004E-002  2.683800000000000E-004  5.200000000000000E-007
  4.729320000000000E-003  0.000000000000000E+000  0.000000000000000E+000
  5.161680000000001E-003  0.000000000000000E+000  0.000000000000000E+000
  4.593840000000000E-003  0.000000000000000E+000  0.000000000000000E+000
  5.250599999999998E-003  0.000000000000000E+000  0.000000000000000E+000
  1.659563999999999E-002  2.000000000000000E-007  0.000000000000000E+000
  5.828520000000002E-002  5.590000000000000E-005  0.000000000000000E+000
  0.452554200000000       1.894480000000000E-003  0.000000000000000E+000
   2.34329736000000       4.738854000000000E-002  9.380000000000000E-006
  0.203496960000000       5.853800000000000E-004  1.600000000000000E-007
  0.108653280000000       7.109999999999999E-005  4.000000000000000E-008
  0.108092640000000       1.116600000000000E-004  0.000000000000000E+000
  0.113426640000000       1.191000000000000E-004  0.000000000000000E+000
  0.124617240000000       7.972000000000000E-005  0.000000000000000E+000
  0.165749520000000       2.492199999999999E-004  0.000000000000000E+000
  0.329100000000000       1.085100000000000E-003  0.000000000000000E+000
  0.933151080000000       7.290960000000000E-003  0.000000000000000E+000
   3.50734956000000       0.104203760000000       2.074000000000000E-005
   3.51337944000000       8.499036000000000E-002  2.000000000000000E-005
  0.136801920000000       1.732600000000001E-004  0.000000000000000E+000
  8.371620000000002E-002  1.424800000000000E-004  1.480000000000000E-006
   1.48438248000000       1.867166000000001E-002  3.160000000000000E-006
   1.47495312000000       1.894954000000000E-002  1.132000000000000E-005
   1.66415952000000       2.466560000000000E-002  0.000000000000000E+000
   2.04533148000000       3.293128000000000E-002  0.000000000000000E+000
   3.22602696000000       8.524882000000000E-002  1.140000000000000E-006
   6.38392200000000       0.319955340000000       1.976000000000000E-005
   7.32028608000000       0.337812420000000       2.188000000000000E-005
   1.89268080000000       1.498320000000000E-002  4.540000000000000E-006
  0.107855160000000       1.167000000000000E-004  0.000000000000000E+000
  4.826639999999999E-002  6.894000000000000E-005  0.000000000000000E+000
   9.25468944000000       0.639734600000000       2.810000000000000E-005
   9.47716692000000       0.651556900000000       2.458000000000000E-005
   10.0391688000000       0.766251120000000       4.390000000000000E-005
   11.0280171600000       0.861590320000000       6.869999999999999E-005
   11.9178692400000       0.911358600000000       4.929999999999999E-005
   10.1000361600000       0.437020220000000       2.114000000000000E-005
   2.85791808000000       2.809754000000001E-002  6.040000000000001E-006
  0.916256160000000       3.014980000000000E-003  0.000000000000000E+000
  7.770360000000000E-002  4.512000000000000E-005  0.000000000000000E+000
  2.714891999999999E-002  5.050000000000000E-005  0.000000000000000E+000
   14.7772903200000       0.653501300000000       1.520000000000000E-005
   15.3099938400000       0.563415580000000       2.324000000000000E-005
   14.3360168400000       0.529180120000000       1.708000000000000E-005
   12.5209873200000       0.334038140000000       6.599999999999999E-007
   8.75084280000000       0.151454020000000       1.036000000000000E-005
   3.95529036000000       2.494746000000000E-002  2.000000000000000E-008
   1.27597116000000       3.301640000000000E-003  0.000000000000000E+000
  0.378141240000000       7.113800000000001E-004  0.000000000000000E+000
  0.335702880000000       5.682000000000000E-005  0.000000000000000E+000
  0.111142920000000       4.358000000000000E-005  0.000000000000000E+000
   7.58976360000000       4.680514000000002E-002  4.200000000000001E-007
   7.45262748000000       3.539078000000000E-002  0.000000000000000E+000
   7.08165852000000       2.122112000000000E-002  6.799999999999999E-007
   4.97049444000000       1.095632000000000E-002  8.000000000000000E-008
   3.90128748000000       2.085214000000000E-002  8.200000000000000E-007
   1.46768628000000       3.813200000000000E-004  1.060000000000000E-006
  0.650318760000000       1.218780000000000E-003  0.000000000000000E+000
  0.166400640000000       1.801200000000000E-004  0.000000000000000E+000
  0.216597360000000       0.000000000000000E+000  0.000000000000000E+000
  0.585149640000000       6.137200000000000E-004  0.000000000000000E+000
  0.000000000000000E+000  0.000000000000000E+000  0.000000000000000E+000
  0.000000000000000E+000  0.000000000000000E+000  0.000000000000000E+000
  0.000000000000000E+000  0.000000000000000E+000  0.000000000000000E+000
  0.000000000000000E+000  0.000000000000000E+000  0.000000000000000E+000
  0.000000000000000E+000  0.000000000000000E+000  0.000000000000000E+000
  0.000000000000000E+000  0.000000000000000E+000  0.000000000000000E+000
  2.220000000000000E-005  0.000000000000000E+000  0.000000000000000E+000
  5.821200000000000E-004  0.000000000000000E+000  0.000000000000000E+000
  1.443360000000000E-002  2.020000000000000E-006  0.000000000000000E+000
  0.107830920000000       1.048800000000000E-004  0.000000000000000E+000
  0.000000000000000E+000  0.000000000000000E+000  0.000000000000000E+000
  0.000000000000000E+000  0.000000000000000E+000  0.000000000000000E+000
  0.000000000000000E+000  0.000000000000000E+000  0.000000000000000E+000
  0.000000000000000E+000  0.000000000000000E+000  0.000000000000000E+000
  0.000000000000000E+000  0.000000000000000E+000  0.000000000000000E+000
  7.271999999999999E-005  0.000000000000000E+000  0.000000000000000E+000
  2.655600000000000E-004  0.000000000000000E+000  0.000000000000000E+000
  2.083440000000000E-002  0.000000000000000E+000  0.000000000000000E+000
  0.293305440000000       6.779600000000001E-004  4.000000000000000E-008
  4.137276000000000E-002  4.788000000000000E-005  1.140000000000000E-006
  3.276000000000000E-005  0.000000000000000E+000  0.000000000000000E+000
  2.484000000000000E-005  0.000000000000000E+000  0.000000000000000E+000
  2.095200000000000E-004  0.000000000000000E+000  0.000000000000000E+000
  8.424000000000001E-005  0.000000000000000E+000  0.000000000000000E+000
  4.420800000000000E-004  0.000000000000000E+000  0.000000000000000E+000
  2.091240000000000E-003  0.000000000000000E+000  0.000000000000000E+000
  2.214156000000000E-002  0.000000000000000E+000  0.000000000000000E+000
  0.356777280000000       1.033500000000000E-003  1.600000000000000E-007
  0.323118120000000       1.208900000000000E-003  1.200000000000000E-007
  7.079075999999999E-002  1.665400000000000E-004  0.000000000000000E+000
  4.447080000000000E-003  0.000000000000000E+000  0.000000000000000E+000
  4.134960000000000E-003  0.000000000000000E+000  0.000000000000000E+000
  4.227720000000000E-003  0.000000000000000E+000  0.000000000000000E+000
  6.747840000000001E-003  0.000000000000000E+000  0.000000000000000E+000
  1.297116000000000E-002  3.266000000000000E-005  0.000000000000000E+000
  5.738112000000001E-002  3.986000000000000E-005  0.000000000000000E+000
  0.445342440000000       1.578620000000001E-003  0.000000000000000E+000
   2.41108812000000       4.603256000000001E-002  1.706000000000000E-005
  0.198603000000000       5.339999999999999E-004  1.540000000000000E-006
  0.111441480000000       2.935600000000001E-004  0.000000000000000E+000
  0.104488200000000       3.298000000000000E-005  0.000000000000000E+000
  0.111231120000000       1.543000000000000E-004  0.000000000000000E+000
  0.120712920000000       1.229000000000000E-004  0.000000000000000E+000
  0.169204320000000       2.070800000000000E-004  0.000000000000000E+000
  0.299726400000000       6.369200000000001E-004  0.000000000000000E+000
  0.939697320000000       7.257300000000001E-003  6.100000000000000E-006
   3.57857784000000       0.105000060000000       3.192000000000000E-005
   3.30868464000000       8.106120000000000E-002  1.040000000000000E-005
  0.161758200000000       2.262800000000000E-004  1.600000000000000E-006
  8.386596000000000E-002  1.056400000000000E-004  0.000000000000000E+000
   1.44648228000000       1.617010000000000E-002  0.000000000000000E+000
   1.55849520000000       1.832480000000000E-002  0.000000000000000E+000
   1.65337644000000       2.366854000000000E-002  1.120000000000000E-006
   2.02699800000000       3.329141999999999E-002  5.840000000000000E-006
   3.32523540000000       9.294048000000001E-002  1.202000000000000E-005
   6.57933660000000       0.338762800000000       3.648000000000000E-005
   7.19076228000000       0.343834040000000       3.132000000000001E-005
   1.80410520000000       1.455380000000000E-002  1.104000000000000E-005
  8.765339999999998E-002  1.015600000000000E-004  0.000000000000000E+000
  4.728696000000001E-002  6.516000000000001E-005  0.000000000000000E+000
   9.46543260000000       0.674658740000000       4.312000000000001E-005
   9.53776452000000       0.678730980000000       1.484000000000000E-005
   10.1567241600000       0.736351840000000       3.938000000000001E-005
   11.1968542800000       0.897559060000000       5.034000000000000E-005
   12.0621601200000       0.908720200000000       5.176000000000000E-005
   10.3361290800000       0.494643720000000       2.374000000000000E-005
   3.61603248000000       3.274254000000001E-002  1.130000000000000E-005
   1.14016620000000       3.885120000000001E-003  0.000000000000000E+000
  0.111853200000000       5.148000000000000E-005  0.000000000000000E+000
  2.378796000000000E-002  4.208000000000000E-005  0.000000000000000E+000
   15.0206808000000       0.628393440000000       9.279999999999999E-006
   14.4284190000000       0.590558920000000       2.086000000000000E-005
   14.5768465200000       0.535904980000000       9.259999999999999E-006
   12.4272699600000       0.339568360000000       4.680000000000000E-006
   9.34020948000000       0.168963100000000       9.460000000000001E-006
   3.57140088000000       2.096020000000000E-002  1.780000000000000E-006
   1.08832464000000       2.846119999999999E-003  1.260000000000000E-006
  0.405535080000000       8.467999999999999E-004  9.399999999999999E-007
  0.103129080000000       4.860000000000000E-006  0.000000000000000E+000
  0.212821800000000       3.894000000000000E-005  0.000000000000000E+000
   7.91028564000000       3.489164000000000E-002  0.000000000000000E+000
   6.57977976000000       3.259558000000001E-002  1.400000000000000E-007
   7.15114428000000       3.967744000000000E-002  0.000000000000000E+000
   6.10535088000000       4.106558000000000E-002  0.000000000000000E+000
   3.01903968000000       7.668120000000000E-003  8.800000000000000E-006
   1.59440112000000       9.873480000000000E-003  0.000000000000000E+000
  0.611943360000000       8.991200000000001E-004  0.000000000000000E+000
  0.169976640000000       6.210000000000001E-005  0.000000000000000E+000
  0.405456720000000       6.906200000000000E-004  0.000000000000000E+000
  0.391979760000000       0.000000000000000E+000  0.000000000000000E+000
  0.000000000000000E+000  0.000000000000000E+000  0.000000000000000E+000
  0.000000000000000E+000  0.000000000000000E+000  0.000000000000000E+000
  0.000000000000000E+000  0.000000000000000E+000  0.000000000000000E+000
  0.000000000000000E+000  0.000000000000000E+000  0.000000000000000E+000
  0.000000000000000E+000  0.000000000000000E+000  0.000000000000000E+000
  0.000000000000000E+000  0.000000000000000E+000  0.000000000000000E+000
  1.056000000000000E-005  0.000000000000000E+000  0.000000000000000E+000
  5.713200000000001E-004  0.000000000000000E+000  0.000000000000000E+000
  1.577724000000000E-002  1.180000000000000E-006  0.000000000000000E+000
  0.103673280000000       7.486000000000000E-005  4.000000000000000E-007
  0.000000000000000E+000  0.000000000000000E+000  0.000000000000000E+000
  0.000000000000000E+000  0.000000000000000E+000  0.000000000000000E+000
  0.000000000000000E+000  0.000000000000000E+000  0.000000000000000E+000
  0.000000000000000E+000  0.000000000000000E+000  0.000000000000000E+000
  6.000000000000000E-007  0.000000000000000E+000  0.000000000000000E+000
  3.000000000000000E-006  0.000000000000000E+000  0.000000000000000E+000
  7.141200000000001E-004  0.000000000000000E+000  0.000000000000000E+000
  2.099531999999999E-002  2.900000000000000E-006  0.000000000000000E+000
  0.289826040000000       6.937999999999998E-004  2.600000000000000E-007
  3.584916000000000E-002  9.180000000000000E-006  2.000000000000000E-007
  4.451999999999999E-005  0.000000000000000E+000  0.000000000000000E+000
  1.180800000000000E-004  0.000000000000000E+000  0.000000000000000E+000
  7.428000000000000E-005  0.000000000000000E+000  0.000000000000000E+000
  1.482000000000000E-004  0.000000000000000E+000  0.000000000000000E+000
  4.690800000000001E-004  0.000000000000000E+000  0.000000000000000E+000
  2.208360000000000E-003  0.000000000000000E+000  0.000000000000000E+000
  2.665428000000001E-002  7.500000000000000E-006  0.000000000000000E+000
  0.382428000000000       1.090900000000000E-003  0.000000000000000E+000
  0.322467120000000       1.121160000000000E-003  4.100000000000001E-006
  0.113361600000000       2.858400000000000E-004  0.000000000000000E+000
  4.087320000000000E-003  0.000000000000000E+000  0.000000000000000E+000
  3.598559999999998E-003  0.000000000000000E+000  0.000000000000000E+000
  3.948840000000000E-003  0.000000000000000E+000  0.000000000000000E+000
  7.296480000000002E-003  0.000000000000000E+000  0.000000000000000E+000
  1.600944000000000E-002  0.000000000000000E+000  0.000000000000000E+000
  6.049547999999998E-002  1.258000000000000E-005  0.000000000000000E+000
  0.464704320000000       1.890380000000001E-003  0.000000000000000E+000
   2.41645332000000       4.947608000000000E-002  3.138000000000000E-005
  0.191026440000000       4.684199999999999E-004  2.820000000000000E-006
  9.899784000000000E-002  3.466800000000000E-004  0.000000000000000E+000
  0.106133160000000       4.386000000000000E-005  0.000000000000000E+000
  0.102886680000000       3.672000000000000E-005  0.000000000000000E+000
  0.131124480000000       2.200800000000000E-004  0.000000000000000E+000
  0.160476960000000       1.313600000000000E-004  0.000000000000000E+000
  0.301041480000000       8.353400000000004E-004  0.000000000000000E+000
  0.974834160000000       7.331900000000000E-003  0.000000000000000E+000
   3.55174308000000       0.107281100000000       1.396000000000000E-005
   3.53093844000000       9.208056000000001E-002  4.086000000000001E-005
  0.168733200000000       2.358000000000000E-004  0.000000000000000E+000
  7.368156000000001E-002  2.430000000000000E-005  0.000000000000000E+000
   1.37727216000000       1.670636000000001E-002  1.400000000000000E-007
   1.42560396000000       1.817660000000000E-002  1.020000000000000E-006
   1.65979956000000       2.356584000000000E-002  0.000000000000000E+000
   2.02306104000000       3.547742000000000E-002  4.960000000000000E-006
   3.19844040000000       8.321063999999997E-002  1.164000000000000E-005
   6.42218736000000       0.322734720000000       2.440000000000000E-005
   7.45708584000000       0.361814900000000       4.748000000000001E-005
   1.89826740000000       1.426104000000000E-002  7.460000000000001E-006
  0.104734920000000       1.471800000000000E-004  0.000000000000000E+000
  5.259840000000002E-002  1.452000000000000E-005  0.000000000000000E+000
   9.49231116000000       0.675493260000000       3.394000000000000E-005
   9.58477524000000       0.687196260000000       2.886000000000000E-005
   9.87911772000000       0.738214560000000       3.796000000000000E-005
   11.0365818000000       0.863632880000000       4.004000000000000E-005
   12.3281283600000       0.964848900000000       1.984000000000000E-005
   10.3803078000000       0.433979580000000       2.783999999999999E-005
   3.63470784000000       3.188825999999999E-002  2.480000000000000E-006
  0.888804960000000       3.934619999999999E-003  0.000000000000000E+000
  7.121352000000003E-002  3.274000000000000E-005  0.000000000000000E+000
  9.261767999999999E-002  0.000000000000000E+000  0.000000000000000E+000
   14.9841369600000       0.575239920000000       1.384000000000000E-005
   14.6772826800000       0.593729220000000       4.268000000000000E-005
   13.8735520800000       0.533621520000000       9.700000000000002E-006
   12.8186428800000       0.407401420000000       1.014000000000000E-005
   9.05089500000000       0.153887240000000       1.750000000000000E-005
   4.03405656000000       2.086910000000001E-002  2.460000000000000E-006
   1.19349636000000       1.303660000000000E-003  0.000000000000000E+000
  0.500242680000000       1.690900000000000E-003  0.000000000000000E+000
  0.158615520000000       3.404000000000001E-005  0.000000000000000E+000
  0.222885240000000       0.000000000000000E+000  0.000000000000000E+000
   7.72822824000000       5.062940000000000E-002  1.320000000000000E-006
   7.06646964000000       3.558260000000000E-002  2.100000000000000E-006
   6.32419488000000       4.126292000000000E-002  9.799999999999999E-007
   5.72041956000000       9.060700000000000E-003  3.000000000000000E-007
   4.24099140000000       1.052816000000000E-002  0.000000000000000E+000
   1.29070332000000       2.229160000000000E-003  2.600000000000000E-007
  0.756067320000000       4.321600000000001E-004  0.000000000000000E+000
  0.186521520000000       2.279000000000000E-004  0.000000000000000E+000
  0.292907520000000       0.000000000000000E+000  0.000000000000000E+000
  0.486260160000000       2.798000000000000E-004  0.000000000000000E+000
  0.000000000000000E+000  0.000000000000000E+000  0.000000000000000E+000
  0.000000000000000E+000  0.000000000000000E+000  0.000000000000000E+000
  0.000000000000000E+000  0.000000000000000E+000  0.000000000000000E+000
  0.000000000000000E+000  0.000000000000000E+000  0.000000000000000E+000
  0.000000000000000E+000  0.000000000000000E+000  0.000000000000000E+000
  0.000000000000000E+000  0.000000000000000E+000  0.000000000000000E+000
  3.600000000000000E-007  0.000000000000000E+000  0.000000000000000E+000
  5.067599999999999E-004  0.000000000000000E+000  0.000000000000000E+000
  1.541340000000000E-002  1.800000000000000E-007  0.000000000000000E+000
  0.108364920000000       1.058600000000000E-004  4.600000000000000E-007
  0.000000000000000E+000  0.000000000000000E+000  0.000000000000000E+000
  0.000000000000000E+000  0.000000000000000E+000  0.000000000000000E+000
  0.000000000000000E+000  0.000000000000000E+000  0.000000000000000E+000
  0.000000000000000E+000  0.000000000000000E+000  0.000000000000000E+000
  6.960000000000000E-006  0.000000000000000E+000  0.000000000000000E+000
  2.304000000000000E-005  0.000000000000000E+000  0.000000000000000E+000
  1.169040000000000E-003  0.000000000000000E+000  0.000000000000000E+000
  2.096100000000000E-002  5.220000000000000E-006  0.000000000000000E+000
  0.290295240000000       7.264799999999999E-004  1.160000000000000E-006
  4.511712000000000E-002  3.830000000000000E-005  0.000000000000000E+000
  2.136000000000000E-005  0.000000000000000E+000  0.000000000000000E+000
  3.540000000000000E-005  0.000000000000000E+000  0.000000000000000E+000
  3.060000000000001E-005  0.000000000000000E+000  0.000000000000000E+000
  4.716000000000000E-005  0.000000000000000E+000  0.000000000000000E+000
  5.460000000000000E-004  0.000000000000000E+000  0.000000000000000E+000
  2.434200000000000E-003  0.000000000000000E+000  0.000000000000000E+000
  2.290884000000000E-002  5.840000000000000E-006  0.000000000000000E+000
  0.361165080000000       1.120420000000000E-003  7.600000000000000E-007
  0.299675760000000       1.081220000000000E-003  4.780000000000000E-006
  0.119548920000000       8.232000000000000E-005  0.000000000000000E+000
  3.991200000000001E-003  0.000000000000000E+000  0.000000000000000E+000
  4.405440000000000E-003  0.000000000000000E+000  0.000000000000000E+000
  6.966360000000000E-003  0.000000000000000E+000  0.000000000000000E+000
  7.111679999999998E-003  0.000000000000000E+000  0.000000000000000E+000
  1.752419999999999E-002  1.700000000000000E-006  0.000000000000000E+000
  6.042899999999998E-002  2.968000000000000E-005  0.000000000000000E+000
  0.439512600000000       1.719420000000000E-003  0.000000000000000E+000
   2.34320028000000       4.422960000000002E-002  4.220000000000000E-006
  0.204637440000000       6.403800000000000E-004  0.000000000000000E+000
  0.124093560000000       1.497800000000000E-004  0.000000000000000E+000
  0.112905120000000       9.652000000000000E-005  0.000000000000000E+000
  0.109925880000000       5.508000000000000E-005  0.000000000000000E+000
  0.125304120000000       1.278000000000000E-004  0.000000000000000E+000
  0.165232200000000       2.575400000000000E-004  0.000000000000000E+000
  0.311877960000000       7.952800000000002E-004  0.000000000000000E+000
  0.935465280000000       7.046439999999999E-003  0.000000000000000E+000
   3.57621288000000       0.109541360000000       1.206000000000000E-005
   3.54338916000000       8.620734000000002E-002  2.400000000000000E-005
  0.187435800000000       3.119000000000000E-004  0.000000000000000E+000
  8.106563999999999E-002  5.892000000000000E-005  0.000000000000000E+000
   1.34943036000000       1.735902000000000E-002  0.000000000000000E+000
   1.41953532000000       1.631359999999999E-002  5.320000000000000E-006
   1.58749212000000       1.946832000000000E-002  1.040000000000000E-005
   2.01040392000000       3.178386000000000E-002  1.200000000000000E-007
   3.41769492000000       8.944483999999997E-002  1.760000000000000E-006
   6.55626348000000       0.342798640000000       2.722000000000000E-005
   7.40099088000000       0.347020520000000       4.928000000000000E-005
   1.90518336000000       1.507482000000000E-002  3.000000000000000E-006
  9.887844000000001E-002  1.194200000000000E-004  0.000000000000000E+000
  4.236828000000000E-002  0.000000000000000E+000  0.000000000000000E+000
   9.29780352000000       0.656910780000000       5.394000000000000E-005
   9.37334196000000       0.646077820000000       3.788000000000000E-005
   9.84618144000000       0.732440620000000       1.416000000000000E-005
   11.0067528000000       0.860184200000000       2.986000000000000E-005
   12.4885071600000       0.982276600000000       2.204000000000000E-005
   10.3069170000000       0.484584520000000       1.832000000000000E-005
   3.65963208000000       3.127480000000001E-002  3.200000000000001E-007
   1.16129844000000       3.544940000000000E-003  1.800000000000000E-007
  6.986711999999999E-002  1.942000000000000E-005  0.000000000000000E+000
  0.147559800000000       0.000000000000000E+000  0.000000000000000E+000
   15.0057963600000       0.646948000000000       1.860000000000000E-006
   15.0380215200000       0.671817900000000       2.559999999999999E-005
   14.1537159600000       0.526451240000000       1.508000000000000E-005
   13.3975664400000       0.394751120000000       5.690000000000001E-005
   11.1448628400000       0.190206460000000       2.200000000000000E-005
   4.00095684000000       2.995266000000000E-002  1.800000000000000E-007
   1.58383776000000       1.476800000000000E-003  1.880000000000000E-006
  0.372061800000000       7.733599999999998E-004  0.000000000000000E+000
  8.082312000000000E-002  0.000000000000000E+000  0.000000000000000E+000
  0.220045920000000       4.200000000000000E-007  0.000000000000000E+000
   6.92238564000000       4.711676000000001E-002  0.000000000000000E+000
   7.47852732000000       2.789122000000000E-002  0.000000000000000E+000
   7.03663452000000       1.735480000000000E-002  8.000000000000000E-008
   5.18055480000000       1.801382000000000E-002  2.600000000000000E-007
   4.07686812000000       1.137410000000000E-002  1.600000000000000E-007
   2.21610612000000       1.237900000000000E-003  0.000000000000000E+000
  0.662809680000000       5.679860000000000E-003  0.000000000000000E+000
  0.139889160000000       1.022200000000000E-004  0.000000000000000E+000
  0.415736040000000       6.382000000000001E-005  5.200000000000000E-007
  0.398760480000000       6.531200000000000E-004  0.000000000000000E+000
  0.000000000000000E+000  0.000000000000000E+000  0.000000000000000E+000
  0.000000000000000E+000  0.000000000000000E+000  0.000000000000000E+000
  0.000000000000000E+000  0.000000000000000E+000  0.000000000000000E+000
  0.000000000000000E+000  0.000000000000000E+000  0.000000000000000E+000
  0.000000000000000E+000  0.000000000000000E+000  0.000000000000000E+000
  0.000000000000000E+000  0.000000000000000E+000  0.000000000000000E+000
  2.868000000000000E-005  0.000000000000000E+000  0.000000000000000E+000
  6.039600000000002E-004  0.000000000000000E+000  0.000000000000000E+000
  1.394700000000000E-002  2.000000000000000E-007  0.000000000000000E+000
  0.110070360000000       1.093000000000000E-004  8.200000000000000E-007
  1.008000000000000E-005  0.000000000000000E+000  0.000000000000000E+000
  0.000000000000000E+000  0.000000000000000E+000  0.000000000000000E+000
  0.000000000000000E+000  0.000000000000000E+000  0.000000000000000E+000
  0.000000000000000E+000  0.000000000000000E+000  0.000000000000000E+000
  0.000000000000000E+000  0.000000000000000E+000  0.000000000000000E+000
  0.000000000000000E+000  0.000000000000000E+000  0.000000000000000E+000
  1.005960000000000E-003  0.000000000000000E+000  0.000000000000000E+000
  1.969559999999999E-002  3.980000000000000E-006  0.000000000000000E+000
  0.285809640000000       7.112999999999999E-004  4.000000000000000E-008
  2.883456000000000E-002  5.620000000000000E-006  0.000000000000000E+000
  3.816000000000000E-005  0.000000000000000E+000  0.000000000000000E+000
  1.333200000000000E-004  0.000000000000000E+000  0.000000000000000E+000
  9.384000000000002E-005  0.000000000000000E+000  0.000000000000000E+000
  3.559200000000000E-004  0.000000000000000E+000  0.000000000000000E+000
  5.215199999999999E-004  0.000000000000000E+000  0.000000000000000E+000
  2.260920000000000E-003  0.000000000000000E+000  0.000000000000000E+000
  2.347092000000000E-002  0.000000000000000E+000  0.000000000000000E+000
  0.358888560000000       1.068580000000000E-003  0.000000000000000E+000
  0.304170000000000       1.187180000000000E-003  8.000000000000000E-008
  8.481432000000000E-002  1.877800000000000E-004  0.000000000000000E+000
  4.523879999999999E-003  0.000000000000000E+000  0.000000000000000E+000
  5.731200000000002E-003  0.000000000000000E+000  0.000000000000000E+000
  6.974640000000001E-003  6.720000000000000E-006  0.000000000000000E+000
  6.235680000000002E-003  0.000000000000000E+000  0.000000000000000E+000
  1.423164000000000E-002  9.180000000000000E-006  0.000000000000000E+000
  6.241836000000001E-002  3.646000000000000E-005  0.000000000000000E+000
  0.464587560000000       1.672460000000000E-003  0.000000000000000E+000
   2.41570884000000       4.804246000000002E-002  1.036000000000000E-005
  0.239241600000000       8.331599999999998E-004  2.000000000000000E-008
  0.140885280000000       2.463800000000000E-004  0.000000000000000E+000
  0.108008280000000       8.196000000000001E-005  0.000000000000000E+000
  0.110861880000000       4.388000000000001E-005  0.000000000000000E+000
  0.120535320000000       1.053000000000000E-004  0.000000000000000E+000
  0.158686800000000       8.790000000000000E-005  0.000000000000000E+000
  0.302693880000000       7.485600000000002E-004  0.000000000000000E+000
  0.939515640000000       7.360119999999998E-003  0.000000000000000E+000
   3.58408092000000       0.105227400000000       8.500000000000000E-006
   3.41549124000000       8.667685999999998E-002  1.334000000000000E-005
  0.219412080000000       4.508200000000000E-004  0.000000000000000E+000
  7.130603999999999E-002  1.231000000000000E-004  0.000000000000000E+000
   1.38932580000000       1.682906000000000E-002  7.940000000000000E-006
   1.48168332000000       1.825420000000000E-002  7.860000000000001E-006
   1.68021396000000       2.193483999999999E-002  1.058000000000000E-005
   2.06023212000000       3.565290000000000E-002  5.800000000000000E-006
   3.33603000000000       8.952717999999998E-002  1.150000000000000E-005
   6.31500792000000       0.320442520000000       1.078000000000000E-005
   7.10483568000000       0.336225140000000       4.679999999999999E-005
   1.82681280000000       1.263582000000000E-002  1.760000000000000E-006
  0.111767520000000       1.936800000000000E-004  0.000000000000000E+000
  4.390476000000001E-002  4.090000000000000E-005  0.000000000000000E+000
   9.49430592000000       0.665990920000000       4.299999999999999E-006
   9.65899272000000       0.696727940000000       2.564000000000000E-005
   9.93088296000000       0.731816480000000       1.506000000000000E-005
   10.9583505600000       0.882823580000000       2.433999999999999E-005
   12.5407557600000        1.00090314000000       2.954000000000000E-005
   10.3164154800000       0.436860620000000       1.426000000000000E-005
   3.40668576000000       2.770794000000000E-002  5.680000000000001E-006
  0.945753240000000       2.789920000000001E-003  0.000000000000000E+000
  8.197368000000001E-002  8.694000000000000E-005  0.000000000000000E+000
  9.689532000000003E-002  2.800000000000000E-006  0.000000000000000E+000
   14.3012221200000       0.615265280000000       3.254000000000000E-005
   14.8431753600000       0.614281620000000       9.639999999999999E-006
   14.5193743200000       0.553436980000000       2.166000000000000E-005
   12.6365204400000       0.375522040000000       1.416000000000000E-005
   9.45586212000000       0.170171340000000       2.320000000000000E-006
   3.46887816000000       1.753538000000000E-002  1.260000000000000E-006
   1.37868720000000       1.176340000000000E-003  0.000000000000000E+000
  0.423069360000000       9.699999999999999E-004  0.000000000000000E+000
  7.611611999999998E-002  6.970000000000000E-005  0.000000000000000E+000
  0.286235160000000       0.000000000000000E+000  0.000000000000000E+000
   6.51297924000000       3.028784000000000E-002  1.000000000000000E-007
   6.94680864000000       2.538720000000000E-002  3.400000000000000E-007
   7.48504776000000       4.993305999999999E-002  1.500000000000000E-006
   5.05940508000000       3.059268000000000E-002  1.380000000000000E-006
   2.98438044000000       1.074614000000000E-002  3.200000000000000E-007
   1.76107728000000       2.622120000000000E-003  0.000000000000000E+000
  0.851585400000000       8.272000000000002E-004  0.000000000000000E+000
  0.236667480000000       3.766600000000000E-004  0.000000000000000E+000
  0.441596280000000       8.760000000000001E-006  0.000000000000000E+000
  0.390786240000000       0.000000000000000E+000  0.000000000000000E+000
  0.000000000000000E+000  0.000000000000000E+000  0.000000000000000E+000
  0.000000000000000E+000  0.000000000000000E+000  0.000000000000000E+000
  0.000000000000000E+000  0.000000000000000E+000  0.000000000000000E+000
  0.000000000000000E+000  0.000000000000000E+000  0.000000000000000E+000
  0.000000000000000E+000  0.000000000000000E+000  0.000000000000000E+000
  0.000000000000000E+000  0.000000000000000E+000  0.000000000000000E+000
  2.388000000000001E-005  0.000000000000000E+000  0.000000000000000E+000
  4.526399999999999E-004  0.000000000000000E+000  0.000000000000000E+000
  1.572720000000000E-002  2.622000000000000E-005  0.000000000000000E+000
  0.110684520000000       8.949999999999998E-005  6.000000000000000E-007
  0.000000000000000E+000  0.000000000000000E+000  0.000000000000000E+000
  0.000000000000000E+000  0.000000000000000E+000  0.000000000000000E+000
  0.000000000000000E+000  0.000000000000000E+000  0.000000000000000E+000
  0.000000000000000E+000  0.000000000000000E+000  0.000000000000000E+000
  0.000000000000000E+000  0.000000000000000E+000  0.000000000000000E+000
  3.024000000000000E-005  0.000000000000000E+000  0.000000000000000E+000
  6.049200000000000E-004  0.000000000000000E+000  0.000000000000000E+000
  1.914348000000000E-002  0.000000000000000E+000  0.000000000000000E+000
  0.288539640000000       8.110600000000003E-004  0.000000000000000E+000
  3.563915999999999E-002  3.682000000000000E-005  0.000000000000000E+000
  5.124000000000000E-005  0.000000000000000E+000  0.000000000000000E+000
  9.743999999999999E-005  0.000000000000000E+000  0.000000000000000E+000
  6.600000000000001E-005  0.000000000000000E+000  0.000000000000000E+000
  2.117999999999999E-004  0.000000000000000E+000  0.000000000000000E+000
  6.061200000000001E-004  0.000000000000000E+000  0.000000000000000E+000
  1.730400000000000E-003  0.000000000000000E+000  0.000000000000000E+000
  2.812236000000000E-002  2.400000000000000E-007  0.000000000000000E+000
  0.366511560000000       1.253680000000000E-003  2.080000000000000E-006
  0.321074760000000       1.400060000000000E-003  0.000000000000000E+000
  0.105076440000000       4.032200000000000E-004  1.800000000000000E-007
  4.084799999999999E-003  0.000000000000000E+000  0.000000000000000E+000
  3.366840000000000E-003  0.000000000000000E+000  0.000000000000000E+000
  5.557080000000000E-003  0.000000000000000E+000  0.000000000000000E+000
  8.880000000000002E-003  0.000000000000000E+000  0.000000000000000E+000
  1.658171999999999E-002  1.572000000000000E-005  0.000000000000000E+000
  5.998956000000000E-002  2.612000000000000E-005  0.000000000000000E+000
  0.450861000000000       1.549900000000000E-003  0.000000000000000E+000
   2.34169560000000       4.526538000000001E-002  1.058000000000000E-005
  0.203616600000000       7.090600000000000E-004  8.599999999999999E-006
  9.849683999999995E-002  3.370400000000000E-004  0.000000000000000E+000
  0.112255440000000       8.386000000000000E-005  0.000000000000000E+000
  0.113009880000000       9.045999999999998E-005  0.000000000000000E+000
  0.113310840000000       8.659999999999999E-005  0.000000000000000E+000
  0.175062600000000       2.770200000000000E-004  0.000000000000000E+000
  0.304014240000000       4.814399999999999E-004  4.000000000000000E-007
  0.931143960000000       7.424400000000001E-003  1.074000000000000E-005
   3.58804764000000       0.108440140000000       1.592000000000000E-005
   3.29436900000000       7.566047999999999E-002  2.554000000000001E-005
  0.176114160000000       1.443200000000000E-004  0.000000000000000E+000
  7.693140000000001E-002  2.733200000000000E-004  0.000000000000000E+000
   1.32468672000000       1.465298000000000E-002  2.000000000000000E-008
   1.52350560000000       1.741958000000000E-002  2.400000000000000E-007
   1.62296100000000       2.224412000000000E-002  8.000000000000001E-007
   2.04740436000000       3.325298000000000E-002  1.400000000000000E-007
   3.39113088000000       9.297186000000003E-002  9.760000000000001E-006
   6.33948096000000       0.316237260000000       2.118000000000000E-005
   7.42603296000000       0.369387240000000       3.018000000000000E-005
   1.73209704000000       1.401762000000000E-002  1.140000000000000E-006
  9.391764000000000E-002  1.259400000000000E-004  0.000000000000000E+000
  5.328660000000000E-002  3.204000000000000E-005  0.000000000000000E+000
   9.15705492000000       0.615521380000000       4.110000000000001E-005
   9.61473420000000       0.700288300000000       3.618000000000000E-005
   10.1788143600000       0.717466160000000       5.242000000000000E-005
   10.8047803200000       0.850791720000000       1.642000000000000E-005
   11.9717942400000       0.916665000000000       3.952000000000001E-005
   10.3521120000000       0.457730200000000       4.514000000000000E-005
   3.41319060000000       3.183868000000001E-002  1.002000000000000E-005
   1.01460288000000       3.295860000000000E-003  0.000000000000000E+000
  5.046144000000001E-002  5.112000000000001E-005  0.000000000000000E+000
  2.123928000000001E-002  8.080000000000001E-006  0.000000000000000E+000
   15.3924631200000       0.681058000000000       2.788000000000000E-005
   14.3521477200000       0.596828000000000       5.327999999999999E-005
   14.0097541200000       0.463564660000000       2.250000000000000E-005
   13.4068614000000       0.442535820000000       9.140000000000001E-006
   9.81024468000000       0.160513440000000       1.316000000000000E-005
   3.73819572000000       1.790182000000000E-002  1.020000000000000E-006
   1.24061592000000       3.843280000000000E-003  0.000000000000000E+000
  0.367903800000000       4.591200000000000E-004  0.000000000000000E+000
  0.116464440000000       6.760000000000000E-006  0.000000000000000E+000
  0.151973880000000       1.762000000000000E-005  0.000000000000000E+000
   7.01042256000000       4.138909999999999E-002  0.000000000000000E+000
   6.50240040000000       1.933984000000000E-002  4.000000000000000E-007
   6.16591272000000       2.540132000000000E-002  0.000000000000000E+000
   5.84771424000000       3.174156000000000E-002  0.000000000000000E+000
   3.25597392000000       7.259020000000000E-003  2.820000000000000E-006
   1.99540548000000       4.596760000000000E-003  0.000000000000000E+000
  0.534744480000000       9.133400000000000E-004  0.000000000000000E+000
  0.158234760000000       1.454200000000000E-004  0.000000000000000E+000
  0.402711240000000       4.998000000000000E-005  0.000000000000000E+000
  0.304025880000000       6.655600000000000E-004  0.000000000000000E+000
  0.000000000000000E+000  0.000000000000000E+000  0.000000000000000E+000
  0.000000000000000E+000  0.000000000000000E+000  0.000000000000000E+000
  0.000000000000000E+000  0.000000000000000E+000  0.000000000000000E+000
  0.000000000000000E+000  0.000000000000000E+000  0.000000000000000E+000
  0.000000000000000E+000  0.000000000000000E+000  0.000000000000000E+000
  0.000000000000000E+000  0.000000000000000E+000  0.000000000000000E+000
  2.280000000000000E-006  0.000000000000000E+000  0.000000000000000E+000
  5.980800000000001E-004  0.000000000000000E+000  0.000000000000000E+000
  1.369560000000000E-002  2.000000000000000E-008  6.000000000000001E-008
  0.108255000000000       6.954000000000000E-005  0.000000000000000E+000
  9.479999999999999E-006  0.000000000000000E+000  0.000000000000000E+000
  0.000000000000000E+000  0.000000000000000E+000  0.000000000000000E+000
  0.000000000000000E+000  0.000000000000000E+000  0.000000000000000E+000
  0.000000000000000E+000  0.000000000000000E+000  0.000000000000000E+000
  0.000000000000000E+000  0.000000000000000E+000  0.000000000000000E+000
  9.000000000000000E-006  0.000000000000000E+000  0.000000000000000E+000
  5.800800000000001E-004  0.000000000000000E+000  0.000000000000000E+000
  2.097708000000000E-002  4.040000000000000E-006  0.000000000000000E+000
  0.291634680000000       6.674600000000000E-004  0.000000000000000E+000
  3.457295999999999E-002  2.590000000000000E-005  0.000000000000000E+000
  3.875999999999999E-005  0.000000000000000E+000  0.000000000000000E+000
  7.596000000000000E-005  0.000000000000000E+000  0.000000000000000E+000
  5.400000000000000E-006  0.000000000000000E+000  0.000000000000000E+000
  1.430400000000000E-004  0.000000000000000E+000  0.000000000000000E+000
  5.508000000000001E-004  0.000000000000000E+000  0.000000000000000E+000
  2.237160000000000E-003  0.000000000000000E+000  0.000000000000000E+000
  2.212776000000000E-002  3.320000000000000E-006  0.000000000000000E+000
  0.369068160000000       1.198600000000000E-003  0.000000000000000E+000
  0.303600600000000       9.596600000000002E-004  6.799999999999999E-007
  0.101456160000000       2.390200000000000E-004  0.000000000000000E+000
  3.677760000000000E-003  0.000000000000000E+000  0.000000000000000E+000
  5.141160000000001E-003  0.000000000000000E+000  0.000000000000000E+000
  5.859000000000003E-003  0.000000000000000E+000  0.000000000000000E+000
  8.141400000000000E-003  0.000000000000000E+000  0.000000000000000E+000
  1.391052000000000E-002  1.460000000000000E-006  0.000000000000000E+000
  5.995584000000000E-002  2.156000000000000E-005  0.000000000000000E+000
  0.462642000000000       2.030560000000000E-003  0.000000000000000E+000
   2.39920368000000       4.737880000000001E-002  2.860000000000000E-006
  0.228073560000000       5.940000000000001E-004  5.220000000000000E-006
  0.104372280000000       1.034400000000000E-004  0.000000000000000E+000
  0.102576000000000       8.466000000000002E-005  0.000000000000000E+000
  0.122077800000000       1.139200000000000E-004  0.000000000000000E+000
  0.118607640000000       5.591999999999999E-005  0.000000000000000E+000
  0.163123680000000       3.470200000000000E-004  0.000000000000000E+000
  0.310728600000000       7.748400000000003E-004  0.000000000000000E+000
  0.945220440000000       8.110560000000001E-003  0.000000000000000E+000
   3.67987224000000       0.108814460000000       6.320000000000000E-006
   3.31428840000000       7.273648000000001E-002  2.550000000000000E-005
  0.185611800000000       3.155600000000000E-004  0.000000000000000E+000
  8.018052000000001E-002  1.598000000000000E-005  2.000000000000000E-007
   1.34502588000000       1.569490000000000E-002  1.420000000000000E-006
   1.47314148000000       1.896294000000000E-002  4.480000000000000E-006
   1.59539808000000       2.046644000000000E-002  7.020000000000001E-006
   1.99659204000000       3.400284000000000E-002  9.000000000000001E-007
   3.34449924000000       8.570118000000000E-002  1.494000000000000E-005
   6.34378716000000       0.320894400000000       1.754000000000000E-005
   7.20714576000000       0.340735380000000       1.948000000000000E-005
   1.95412344000000       1.677164000000001E-002  4.859999999999999E-006
  0.121144440000000       2.167600000000000E-004  0.000000000000000E+000
  5.155944000000000E-002  7.633999999999999E-005  0.000000000000000E+000
   9.07113168000000       0.607891980000000       1.984000000000000E-005
   9.44189016000000       0.668842080000000       2.246000000000000E-005
   10.0179296400000       0.744203460000000       4.098000000000000E-005
   11.0153941200000       0.816807420000000       2.342000000000000E-005
   12.3474846000000       0.947984280000000       3.907999999999999E-005
   10.7534074800000       0.521012060000000       3.532000000000001E-005
   3.48085008000000       2.773250000000000E-002  4.760000000000000E-006
  0.832244520000000       2.145880000000000E-003  4.400000000000000E-007
  4.541916000000001E-002  0.000000000000000E+000  0.000000000000000E+000
  1.680731999999999E-002  0.000000000000000E+000  0.000000000000000E+000
   14.8538185200000       0.592250460000000       1.706000000000000E-005
   13.8998012400000       0.534961560000000       1.576000000000000E-005
   14.1341485200000       0.512581120000000       3.400000000000000E-006
   13.2994692000000       0.388553840000000       2.120000000000000E-005
   8.95021272000000       0.157983360000000       1.196000000000000E-005
   4.77009432000000       3.628934000000000E-002  1.480000000000000E-006
   1.45966584000000       3.059440000000000E-003  5.800000000000000E-007
  0.364548600000000       5.953200000000000E-004  0.000000000000000E+000
  6.470640000000001E-002  4.424000000000000E-005  0.000000000000000E+000
  0.155899680000000       0.000000000000000E+000  0.000000000000000E+000
   6.70400592000000       2.774202000000000E-002  6.600000000000000E-007
   7.49251584000000       5.251534000000001E-002  4.600000000000000E-007
   6.97712076000000       5.013827999999999E-002  7.799999999999999E-007
   5.86564356000000       2.648234000000000E-002  3.480000000000000E-006
   3.83520036000000       2.983946000000000E-002  0.000000000000000E+000
   1.71591468000000       5.768340000000000E-003  0.000000000000000E+000
  0.624967560000000       8.826799999999999E-004  0.000000000000000E+000
  0.155291040000000       1.137400000000000E-004  0.000000000000000E+000
  0.389797920000000       2.062060000000000E-003  0.000000000000000E+000
  0.418121520000000       9.142000000000000E-005  0.000000000000000E+000
  0.000000000000000E+000  0.000000000000000E+000  0.000000000000000E+000
  0.000000000000000E+000  0.000000000000000E+000  0.000000000000000E+000
  0.000000000000000E+000  0.000000000000000E+000  0.000000000000000E+000
  0.000000000000000E+000  0.000000000000000E+000  0.000000000000000E+000
  0.000000000000000E+000  0.000000000000000E+000  0.000000000000000E+000
  0.000000000000000E+000  0.000000000000000E+000  0.000000000000000E+000
  0.000000000000000E+000  0.000000000000000E+000  0.000000000000000E+000
  3.712800000000000E-004  0.000000000000000E+000  0.000000000000000E+000
  1.479888000000000E-002  0.000000000000000E+000  0.000000000000000E+000
  0.104619960000000       7.972000000000000E-005  1.400000000000000E-006
  0.000000000000000E+000  0.000000000000000E+000  0.000000000000000E+000
  5.784000000000000E-005  0.000000000000000E+000  0.000000000000000E+000
  0.000000000000000E+000  0.000000000000000E+000  0.000000000000000E+000
  0.000000000000000E+000  0.000000000000000E+000  0.000000000000000E+000
  0.000000000000000E+000  0.000000000000000E+000  0.000000000000000E+000
  2.976000000000000E-005  0.000000000000000E+000  0.000000000000000E+000
  6.451200000000000E-004  0.000000000000000E+000  0.000000000000000E+000
  1.836336000000000E-002  2.600000000000000E-007  0.000000000000000E+000
  0.294970800000000       7.055000000000000E-004  0.000000000000000E+000
  3.390384000000000E-002  5.170000000000000E-005  6.000000000000001E-008
  8.567999999999999E-005  0.000000000000000E+000  0.000000000000000E+000
  1.504800000000000E-004  0.000000000000000E+000  0.000000000000000E+000
  3.240000000000000E-005  0.000000000000000E+000  0.000000000000000E+000
  2.250000000000000E-004  0.000000000000000E+000  0.000000000000000E+000
  5.437200000000000E-004  0.000000000000000E+000  0.000000000000000E+000
  2.498879999999999E-003  0.000000000000000E+000  0.000000000000000E+000
  2.461920000000000E-002  1.600000000000000E-007  0.000000000000000E+000
  0.357971520000000       8.749800000000000E-004  3.480000000000000E-006
  0.345687720000000       1.672640000000000E-003  2.300000000000000E-006
  8.809608000000001E-002  1.978200000000000E-004  0.000000000000000E+000
  2.502480000000001E-003  0.000000000000000E+000  0.000000000000000E+000
  3.472800000000002E-003  0.000000000000000E+000  0.000000000000000E+000
  4.754760000000001E-003  0.000000000000000E+000  0.000000000000000E+000
  7.027440000000001E-003  0.000000000000000E+000  0.000000000000000E+000
  1.630248000000000E-002  0.000000000000000E+000  0.000000000000000E+000
  6.641603999999998E-002  7.614000000000000E-005  0.000000000000000E+000
  0.439107480000000       1.567300000000000E-003  0.000000000000000E+000
   2.45187036000000       4.916507999999999E-002  1.496000000000000E-005
  0.239598480000000       6.487400000000000E-004  0.000000000000000E+000
  0.115171920000000       1.056800000000000E-004  0.000000000000000E+000
  0.105586080000000       1.492200000000000E-004  0.000000000000000E+000
  0.107453880000000       2.027800000000000E-004  0.000000000000000E+000
  0.122976720000000       1.373600000000000E-004  0.000000000000000E+000
  0.166256280000000       2.810600000000000E-004  0.000000000000000E+000
  0.305499720000000       1.030880000000000E-003  0.000000000000000E+000
  0.945486840000000       7.538800000000001E-003  0.000000000000000E+000
   3.63306096000000       0.110343780000000       1.356000000000000E-005
   3.33777408000000       8.150590000000001E-002  1.916000000000000E-005
  0.145546440000000       2.349000000000000E-004  0.000000000000000E+000
  0.137370240000000       7.614000000000000E-005  0.000000000000000E+000
   1.35482292000000       1.688320000000000E-002  0.000000000000000E+000
   1.50410628000000       1.759720000000000E-002  1.300000000000000E-006
   1.58345592000000       2.143994000000000E-002  9.820000000000001E-006
   2.07763116000000       3.638043999999999E-002  2.900000000000000E-006
   3.39233136000000       9.373020000000000E-002  8.579999999999999E-006
   6.36836292000000       0.330949540000000       1.606000000000000E-005
   7.24583868000000       0.348981940000000       1.454000000000000E-005
   1.73551452000000       1.358030000000000E-002  0.000000000000000E+000
  0.128466720000000       2.652000000000000E-005  0.000000000000000E+000
  7.549535999999998E-002  9.848000000000001E-005  0.000000000000000E+000
   9.35298240000000       0.657166680000000       2.946000000000000E-005
   9.62888112000000       0.681105060000000       3.648000000000000E-005
   10.3237254000000       0.762835260000000       2.026000000000000E-005
   11.2740930000000       0.879451660000000       4.116000000000000E-005
   12.5596704000000        1.02665536000000       6.367999999999999E-005
   10.3790727600000       0.483476540000000       1.734000000000000E-005
   3.48483960000000       3.156704000000000E-002  0.000000000000000E+000
  0.848202240000000       2.883180000000000E-003  5.340000000000000E-006
  5.557331999999999E-002  1.222600000000000E-004  0.000000000000000E+000
  2.919912000000001E-002  8.919999999999999E-005  0.000000000000000E+000
   14.7569461200000       0.550966440000000       1.500000000000000E-005
   14.7344761200000       0.595069080000000       1.116000000000000E-005
   14.0930322000000       0.525179580000000       1.904000000000000E-005
   12.4113184800000       0.365607460000000       2.458000000000000E-005
   9.46144008000000       0.169677240000000       1.474000000000000E-005
   3.79147656000000       2.078944000000000E-002  1.940000000000000E-006
   1.32152628000000       2.631560000000000E-003  0.000000000000000E+000
  0.533424840000000       8.517400000000000E-004  0.000000000000000E+000
  0.202755840000000       8.400000000000000E-007  0.000000000000000E+000
  0.168941760000000       1.600000000000000E-007  0.000000000000000E+000
   7.88624796000000       5.541348000000001E-002  0.000000000000000E+000
   6.53254116000000       2.809177999999999E-002  6.600000000000000E-007
   5.12402352000000       2.897356000000000E-002  3.800000000000000E-007
   5.15512128000000       6.187740000000000E-003  4.000000000000000E-008
   3.63926868000000       5.733159999999999E-003  1.220000000000000E-006
   1.77408552000000       6.388720000000000E-003  0.000000000000000E+000
  0.462973320000000       3.196200000000001E-004  0.000000000000000E+000
  0.217565400000000       1.042400000000000E-004  0.000000000000000E+000
  0.444999240000000       1.528220000000000E-003  0.000000000000000E+000
  0.462931080000000       4.885800000000001E-004  0.000000000000000E+000
  0.000000000000000E+000  0.000000000000000E+000  0.000000000000000E+000
  0.000000000000000E+000  0.000000000000000E+000  0.000000000000000E+000
  0.000000000000000E+000  0.000000000000000E+000  0.000000000000000E+000
  0.000000000000000E+000  0.000000000000000E+000  0.000000000000000E+000
  0.000000000000000E+000  0.000000000000000E+000  0.000000000000000E+000
  0.000000000000000E+000  0.000000000000000E+000  0.000000000000000E+000
  1.680000000000000E-005  0.000000000000000E+000  0.000000000000000E+000
  5.491200000000002E-004  0.000000000000000E+000  0.000000000000000E+000
  1.529796000000000E-002  7.200000000000000E-007  0.000000000000000E+000
  0.103061280000000       9.795999999999999E-005  0.000000000000000E+000
  0.000000000000000E+000  0.000000000000000E+000  0.000000000000000E+000
  0.000000000000000E+000  0.000000000000000E+000  0.000000000000000E+000
  0.000000000000000E+000  0.000000000000000E+000  0.000000000000000E+000
  0.000000000000000E+000  0.000000000000000E+000  0.000000000000000E+000
  2.484000000000000E-005  0.000000000000000E+000  0.000000000000000E+000
  1.026000000000000E-004  0.000000000000000E+000  0.000000000000000E+000
  5.504400000000000E-004  0.000000000000000E+000  0.000000000000000E+000
  1.944012000000000E-002  2.080000000000000E-006  0.000000000000000E+000
  0.292379760000000       6.982999999999999E-004  8.000000000000000E-008
  3.299832000000000E-002  1.240000000000000E-005  0.000000000000000E+000
  4.020000000000000E-005  0.000000000000000E+000  0.000000000000000E+000
  8.279999999999999E-005  0.000000000000000E+000  0.000000000000000E+000
  1.406400000000000E-004  0.000000000000000E+000  0.000000000000000E+000
  3.088800000000000E-004  0.000000000000000E+000  0.000000000000000E+000
  3.091200000000000E-004  0.000000000000000E+000  0.000000000000000E+000
  2.189280000000000E-003  0.000000000000000E+000  0.000000000000000E+000
  2.355144000000001E-002  5.440000000000000E-006  0.000000000000000E+000
  0.367364400000000       1.200080000000000E-003  0.000000000000000E+000
  0.311215920000000       8.748200000000002E-004  2.240000000000000E-006
  8.583216000000000E-002  1.147400000000000E-004  0.000000000000000E+000
  4.003440000000001E-003  0.000000000000000E+000  0.000000000000000E+000
  3.459720000000000E-003  0.000000000000000E+000  0.000000000000000E+000
  4.752480000000001E-003  0.000000000000000E+000  0.000000000000000E+000
  7.627439999999998E-003  0.000000000000000E+000  0.000000000000000E+000
  1.679688000000001E-002  0.000000000000000E+000  0.000000000000000E+000
  6.591300000000003E-002  3.059999999999999E-005  0.000000000000000E+000
  0.439977720000000       1.486700000000000E-003  4.000000000000000E-008
   2.43141132000000       5.001056000000000E-002  1.406000000000000E-005
  0.217859280000000       5.688600000000000E-004  4.400000000000000E-007
  0.114992520000000       1.701200000000000E-004  0.000000000000000E+000
  0.103503600000000       2.240000000000000E-005  0.000000000000000E+000
  0.105339720000000       8.180000000000000E-005  0.000000000000000E+000
  0.109400160000000       7.956000000000002E-005  0.000000000000000E+000
  0.160004520000000       1.455800000000000E-004  0.000000000000000E+000
  0.315321120000000       6.398200000000003E-004  0.000000000000000E+000
  0.957644160000000       7.249400000000004E-003  0.000000000000000E+000
   3.63723864000000       0.106684280000000       1.334000000000000E-005
   3.40067952000000       8.648731999999999E-002  1.592000000000000E-005
  0.180794640000000       4.017600000000000E-004  0.000000000000000E+000
  7.386395999999999E-002  1.438200000000000E-004  0.000000000000000E+000
   1.41759504000000       1.647974000000000E-002  0.000000000000000E+000
   1.48044948000000       1.889376000000001E-002  6.000000000000001E-008
   1.68825180000000       2.468838000000000E-002  0.000000000000000E+000
   2.13419556000000       3.888798000000000E-002  1.640000000000000E-006
   3.30223740000000       8.782987999999997E-002  1.460000000000000E-005
   6.54093684000000       0.349659280000000       3.864000000000000E-005
   6.98120580000000       0.328962980000000       2.439999999999999E-005
   1.96433604000000       1.742704000000000E-002  3.940000000000000E-006
  0.127578840000000       1.196000000000000E-004  0.000000000000000E+000
  6.616751999999999E-002  7.800000000000000E-005  0.000000000000000E+000
   9.31759800000000       0.642462240000000       3.298000000000000E-005
   9.84310440000000       0.726916040000000       4.281999999999999E-005
   10.1145849600000       0.742223740000000       2.906000000000000E-005
   11.2272343200000       0.907362140000000       1.474000000000000E-005
   12.4864113600000       0.951891100000000       3.180000000000000E-005
   10.1291284800000       0.420213000000000       1.948000000000000E-005
   3.57445860000000       3.144863999999999E-002  1.110000000000000E-005
   1.11856860000000       3.292659999999999E-003  3.800000000000000E-007
  5.491043999999998E-002  2.136000000000000E-005  0.000000000000000E+000
  2.618784000000000E-002  0.000000000000000E+000  0.000000000000000E+000
   14.3763277200000       0.600930420000000       1.246000000000000E-005
   14.7435147600000       0.572070180000000       1.118000000000000E-005
   13.5021397200000       0.479817160000000       1.588000000000000E-005
   12.5763789600000       0.377825900000000       2.778000000000000E-005
   9.86889024000000       0.177413520000000       1.396000000000000E-005
   3.99696540000000       1.911714000000000E-002  3.680000000000000E-006
   1.56536220000000       2.804560000000000E-003  0.000000000000000E+000
  0.543610560000000       1.262120000000000E-003  0.000000000000000E+000
  0.206323200000000       9.150000000000000E-005  0.000000000000000E+000
  4.704875999999999E-002  0.000000000000000E+000  0.000000000000000E+000
   6.82363188000000       4.920637999999999E-002  2.520000000000000E-006
   6.90419412000000       3.895204000000001E-002  0.000000000000000E+000
   5.77254828000000       4.247825999999999E-002  1.200000000000000E-007
   5.66724600000000       1.978538000000000E-002  1.400000000000000E-007
   3.33884064000000       1.462748000000000E-002  0.000000000000000E+000
   1.69645800000000       4.274520000000000E-003  0.000000000000000E+000
  0.595141320000000       7.877200000000001E-004  0.000000000000000E+000
  0.152266920000000       8.322000000000001E-005  0.000000000000000E+000
  0.340484760000000       6.868000000000000E-005  0.000000000000000E+000
  0.510184680000000       2.349000000000000E-004  0.000000000000000E+000
