   904613225.610107       9.047283870967744E-002
   19544338.5323605       1.966112903225807E-003
   39564396.9594381       3.968274193548387E-003
   2767128557.92289       0.276722467741935     
   24557374558.7779        2.45574343548387     
   46003195466.4513        4.60032208064516     
   38495247190.5604        3.84952906451613     
   38832090612.4702        3.88321282258065     
   38707928137.6243        3.87079509677419     
   41467787719.7771        4.14678237096774     
   36675575839.9106        3.66755970967742     
   37436288198.2170        3.74363100000000     
   29141541614.2439        2.91415596774194     
   42620536854.1537        4.26205654838710     
   18501247989.4994        1.85012627419355     
   18395885784.5090        1.83959003225806     
   27091841461.8516        2.70918585483871     
   37013070150.8249        3.70130980645161     
   21039669571.5504        2.10397209677419     
   7612687977.34355       0.761275354838710     
   1480056837.45835       0.148014338709677     
   264664312.197254       2.647582258064516E-002
   515468124.322192       5.155596774193547E-002
   754111009.011871       7.542043548387097E-002
   1269079798.73144       0.126917516129032     
   13692791077.8949        1.36928593548387     
   50941745479.9365        5.09417767741935     
   34097140706.2551        3.40971895161290     
   50488669156.4017        5.04887046774194     
   61311939590.6728        6.13119745161290     
   55917370477.5784        5.59173977419355     
   70093809070.4179        7.00938508064516     
   28595865112.4986        2.85958853225806     
   63164208292.4292        6.31642383870968     
   68743884315.2089        6.87439369354839     
   81072263660.4789        8.10723072580645     
   72070960028.1392        7.20710182258065     
   72209155058.9298        7.22091880645161     
   77701365490.7464        7.77014008064516     
   79224454336.1597        7.92244993548387     
   85407283907.7985        8.54073338709677     
   87572821960.6468        8.75728616129032     
   84358762329.8944        8.43588183870968     
   105494455303.683        10.5494503064516     
   86041504200.4619        8.60415406451613     
   69615127798.1064        6.96151606451613     
   93784808439.5016        9.37848537096774     
   44545293636.9025        4.45453717741936     
   93769562527.7979        9.37696030645161     
   90561219453.4253        9.05612704838710     
   88615033990.1114        8.86150746774194     
   93945625618.6977        9.39456730645161     
   72962061694.2221        7.29620946774193     
   91811635386.2436        9.18116801612903     
   75077730851.8869        7.50777914516129     
   94535014844.3955        9.45350627419355     
   54963248884.1745        5.49632782258065     
   100039492483.281        10.0039536774194     
   106776946945.244        10.6776997741936     
   99047098347.9324        9.90471406451613     
   113606937970.339        11.3606997096774     
   53952741957.7067        5.39527732258064     
   47538961770.0843        4.75389909677419     
   116810587357.510        11.6810640967742     
   88072995600.7213        8.80730337096775     
   108071135325.582        10.8071187096774     
   36785788690.7704        3.67858156451613     
   56120590039.4470        5.61206211290323     
   82418671615.7138        8.24187096774194     
   110894865643.096        11.0894925483871     
   110506012039.166        11.0506063548387     
   52725094623.0363        5.27251809677419     
   37281851163.1921        3.72819464516129     
   12016707992.6580        1.20168111290323     
   45524835956.2150        4.55249158064516     
   11836582571.9554        1.18366858064516     
   6761795328.93590       0.676190032258065     
   1197918444.18838       0.119803693548387     
   3389768299.41340       0.338988532258064     
  -30471.3636121999       1.074193548387097E-005
  -80804.8542127516       5.661290322580646E-006
   155261656.214815       1.553912903225806E-002
   1786228925.99965       0.178635290322581     
   46141694355.6991        4.61417850000000     
   99168188857.4664        9.91682690322581     
   145741607982.943        14.5741679516129     
   75742884490.8489        7.57429814516129     
   114730422917.913        11.4730503870968     
   81748096910.3114        8.17481946774194     
   55826575061.3320        5.58266806451613     
   121962285888.095        12.1962369193548     
   150402462525.854        15.0402536129032     
   153461782957.308        15.3461844677419     
   128287943903.038        12.8287996935484     
   51656040274.7550        5.16560758064516     
   96004728179.5161        9.60047743548387     
   88919782022.3682        8.89198253225807     
   150367986889.682        15.0368049193548     
   156227418599.221        15.6227490000000     
   142648067747.620        14.2648127419355     
   146700462328.167        14.6700521129032     
   139787238910.245        13.9787324032258     
   164404138866.101        16.4404205322581     
   149735492407.429        14.9735549516129     
   146171167239.598        14.6171241290323     
   123649637144.526        12.3649725000000     
   114636150746.044        11.4636247258065     
   63342505690.2675        6.33426212903226     
   54601295252.6145        5.46014085483871     
   117406293063.555        11.7406385806452     
   60519467788.0025        6.05195820967742     
   144027939329.739        14.4028027258065     
   99081487696.7848        9.90815898387097     
   128246582043.841        12.8246673387097     
   78911106917.0096        7.89112103225806     
   126595043562.961        12.6595139516129     
   151339752826.204        15.1339840161290     
   101153371373.838        10.1153467741935     
   138758559143.613        13.8758643870968     
   153675623784.361        15.3675681774194     
   149983997933.527        14.9984071935484     
   153386980179.847        15.3387054193548     
   120202216221.129        12.0202306451613     
   160905715889.068        16.0905788709677     
   154029841809.934        15.4029902903226     
   144779987524.342        14.4780062903226     
   162873860730.873        16.2873936774194     
   169478612229.620        16.9478694677419     
   174206850687.165        17.4206935645161     
   106569573807.632        10.6569679838710     
   127962276787.891        12.7962384193548     
   135271418910.894        13.5271520806452     
   96881361670.1485        9.68814706451613     
   149343773010.784        14.9343864193548     
   105770022257.118        10.5770132419355     
   126865285047.399        12.6865395000000     
   94905604704.4980        9.49057151612903     
   44173427441.7100        4.41735493548387     
   117470618410.105        11.7470717903226     
   150831255686.873        15.0831336774194     
   172662374551.995        17.2662449516129     
   163605599435.368        16.3605676451613     
   173861306304.428        17.3861381612903     
   161086582513.471        16.1086647096774     
   139082421620.160        13.9082480322581     
   133400186357.869        13.3400246612903     
   139478635111.744        13.9478694193548     
   161816800699.030        16.1816867419355     
   138919083891.853        13.8919178225807     
   109478879593.558        10.9478985967742     
   161949238081.486        16.1949322741936     
   172827496242.887        17.2827572419355     
   188939763748.224        18.8939846612903     
   163020206143.604        16.3020297580645     
   167218860212.608        16.7218933548387     
   160599169902.438        16.0599236612903     
   132334138511.998        13.2334197580645     
   135440903458.023        13.5440963709677     
   187050697329.537        18.7050778548387     
   95466356297.9321        9.54664683870968     
   50169317445.0979        5.01694490322581     
   103810104868.652        10.3810210161290     
   73551266626.8089        7.35513730645161     
   137786561484.382        13.7786650645161     
   158393115087.808        15.8393195322581     
   127735466822.422        12.7735521774194     
   154167048471.491        15.4167110806452     
   138658817942.833        13.8658874032258     
   139712096011.468        13.9712152741936     
   145875714575.413        14.5875792096774     
   135496005369.991        13.5496093548387     
   149233299368.413        14.9233377096774     
   110490975743.014        11.0491071290323     
   75601356608.6974        7.56014569354839     
   77758057858.5322        7.77581622580645     
   118340099205.266        11.8340195806452     
   138659939632.110        13.8660029516129     
   157547961001.917        15.7548030000000     
   140618647889.258        14.0618726612903     
   175604559769.201        17.5604630322581     
   126315142742.521        12.6315196451613     
   68959797156.4856        6.89598367741936     
   57554959860.6930        5.75549966129032     
   119597743000.816        11.9597793387097     
   133841374905.485        13.3841440161290     
   147847512087.823        14.7847581290323     
   146555564480.489        14.6555628870968     
   144070999886.264        14.4071064677419     
   133087074277.636        13.3087128870968     
   96310706121.1358        9.63107496774194     
   101845115645.673        10.1845159354839     
   139572562486.382        13.9572622741935     
   137193418819.296        13.7193487258065     
   40317177929.2780        4.03172825806452     
   132265571684.772        13.2265642741935     
   150262078207.657        15.0262143387097     
   136012436910.921        13.6012489838710     
   131671755838.524        13.1671825645161     
   131847248031.501        13.1847309677419     
   64177374340.3450        6.41774608064516     
