  0.22806460000000001       0.65484120000000001        7.6835999999999996E-003   7.7455500000000004E-003
  0.26013039999999998       0.62022780000000000        7.1554000000000001E-003   7.4063999999999996E-003
  0.30456509999999998       0.56561930000000005        8.2614000000000003E-003   7.9147499999999999E-003
  0.30367804999999998       0.56143794999999996        1.0693899999999999E-002   1.0898250000000000E-002
  0.33045934999999999       0.50953614999999997        1.3754199999999999E-002   1.3358550000000000E-002
  0.34022255000000001       0.47022140000000001        1.7638450000000000E-002   1.7312399999999999E-002
  0.34727504999999997       0.43697029999999998        2.2208100000000001E-002   2.0288850000000001E-002
  0.33508260000000001       0.40036864999999999        2.7368600000000000E-002   2.4546800000000001E-002
  0.32489964999999998       0.35061330000000002        3.2329200000000002E-002   2.7664999999999999E-002
  0.32159125000000000       0.30446614999999999        3.4758549999999999E-002   2.9842299999999999E-002
  0.28615400000000002       0.24218645000000000        3.4035950000000002E-002   2.7994350000000001E-002
  0.25333305000000000       0.19851340000000001        3.4410749999999997E-002   2.7229250000000000E-002
  0.21021770000000001       0.13665215000000000        2.9041500000000001E-002   2.2116350000000000E-002
  0.17184199999999999       0.10027115000000000        2.3977550000000000E-002   1.8048000000000002E-002
  0.13616839999999999        7.2283749999999994E-002   1.9864600000000000E-002   1.3906300000000000E-002
