  6.813983999999999E-002  4.376000000000001E-005  0.000000000000000E+000
  6.311388000000000E-002  3.778000000000001E-005  0.000000000000000E+000
  6.840863999999999E-002  1.612000000000000E-005  0.000000000000000E+000
  7.272864000000001E-002  2.206000000000000E-005  0.000000000000000E+000
  8.137067999999999E-002  2.842000000000000E-005  0.000000000000000E+000
  9.042119999999999E-002  9.754000000000002E-005  0.000000000000000E+000
  0.120052200000000       1.158800000000000E-004  1.000000000000000E-007
  0.173121600000000       2.025200000000000E-004  0.000000000000000E+000
  0.204283320000000       3.065000000000000E-004  3.000000000000000E-007
  0.237796560000000       5.540599999999999E-004  2.060000000000000E-006
  2.231880000000000E-003  0.000000000000000E+000  0.000000000000000E+000
  3.253560000000001E-003  0.000000000000000E+000  0.000000000000000E+000
  2.598120000000001E-003  0.000000000000000E+000  0.000000000000000E+000
  2.566679999999999E-003  0.000000000000000E+000  0.000000000000000E+000
  4.804320000000001E-003  0.000000000000000E+000  0.000000000000000E+000
  6.548640000000002E-003  0.000000000000000E+000  0.000000000000000E+000
  1.920347999999999E-002  2.200000000000000E-006  0.000000000000000E+000
  5.101536000000000E-002  1.224000000000000E-005  0.000000000000000E+000
  0.114839640000000       1.393400000000000E-004  0.000000000000000E+000
  0.197408640000000       3.531599999999999E-004  3.000000000000000E-007
  8.520000000000000E-005  0.000000000000000E+000  0.000000000000000E+000
  6.120000000000001E-005  0.000000000000000E+000  0.000000000000000E+000
  2.695200000000000E-004  0.000000000000000E+000  0.000000000000000E+000
  5.976000000000000E-005  0.000000000000000E+000  0.000000000000000E+000
  3.265200000000000E-004  0.000000000000000E+000  0.000000000000000E+000
  6.500399999999999E-004  0.000000000000000E+000  0.000000000000000E+000
  3.135239999999999E-003  0.000000000000000E+000  0.000000000000000E+000
  1.622136000000000E-002  0.000000000000000E+000  0.000000000000000E+000
  7.329996000000000E-002  6.314000000000000E-005  0.000000000000000E+000
  0.166491600000000       2.647200000000000E-004  6.000000000000001E-008
  0.000000000000000E+000  0.000000000000000E+000  0.000000000000000E+000
  3.240000000000000E-006  0.000000000000000E+000  0.000000000000000E+000
  0.000000000000000E+000  0.000000000000000E+000  0.000000000000000E+000
  0.000000000000000E+000  0.000000000000000E+000  0.000000000000000E+000
  2.880000000000000E-006  0.000000000000000E+000  0.000000000000000E+000
  1.260000000000000E-005  0.000000000000000E+000  0.000000000000000E+000
  1.843200000000000E-004  0.000000000000000E+000  0.000000000000000E+000
  3.777720000000000E-003  0.000000000000000E+000  0.000000000000000E+000
  3.377580000000000E-002  5.319999999999999E-006  0.000000000000000E+000
  0.142400640000000       1.343800000000000E-004  1.400000000000000E-006
  0.000000000000000E+000  0.000000000000000E+000  0.000000000000000E+000
  0.000000000000000E+000  0.000000000000000E+000  0.000000000000000E+000
  0.000000000000000E+000  0.000000000000000E+000  0.000000000000000E+000
  0.000000000000000E+000  0.000000000000000E+000  0.000000000000000E+000
  0.000000000000000E+000  0.000000000000000E+000  0.000000000000000E+000
  0.000000000000000E+000  0.000000000000000E+000  0.000000000000000E+000
  4.463999999999999E-005  0.000000000000000E+000  0.000000000000000E+000
  1.002000000000000E-003  0.000000000000000E+000  0.000000000000000E+000
  2.009940000000000E-002  1.200000000000000E-007  0.000000000000000E+000
  0.123391320000000       1.280600000000000E-004  1.000000000000000E-007
  0.780854400000000       5.044240000000000E-003  7.800000000000002E-006
  0.801151200000000       5.172800000000001E-003  2.620000000000000E-006
  0.814282200000000       5.162600000000001E-003  5.520000000000000E-006
  0.808022280000000       5.504740000000001E-003  4.920000000000000E-006
  0.824086320000000       5.606300000000000E-003  8.199999999999999E-007
  0.825280560000000       5.232919999999999E-003  4.180000000000000E-006
  0.281919720000000       9.994799999999999E-004  5.200000000000000E-007
  4.293743999999999E-002  5.440000000000001E-005  0.000000000000000E+000
  4.307124000000000E-002  5.010000000000000E-005  1.380000000000000E-006
  2.849220000000001E-002  4.638000000000000E-005  0.000000000000000E+000
  7.514076000000000E-002  3.416000000000000E-005  0.000000000000000E+000
  7.747271999999999E-002  7.546000000000000E-005  2.800000000000000E-007
  7.857468000000002E-002  4.785999999999999E-005  0.000000000000000E+000
  8.607299999999998E-002  4.370000000000001E-005  1.360000000000000E-006
  0.112409400000000       7.622000000000000E-005  0.000000000000000E+000
  0.175867080000000       2.403000000000000E-004  0.000000000000000E+000
  0.340721520000000       8.708599999999997E-004  0.000000000000000E+000
  0.627607560000000       3.071800000000000E-003  5.679999999999999E-006
  4.426344000000000E-002  5.691999999999999E-005  0.000000000000000E+000
  3.909612000000001E-002  4.358000000000001E-005  0.000000000000000E+000
  3.691679999999999E-003  0.000000000000000E+000  0.000000000000000E+000
  3.793440000000001E-003  0.000000000000000E+000  0.000000000000000E+000
  4.456080000000000E-003  0.000000000000000E+000  0.000000000000000E+000
  4.923360000000001E-003  0.000000000000000E+000  0.000000000000000E+000
  8.172600000000000E-003  2.000000000000000E-008  0.000000000000000E+000
  1.838172000000000E-002  8.000000000000000E-008  0.000000000000000E+000
  7.208652000000000E-002  3.557999999999999E-005  0.000000000000000E+000
  0.304074000000000       6.066999999999999E-004  4.800000000000001E-007
  0.242292000000000       8.992799999999997E-004  9.399999999999999E-007
  2.119476000000001E-002  5.116000000000000E-005  0.000000000000000E+000
  2.040000000000000E-004  0.000000000000000E+000  0.000000000000000E+000
  8.952000000000000E-005  0.000000000000000E+000  0.000000000000000E+000
  2.047200000000000E-004  0.000000000000000E+000  0.000000000000000E+000
  2.414400000000000E-004  0.000000000000000E+000  0.000000000000000E+000
  5.108399999999999E-004  0.000000000000000E+000  0.000000000000000E+000
  1.564680000000000E-003  0.000000000000000E+000  0.000000000000000E+000
  1.171356000000000E-002  2.000000000000000E-007  0.000000000000000E+000
  9.934248000000000E-002  8.616000000000000E-005  0.000000000000000E+000
  0.505234440000000       1.873420000000000E-003  4.520000000000001E-006
  3.236496000000000E-002  2.782000000000000E-005  0.000000000000000E+000
  1.752000000000000E-005  0.000000000000000E+000  0.000000000000000E+000
  1.512000000000000E-005  0.000000000000000E+000  0.000000000000000E+000
  3.000000000000000E-006  0.000000000000000E+000  0.000000000000000E+000
  1.332000000000000E-005  0.000000000000000E+000  0.000000000000000E+000
  4.920000000000000E-006  0.000000000000000E+000  0.000000000000000E+000
  1.417200000000000E-004  0.000000000000000E+000  0.000000000000000E+000
  2.052960000000000E-003  0.000000000000000E+000  0.000000000000000E+000
  3.438359999999999E-002  1.482000000000000E-005  0.000000000000000E+000
  0.349602480000000       9.848600000000002E-004  2.820000000000000E-006
  3.398676000000000E-002  5.128000000000000E-005  0.000000000000000E+000
   1.52160084000000       1.762762000000000E-002  1.870000000000000E-005
   1.46708580000000       1.758380000000000E-002  1.058000000000000E-005
   1.45398240000000       1.668786000000000E-002  1.494000000000000E-005
   1.15409580000000       1.144792000000000E-002  5.420000000000000E-006
  0.870612600000000       6.271620000000000E-003  3.560000000000000E-006
  0.378393480000000       2.065960000000000E-003  0.000000000000000E+000
  0.188345400000000       6.062600000000002E-004  0.000000000000000E+000
  0.115330800000000       2.590400000000000E-004  1.940000000000000E-006
  7.667159999999999E-002  4.716400000000001E-004  0.000000000000000E+000
  8.786495999999999E-002  3.308200000000000E-004  1.200000000000000E-007
   1.00656576000000       8.967440000000000E-003  1.400000000000000E-007
   1.01787180000000       8.576420000000001E-003  2.200000000000000E-007
   1.01398500000000       9.253000000000004E-003  2.600000000000000E-007
   1.11108672000000       1.022974000000000E-002  3.500000000000000E-006
   1.25746512000000       1.163332000000000E-002  1.760000000000000E-006
   1.61067744000000       2.127051999999999E-002  1.782000000000000E-005
   1.82200896000000       2.681928000000000E-002  1.976000000000000E-005
  0.271759080000000       8.621399999999998E-004  2.420000000000000E-006
  0.105279600000000       2.548400000000000E-004  0.000000000000000E+000
  7.755551999999999E-002  1.417400000000000E-004  5.600000000000000E-007
  9.990468000000000E-002  5.022000000000000E-005  0.000000000000000E+000
  0.110066400000000       7.357999999999998E-005  0.000000000000000E+000
  0.120919200000000       1.551800000000000E-004  0.000000000000000E+000
  0.141656760000000       2.089800000000000E-004  0.000000000000000E+000
  0.195847200000000       3.312800000000001E-004  0.000000000000000E+000
  0.370784040000000       9.871600000000002E-004  0.000000000000000E+000
  0.918833040000000       6.951639999999999E-003  4.340000000000000E-006
   1.37406852000000       1.558712000000000E-002  1.400000000000000E-005
  0.107729880000000       2.229000000000001E-004  8.000000000000000E-008
  7.188276000000000E-002  1.863200000000000E-004  0.000000000000000E+000
  6.640319999999997E-003  0.000000000000000E+000  0.000000000000000E+000
  8.205360000000000E-003  0.000000000000000E+000  0.000000000000000E+000
  8.096520000000001E-003  0.000000000000000E+000  0.000000000000000E+000
  1.064196000000000E-002  0.000000000000000E+000  0.000000000000000E+000
  1.979603999999999E-002  2.520000000000000E-006  0.000000000000000E+000
  5.252940000000000E-002  2.330000000000000E-005  0.000000000000000E+000
  0.251756760000000       5.917400000000000E-004  0.000000000000000E+000
   1.09080264000000       9.700900000000002E-003  6.800000000000000E-006
  0.102907800000000       1.132600000000000E-004  4.000000000000000E-008
  8.178059999999997E-002  1.527000000000000E-004  0.000000000000000E+000
  3.537600000000000E-004  0.000000000000000E+000  0.000000000000000E+000
  1.136400000000000E-004  0.000000000000000E+000  0.000000000000000E+000
  2.174400000000000E-004  0.000000000000000E+000  0.000000000000000E+000
  5.324400000000000E-004  0.000000000000000E+000  0.000000000000000E+000
  1.717080000000000E-003  0.000000000000000E+000  0.000000000000000E+000
  5.803800000000000E-003  0.000000000000000E+000  0.000000000000000E+000
  4.694027999999999E-002  1.318000000000000E-005  0.000000000000000E+000
  0.526139640000000       2.557940000000000E-003  0.000000000000000E+000
  0.222288240000000       5.651399999999999E-004  5.800000000000000E-007
  0.106649640000000       2.913999999999999E-004  1.780000000000000E-006
   1.02848568000000       6.969280000000001E-003  1.000000000000000E-007
   1.14639168000000       6.837060000000002E-003  6.080000000000000E-006
  0.973038120000000       6.156800000000000E-003  1.840000000000000E-006
  0.915253320000000       5.835339999999998E-003  7.460000000000001E-006
  0.566846400000000       2.268019999999999E-003  9.000000000000000E-007
  0.340704120000000       8.602400000000001E-004  0.000000000000000E+000
  0.189561960000000       3.655600000000000E-004  0.000000000000000E+000
  0.103801320000000       1.132600000000000E-004  0.000000000000000E+000
  0.122617920000000       2.403400000000000E-004  0.000000000000000E+000
  9.928500000000001E-002  1.937000000000000E-004  0.000000000000000E+000
   4.59835548000000       0.168583620000000       2.554000000000000E-005
   4.50843552000000       0.167315920000000       2.072000000000000E-005
   4.57588356000000       0.169177080000000       3.668000000000000E-005
   4.49658660000000       0.165896760000000       1.408000000000000E-005
   4.41075012000000       0.155859380000000       3.860000000000000E-005
   3.65264688000000       0.102927600000000       2.942000000000000E-005
   1.73634516000000       2.037374000000000E-002  1.834000000000000E-005
  0.162940800000000       5.333400000000001E-004  2.000000000000000E-008
  0.114610440000000       2.080600000000000E-004  0.000000000000000E+000
  0.108361680000000       6.965999999999999E-005  0.000000000000000E+000
   1.38609564000000       1.652414000000000E-002  0.000000000000000E+000
   1.45715808000000       1.631798000000000E-002  2.240000000000000E-006
   1.50155124000000       1.859870000000000E-002  7.380000000000000E-006
   1.68988980000000       2.355440000000000E-002  2.040000000000000E-006
   2.09281272000000       3.558785999999999E-002  7.820000000000000E-006
   3.00322776000000       7.227108000000002E-002  1.674000000000000E-005
   3.47798352000000       9.915567999999998E-002  2.438000000000000E-005
  0.722158560000000       5.886040000000000E-003  5.600000000000000E-006
  0.166732560000000       4.377800000000000E-004  2.220000000000000E-006
  8.208204000000001E-002  1.666800000000000E-004  0.000000000000000E+000
  0.170810640000000       2.776200000000000E-004  0.000000000000000E+000
  0.173689800000000       2.227400000000000E-004  0.000000000000000E+000
  0.197843400000000       2.669400000000000E-004  0.000000000000000E+000
  0.246452040000000       6.122600000000000E-004  0.000000000000000E+000
  0.360196440000000       1.059460000000000E-003  0.000000000000000E+000
  0.816837840000000       5.738819999999999E-003  3.880000000000000E-006
   2.29933092000000       4.698078000000000E-002  2.480000000000000E-006
   2.29783500000000       3.985994000000000E-002  1.968000000000000E-005
  0.139577880000000       2.497600000000000E-004  4.040000000000000E-006
  0.112084320000000       9.766000000000001E-005  0.000000000000000E+000
  1.435620000000000E-002  0.000000000000000E+000  0.000000000000000E+000
  1.889975999999999E-002  0.000000000000000E+000  0.000000000000000E+000
  1.336440000000000E-002  0.000000000000000E+000  0.000000000000000E+000
  2.397816000000000E-002  5.000000000000000E-007  0.000000000000000E+000
  5.161128000000000E-002  1.970000000000000E-005  0.000000000000000E+000
  0.144364680000000       2.224000000000000E-004  0.000000000000000E+000
  0.815315880000000       5.821820000000000E-003  4.680000000000000E-006
   2.70413292000000       5.938520000000001E-002  1.924000000000000E-005
  0.179827800000000       5.206600000000000E-004  0.000000000000000E+000
  0.131259840000000       2.671800000000000E-004  0.000000000000000E+000
  0.599542440000000       1.710100000000000E-003  0.000000000000000E+000
  0.636582480000000       1.482280000000000E-003  0.000000000000000E+000
  0.530860440000000       1.354200000000000E-003  0.000000000000000E+000
  0.587026680000000       1.536460000000000E-003  3.400000000000000E-007
  0.409855920000000       9.888600000000005E-004  1.090000000000000E-005
  0.206972640000000       3.229800000000000E-004  0.000000000000000E+000
  0.167411640000000       2.874800000000000E-004  0.000000000000000E+000
  0.111970800000000       1.672000000000000E-004  0.000000000000000E+000
  0.102799800000000       2.122800000000000E-004  0.000000000000000E+000
  6.486611999999999E-002  5.104000000000000E-005  0.000000000000000E+000
   4.93664616000000       0.124328980000000       3.612000000000000E-005
   4.65195876000000       0.101868980000000       4.727999999999999E-005
   4.61811780000000       0.106563660000000       1.932000000000000E-005
   4.13269428000000       8.626086000000001E-002  2.832000000000000E-005
   3.59287236000000       6.891837999999999E-002  1.082000000000000E-005
   2.47780116000000       3.089082000000000E-002  8.080000000000001E-006
   1.02030120000000       4.699459999999999E-003  2.620000000000000E-006
  0.171454920000000       2.615600000000000E-004  0.000000000000000E+000
  0.108199680000000       5.859999999999999E-006  0.000000000000000E+000
  7.842096000000000E-002  1.009400000000000E-004  0.000000000000000E+000
   6.76553880000000       0.350604460000000       2.108000000000000E-005
   6.94955412000000       0.373732600000000       1.178000000000000E-005
   7.03065588000000       0.394892980000000       4.142000000000000E-005
   7.08623664000000       0.382934120000000       3.100000000000000E-005
   6.98711160000000       0.362123140000000       3.697999999999999E-005
   5.96670948000000       0.247632780000000       1.430000000000000E-005
   3.19265172000000       6.319995999999999E-002  2.702000000000001E-005
  0.364168680000000       8.106200000000001E-004  0.000000000000000E+000
  8.360580000000002E-002  4.456000000000000E-005  6.000000000000000E-007
  8.482224000000001E-002  6.692000000000000E-005  0.000000000000000E+000
   2.03412444000000       3.694654000000000E-002  2.020000000000000E-006
   2.18277684000000       4.012868000000001E-002  3.000000000000000E-007
   2.23018248000000       4.308283999999998E-002  5.520000000000000E-006
   2.58673092000000       5.605251999999999E-002  1.140000000000000E-006
   3.37417668000000       9.436652000000001E-002  6.860000000000000E-006
   5.29990776000000       0.226140280000000       2.620000000000000E-005
   5.34430032000000       0.209802640000000       2.505999999999999E-005
   1.35806808000000       8.556140000000000E-003  3.419999999999999E-006
  0.111405600000000       5.367999999999999E-005  0.000000000000000E+000
  9.996816000000003E-002  6.124000000000000E-005  0.000000000000000E+000
  0.273050400000000       6.034800000000001E-004  0.000000000000000E+000
  0.304865640000000       7.207200000000001E-004  0.000000000000000E+000
  0.348905400000000       1.138800000000000E-003  0.000000000000000E+000
  0.421424880000000       1.511000000000000E-003  0.000000000000000E+000
  0.722137560000000       4.236059999999999E-003  0.000000000000000E+000
   1.81588032000000       2.964687999999999E-002  6.000000000000000E-007
   4.59241812000000       0.176063240000000       2.028000000000000E-005
   2.73224232000000       5.342416000000002E-002  8.900000000000001E-006
  0.171813960000000       2.894400000000000E-004  0.000000000000000E+000
  5.679695999999998E-002  1.188000000000000E-005  0.000000000000000E+000
  0.284396880000000       3.965800000000000E-004  0.000000000000000E+000
  0.284121240000000       5.500000000000000E-004  0.000000000000000E+000
  0.328701840000000       5.417600000000001E-004  0.000000000000000E+000
  0.258682440000000       3.042800000000000E-004  0.000000000000000E+000
  0.221440920000000       1.746200000000000E-004  0.000000000000000E+000
  0.181641960000000       8.552000000000001E-005  0.000000000000000E+000
  0.156676080000000       1.137400000000000E-004  0.000000000000000E+000
  0.228698040000000       9.020000000000000E-006  0.000000000000000E+000
  3.929532000000001E-002  4.680000000000000E-006  0.000000000000000E+000
  4.686060000000000E-002  2.364000000000000E-005  0.000000000000000E+000
   1.86105300000000       9.233299999999998E-003  3.400000000000000E-007
   1.80107652000000       8.965799999999998E-003  4.000000000000000E-008
   1.82681628000000       1.200362000000000E-002  2.368000000000000E-005
   1.72271220000000       9.660260000000000E-003  4.280000000000000E-006
   1.49301036000000       6.126300000000000E-003  9.799999999999999E-007
   1.20968328000000       3.787580000000000E-003  1.100000000000000E-005
  0.423302520000000       9.375799999999999E-004  0.000000000000000E+000
  0.118127400000000       1.855200000000000E-004  0.000000000000000E+000
  5.045520000000000E-002  0.000000000000000E+000  0.000000000000000E+000
  4.401864000000000E-002  2.488000000000000E-005  0.000000000000000E+000
   6.53750436000000       0.179660280000000       4.432000000000000E-005
   6.76314576000000       0.186413120000000       5.507999999999999E-005
   6.56434392000000       0.164631160000000       2.024000000000000E-005
   6.09285024000000       0.123652520000000       2.812000000000000E-005
   4.75367088000000       5.323146000000002E-002  2.734000000000000E-005
   3.09930732000000       2.752478000000001E-002  1.020000000000000E-006
   1.58593632000000       7.380860000000000E-003  3.400000000000000E-007
  0.289968000000000       2.251000000000000E-004  0.000000000000000E+000
  4.768848000000001E-002  3.592000000000000E-005  0.000000000000000E+000
  4.759152000000001E-002  0.000000000000000E+000  0.000000000000000E+000
   9.60051564000000       0.678643520000000       4.056000000000000E-005
   9.59099904000000       0.657304180000000       4.302000000000000E-005
   9.68405688000000       0.684418640000000       4.604000000000001E-005
   10.0519051200000       0.682725760000000       5.033999999999998E-005
   9.73603860000000       0.619850260000000       4.485999999999999E-005
   7.36103916000000       0.270906920000000       1.414000000000000E-005
   3.39849168000000       4.691906000000002E-002  1.028000000000000E-005
  0.620317080000000       1.413520000000000E-003  5.400000000000000E-007
  8.905716000000000E-002  1.702000000000000E-005  0.000000000000000E+000
  4.114512000000001E-002  2.600000000000000E-007  0.000000000000000E+000
   3.18538308000000       8.478811999999999E-002  2.000000000000000E-007
   3.11367480000000       8.002266000000002E-002  2.392000000000000E-005
   3.46791900000000       9.423033999999998E-002  7.660000000000001E-006
   4.23513120000000       0.140749460000000       1.276000000000000E-005
   5.81938140000000       0.267034940000000       3.738000000000000E-005
   8.46879144000000       0.540432500000000       2.880000000000000E-005
   6.17526660000000       0.218612340000000       1.804000000000000E-005
   1.53458568000000       1.015178000000000E-002  2.540000000000000E-006
  9.887508000000000E-002  1.896600000000000E-004  0.000000000000000E+000
  6.440856000000002E-002  8.340000000000000E-006  0.000000000000000E+000
   2.12487336000000       6.076220000000001E-003  3.360000000000000E-006
   1.65486408000000       7.920800000000000E-003  8.360000000000001E-006
   1.94709396000000       5.555640000000001E-003  2.760000000000000E-006
   2.04404796000000       4.251520000000000E-003  3.400000000000000E-007
   1.22773320000000       4.412439999999999E-003  0.000000000000000E+000
   1.37756700000000       5.025160000000001E-003  0.000000000000000E+000
  0.754019400000000       2.103400000000000E-003  0.000000000000000E+000
  0.127043280000000       8.855999999999999E-005  0.000000000000000E+000
  5.984543999999999E-002  2.092000000000000E-005  0.000000000000000E+000
  3.101484000000000E-002  0.000000000000000E+000  0.000000000000000E+000
   9.33842808000000       0.211584460000000       1.390000000000000E-005
   8.84154852000000       0.203481580000000       1.424000000000000E-005
   8.35714668000000       0.174997180000000       5.199999999999999E-006
   7.31266776000000       0.140118140000000       1.352000000000000E-005
   5.11392732000000       5.690828000000001E-002  7.860000000000001E-006
   2.76207648000000       2.027030000000000E-002  4.680000000000000E-006
   1.45941540000000       5.717280000000003E-003  2.980000000000000E-006
  0.286809720000000       2.847000000000000E-004  0.000000000000000E+000
  8.349432000000000E-002  8.620000000000000E-006  0.000000000000000E+000
  0.129952560000000       0.000000000000000E+000  0.000000000000000E+000
   13.0476904800000        1.02658380000000       2.306000000000000E-005
   12.7893382800000        1.00058306000000       4.522000000000000E-005
   13.0331185200000        1.00980650000000       3.404000000000000E-005
   12.9960111600000       0.953088840000000       5.312000000000001E-005
   12.1006297200000       0.696393600000000       4.174000000000000E-005
   8.34309828000000       0.229784240000000       1.920000000000000E-005
   2.92550496000000       1.898244000000000E-002  1.900000000000000E-006
  0.556625040000000       1.483780000000000E-003  0.000000000000000E+000
  6.206532000000001E-002  2.866000000000000E-005  0.000000000000000E+000
  2.350992000000000E-002  0.000000000000000E+000  0.000000000000000E+000
   11.2270972800000       0.174152480000000       4.600000000000000E-007
   11.5803902400000       0.233564920000000       3.260000000000000E-006
   10.7662059600000       0.206034160000000       8.280000000000000E-006
   7.91214936000000       8.414914000000000E-002  2.900000000000000E-006
   5.34990288000000       6.097596000000000E-002  7.560000000000000E-006
   2.96313024000000       8.766179999999998E-003  1.300000000000000E-006
   1.14124260000000       1.028340000000000E-003  0.000000000000000E+000
  0.247233480000000       4.062600000000000E-004  0.000000000000000E+000
  4.459332000000001E-002  8.000000000000000E-008  0.000000000000000E+000
  0.164607960000000       0.000000000000000E+000  0.000000000000000E+000
