   6.3979659574468065E-002   3.9106382978723389E-005   0.0000000000000000     
   6.9483957446808506E-002   2.1574468085106381E-005   0.0000000000000000     
   6.7924468085106396E-002   2.1404255319148934E-005   0.0000000000000000     
   7.0577872340425535E-002   5.5531914893617016E-005   0.0000000000000000     
   7.8203999999999982E-002   2.8340425531914901E-005   0.0000000000000000     
   9.0985914893617043E-002   7.0999999999999991E-005   6.3829787234042553E-008
  0.11948489361702129        1.8236170212765959E-004   4.2553191489361700E-008
  0.15823238297872341        1.8238297872340424E-004   6.3829787234042553E-008
  0.20893327659574462        3.4970212765957445E-004   1.1063829787234042E-006
  0.22942557446808509        4.6157446808510634E-004   4.6808510638297873E-007
   1.8781276595744682E-003   0.0000000000000000        0.0000000000000000     
   2.4287234042553196E-003   0.0000000000000000        0.0000000000000000     
   3.2970638297872340E-003   4.3829787234042552E-006   0.0000000000000000     
   3.7031489361702120E-003   0.0000000000000000        0.0000000000000000     
   4.4176595744680868E-003   0.0000000000000000        0.0000000000000000     
   8.3101276595744684E-003   1.7446808510638297E-006   0.0000000000000000     
   1.6841106382978727E-002   8.5106382978723408E-007   0.0000000000000000     
   5.1742723404255321E-002   1.4127659574468087E-005   1.7659574468085106E-006
  0.11990885106382974        1.5602127659574468E-004   4.8510638297872341E-006
  0.20572595744680858        3.2557446808510645E-004   1.6170212765957446E-006
   3.4085106382978723E-005   0.0000000000000000        0.0000000000000000     
   6.9574468085106383E-005   0.0000000000000000        0.0000000000000000     
   9.5872340425531927E-005   0.0000000000000000        0.0000000000000000     
   1.9212765957446809E-004   0.0000000000000000        0.0000000000000000     
   3.0599999999999996E-004   0.0000000000000000        0.0000000000000000     
   8.7153191489361696E-004   0.0000000000000000        0.0000000000000000     
   2.2708085106382977E-003   0.0000000000000000        0.0000000000000000     
   1.6437957446808506E-002   2.9361702127659574E-006   0.0000000000000000     
   6.6193021276595723E-002   3.3170212765957450E-005   0.0000000000000000     
  0.16668574468085107        2.4317021276595749E-004   3.2978723404255318E-006
   0.0000000000000000        0.0000000000000000        0.0000000000000000     
   4.0851063829787234E-006   0.0000000000000000        0.0000000000000000     
   1.5319148936170214E-006   0.0000000000000000        0.0000000000000000     
   0.0000000000000000        0.0000000000000000        0.0000000000000000     
   5.1063829787234041E-006   0.0000000000000000        0.0000000000000000     
   5.8851063829787230E-005   0.0000000000000000        0.0000000000000000     
   2.7753191489361700E-004   0.0000000000000000        0.0000000000000000     
   4.9411914893617024E-003   1.5936170212765958E-005   0.0000000000000000     
   3.7839702127659566E-002   8.7234042553191485E-006   0.0000000000000000     
  0.14365072340425528        1.6025531914893619E-004   0.0000000000000000     
   0.0000000000000000        0.0000000000000000        0.0000000000000000     
   0.0000000000000000        0.0000000000000000        0.0000000000000000     
   0.0000000000000000        0.0000000000000000        0.0000000000000000     
   0.0000000000000000        0.0000000000000000        0.0000000000000000     
   0.0000000000000000        0.0000000000000000        0.0000000000000000     
   0.0000000000000000        0.0000000000000000        0.0000000000000000     
   1.5319148936170214E-006   0.0000000000000000        0.0000000000000000     
   7.8778723404255310E-004   0.0000000000000000        0.0000000000000000     
   2.1031404255319151E-002   1.8723404255319149E-006   0.0000000000000000     
  0.11697153191489368        1.1982978723404258E-004   8.5106382978723400E-008
  0.75399804255319181        4.9035744680851071E-003   5.5531914893617030E-006
  0.79579238297872312        5.5842340425531923E-003   5.9574468085106381E-007
  0.79567468085106396        5.1323829787234057E-003   5.9574468085106381E-007
  0.80861374468085090        5.2909787234042558E-003   6.9787234042553190E-006
  0.83326276595744664        5.7943617021276603E-003   3.5744680851063835E-006
  0.82331731914893636        6.2765957446808520E-003   8.7659574468085120E-006
  0.26682587234042549        9.7221276595744707E-004   1.1489361702127658E-006
   4.1346893617021284E-002   1.1095744680851064E-004   0.0000000000000000     
   4.0000468085106385E-002   8.6382978723404243E-005   1.7021276595744683E-007
   4.0642595744680848E-002   4.5276595744680846E-005   0.0000000000000000     
   7.2213702127659582E-002   7.0595744680851052E-005   0.0000000000000000     
   6.8328765957446802E-002   7.9106382978723399E-005   0.0000000000000000     
   7.9218382978723384E-002   6.7425531914893627E-005   0.0000000000000000     
   9.0212680851063806E-002   8.2574468085106387E-005   0.0000000000000000     
  0.11410008510638293        8.8595744680851043E-005   0.0000000000000000     
  0.17527225531914892        3.0214893617021272E-004   0.0000000000000000     
  0.32240412765957449        8.7959574468085111E-004   1.7021276595744680E-007
  0.63371285106382969        3.1754468085106380E-003   6.0638297872340437E-006
   5.4556212765957457E-002   7.8680851063829787E-005   0.0000000000000000     
   3.8710085106382963E-002   4.3872340425531917E-005   0.0000000000000000     
   5.2140000000000008E-003   0.0000000000000000        0.0000000000000000     
   4.6023829787234048E-003   2.6808510638297874E-006   0.0000000000000000     
   4.9506382978723399E-003   6.3829787234042553E-008   0.0000000000000000     
   5.6706382978723409E-003   0.0000000000000000        0.0000000000000000     
   9.4193617021276592E-003   0.0000000000000000        0.0000000000000000     
   2.2252340425531914E-002   1.8723404255319149E-006   0.0000000000000000     
   7.1550127659574442E-002   6.9723404255319144E-005   0.0000000000000000     
  0.28681927659574469        6.7146808510638281E-004   1.7234042553191491E-006
  0.25642353191489359        8.4731914893617017E-004   7.0212765957446810E-007
   3.1394680851063825E-002   4.4851063829787235E-005   8.0851063829787239E-007
   7.8765957446808504E-005   0.0000000000000000        0.0000000000000000     
   2.5110638297872341E-004   0.0000000000000000        0.0000000000000000     
   1.1578723404255318E-004   0.0000000000000000        0.0000000000000000     
   2.5914893617021275E-004   0.0000000000000000        0.0000000000000000     
   3.9587234042553191E-004   0.0000000000000000        0.0000000000000000     
   2.4434042553191488E-003   0.0000000000000000        0.0000000000000000     
   1.2227617021276595E-002   4.9574468085106386E-006   0.0000000000000000     
  0.11275365957446806        1.1623404255319149E-004   0.0000000000000000     
  0.52194038297872336        2.3818297872340421E-003   1.1063829787234042E-006
   3.0290680851063824E-002   1.1382978723404256E-005   0.0000000000000000     
   0.0000000000000000        0.0000000000000000        0.0000000000000000     
   1.8127659574468086E-005   0.0000000000000000        0.0000000000000000     
   1.2510638297872340E-005   0.0000000000000000        0.0000000000000000     
   4.9404255319148944E-005   0.0000000000000000        0.0000000000000000     
   2.4255319148936171E-006   0.0000000000000000        0.0000000000000000     
   1.6710638297872340E-004   0.0000000000000000        0.0000000000000000     
   1.5357446808510638E-003   0.0000000000000000        0.0000000000000000     
   3.4263319148936169E-002   2.1276595744680849E-006   0.0000000000000000     
  0.33621727659574469        9.8814893617021329E-004   2.5531914893617021E-007
   3.3404170212765968E-002   3.1999999999999999E-005   0.0000000000000000     
   1.6382539148936164        2.1445851063829787E-002   2.3702127659574471E-005
   1.4636943829787235        1.5406191489361704E-002   8.9361702127659558E-006
   1.4094528510638302        1.5913702127659572E-002   6.0212765957446811E-006
   1.1642253191489365        1.1751127659574466E-002   6.1063829787234047E-006
  0.81079391489361741        7.0185744680851068E-003   9.3617021276595755E-006
  0.40487017021276606        2.2874468085106381E-003   2.1276595744680850E-008
  0.14161034042553194        3.9736170212765955E-004   0.0000000000000000     
  0.12625723404255321        2.9644680851063834E-004   0.0000000000000000     
   9.7374255319148964E-002   1.7000000000000001E-004   1.5319148936170214E-006
  0.13747391489361702        4.4989361702127656E-004   4.5744680851063833E-006
  0.99201702127659608        8.2369148936170186E-003   1.1914893617021276E-006
   1.0058610638297871        8.2431063829787252E-003   0.0000000000000000     
   1.0329842553191491        9.8141702127659564E-003   5.1914893617021277E-006
   1.1170944255319155        9.6760425531914919E-003   4.8297872340425532E-006
   1.2525437872340424        1.3698999999999999E-002   5.2553191489361695E-006
   1.6181304255319156        2.1375021276595740E-002   1.8319148936170212E-005
   1.8196390212765954        2.7263319148936167E-002   6.5957446808510636E-006
  0.27199659574468082        7.5710638297872351E-004   0.0000000000000000     
  0.10909110638297874        3.6791489361702131E-004   0.0000000000000000     
   7.7897489361702113E-002   2.1119148936170210E-004   0.0000000000000000     
  0.11514395744680851        9.4574468085106380E-005   0.0000000000000000     
  0.11267285106382979        7.9319148936170204E-005   0.0000000000000000     
  0.12207919148936168        1.2961702127659572E-004   0.0000000000000000     
  0.14797748936170210        1.5297872340425532E-004   0.0000000000000000     
  0.19414417021276600        2.9387234042553193E-004   2.9787234042553191E-007
  0.38006629787234048        1.2254680851063833E-003   0.0000000000000000     
  0.95535306382978724        7.0557872340425562E-003   1.2127659574468084E-005
   1.3869637021276591        1.6757404255319148E-002   1.4765957446808512E-005
   9.2751957446808531E-002   2.7472340425531915E-004   6.3829787234042553E-008
   8.9574638297872378E-002   4.4338297872340417E-004   0.0000000000000000     
   8.2644255319148895E-003   0.0000000000000000        0.0000000000000000     
   8.7273191489361697E-003   0.0000000000000000        0.0000000000000000     
   8.9323404255319139E-003   0.0000000000000000        0.0000000000000000     
   1.1840042553191488E-002   0.0000000000000000        0.0000000000000000     
   1.7408553191489363E-002   2.5957446808510638E-006   0.0000000000000000     
   5.3114680851063828E-002   2.9000000000000000E-005   0.0000000000000000     
  0.25770153191489359        4.4385106382978720E-004   0.0000000000000000     
   1.0968329361702132        1.0465553191489362E-002   2.8723404255319151E-006
  0.14914072340425530        2.9608510638297873E-004   1.0638297872340425E-007
   8.2219021276595750E-002   2.8446808510638300E-004   0.0000000000000000     
   1.1093617021276596E-004   0.0000000000000000        0.0000000000000000     
   3.8463829787234043E-004   0.0000000000000000        0.0000000000000000     
   6.8438297872340428E-004   0.0000000000000000        0.0000000000000000     
   7.2051063829787229E-004   0.0000000000000000        0.0000000000000000     
   2.0162553191489358E-003   0.0000000000000000        0.0000000000000000     
   5.7745531914893625E-003   2.1276595744680850E-008   0.0000000000000000     
   5.1343914893617004E-002   1.8617021276595741E-005   0.0000000000000000     
  0.53740965957446807        2.5290851063829792E-003   2.3404255319148937E-007
  0.24796429787234048        8.0887234042553192E-004   1.1276595744680849E-006
   7.8177957446808513E-002   1.4948936170212766E-004   0.0000000000000000     
   1.1092317446808511        6.1287872340425537E-003   2.5957446808510638E-006
   1.1479322553191491        7.9153829787234047E-003   1.5319148936170214E-006
  0.94052093617021282        6.5922978723404269E-003   1.1489361702127658E-006
  0.93458846808510632        5.2156170212765965E-003   9.9999999999999995E-007
  0.57535442553191496        1.8967872340425534E-003   8.7234042553191487E-007
  0.41048348936170215        9.2238297872340432E-004   4.2553191489361700E-008
  0.19685170212765965        2.1997872340425535E-004   0.0000000000000000     
  0.12601761702127659        1.3893617021276593E-004   2.6382978723404256E-006
   7.3052936170212787E-002   6.4638297872340427E-005   0.0000000000000000     
   7.1841446808510637E-002   1.5759574468085107E-004   0.0000000000000000     
   4.5971717872340410       0.16994642553191491        1.8148936170212765E-005
   4.5932176595744680       0.16931465957446809        2.8297872340425529E-005
   4.5596850638297859       0.16711499999999999        2.0659574468085104E-005
   4.5409808936170215       0.16781778723404259        2.1893617021276597E-005
   4.3134088085106397       0.14544080851063831        2.8617021276595751E-005
   3.7468342978723403        9.8625744680851071E-002   1.2042553191489364E-005
   1.7260372340425527        2.1220744680851063E-002   6.0212765957446811E-006
  0.24997557446808505        4.0687234042553197E-004   0.0000000000000000     
   7.6388808510638312E-002   1.5959574468085106E-004   0.0000000000000000     
  0.12327510638297871        1.2376595744680851E-004   0.0000000000000000     
   1.3774222978723405        1.5542531914893619E-002   2.2127659574468085E-006
   1.4145275744680852        1.7165659574468084E-002   1.9148936170212767E-007
   1.5130997872340426        1.9532106382978729E-002   4.9787234042553187E-006
   1.6565221276595747        2.2045127659574469E-002   1.2340425531914894E-006
   2.0532162127659581        3.5527978723404262E-002   1.9787234042553194E-006
   2.9202368936170213        6.8083127659574458E-002   2.7617021276595747E-005
   3.4014340851063825        9.3389553191489338E-002   4.2851063829787240E-005
  0.73925336170212752        5.5899361702127660E-003   4.2553191489361706E-006
  0.15354370212765955        3.8406382978723401E-004   0.0000000000000000     
   8.6907574468085100E-002   1.0672340425531914E-004   0.0000000000000000     
  0.17654157446808508        2.0506382978723395E-004   0.0000000000000000     
  0.17424153191489361        2.5046808510638293E-004   0.0000000000000000     
  0.18891012765957446        2.5036170212765950E-004   0.0000000000000000     
  0.23487817021276589        3.9336170212765951E-004   0.0000000000000000     
  0.38594170212765949        1.4832765957446805E-003   0.0000000000000000     
  0.83152365957446839        5.7409361702127652E-003   5.5106382978723403E-006
   2.2041815744680848        4.1910021276595745E-002   1.3765957446808512E-005
   2.2769758723404250        4.2196425531914911E-002   1.8063829787234041E-005
  0.14219987234042555        5.4399999999999989E-004   4.4680851063829794E-007
  0.12561178723404257        2.8031914893617032E-004   0.0000000000000000     
   1.5390765957446808E-002   0.0000000000000000        0.0000000000000000     
   1.4292765957446807E-002   1.4893617021276595E-007   0.0000000000000000     
   1.9770000000000006E-002   0.0000000000000000        0.0000000000000000     
   1.9208936170212763E-002   2.5957446808510638E-006   0.0000000000000000     
   4.6545319148936143E-002   3.8680851063829784E-005   0.0000000000000000     
  0.15303931914893612        2.4163829787234045E-004   0.0000000000000000     
  0.79090302127659584        5.2640425531914892E-003   1.4468085106382978E-006
   2.6284862553191490        5.8056340425531927E-002   2.9893617021276595E-005
  0.18590017021276597        7.4374468085106396E-004   0.0000000000000000     
   9.6058723404255295E-002   2.6853191489361705E-004   2.1276595744680850E-008
  0.62152417021276585        1.9831276595744679E-003   0.0000000000000000     
  0.60182604255319150        9.6302127659574457E-004   0.0000000000000000     
  0.58962408510638287        1.4148085106382982E-003   0.0000000000000000     
  0.45233578723404266        1.4225319148936171E-003   3.4042553191489360E-007
  0.34823348936170218        7.8144680851063842E-004   0.0000000000000000     
  0.19936672340425532        4.3559574468085105E-004   0.0000000000000000     
  0.14363999999999999        3.4857446808510642E-004   0.0000000000000000     
  0.15005885106382980        7.7914893617021282E-005   0.0000000000000000     
   7.5633446808510640E-002   6.7978723404255313E-005   0.0000000000000000     
   6.5923531914893613E-002   3.7808510638297876E-005   0.0000000000000000     
   4.7001025531914902       0.11156838297872342        1.7808510638297871E-005
   4.6771095319148932       0.10149665957446810        2.0000000000000002E-005
   4.5164505957446819        8.7137297872340383E-002   3.9191489361702126E-005
   4.1650690212765946        8.5423468085106355E-002   1.1617021276595744E-005
   3.6343983829787243        6.5553787234042551E-002   1.1914893617021278E-005
   2.6197646808510640        3.0804063829787239E-002   2.4468085106382980E-006
  0.78969893617021292        3.3379148936170206E-003   4.0425531914893619E-007
  0.17390272340425533        4.3131914893617020E-004   0.0000000000000000     
   8.7398170212765955E-002   5.0446808510638293E-005   0.0000000000000000     
   5.7030638297872339E-002   3.2595744680851064E-005   0.0000000000000000     
   7.0616130638297863       0.39730629787234045        3.9680851063829788E-005
   6.9350230212765931       0.38804640425531911        1.7170212765957447E-005
   7.1718016595744718       0.39912955319148935        1.2510638297872342E-005
   6.9742983829787226       0.36818787234042549        4.0957446808510642E-005
   6.9111818297872372       0.37614836170212773        1.9021276595744680E-005
   5.9778993191489365       0.25598870212765956        2.0234042553191493E-005
   3.0915619148936178        5.8165425531914887E-002   1.7893617021276598E-005
  0.44517855319148930        6.1117021276595738E-004   1.1191489361702128E-005
   9.5048042553191478E-002   2.0521276595744680E-004   0.0000000000000000     
   6.4285531914893598E-002   1.9495744680851065E-004   0.0000000000000000     
   2.0497331489361703        3.4399489361702125E-002   5.8510638297872347E-006
   2.1390316595744681        3.8445574468085116E-002   1.0638297872340427E-006
   2.2536329361702125        4.2555170212765954E-002   6.6595744680851072E-006
   2.5459861276595741        5.2306127659574472E-002   0.0000000000000000     
   3.5144022127659582       0.10184346808510637        4.6808510638297878E-006
   5.2299868085106374       0.22090304255319154        2.9787234042553192E-005
   5.3369133191489357       0.21011019148936178        9.0425531914893620E-006
   1.3770587234042553        1.0307489361702130E-002   3.7021276595744681E-006
  0.12573523404255324        1.4391489361702126E-004   2.8085106382978720E-006
   7.3480851063829788E-002   7.4765957446808502E-005   0.0000000000000000     
  0.28328948936170217        6.7702127659574455E-004   0.0000000000000000     
  0.29982153191489364        7.2091489361702133E-004   0.0000000000000000     
  0.31074919148936164        6.7444680851063809E-004   0.0000000000000000     
  0.39960625531914890        1.3148936170212762E-003   0.0000000000000000     
  0.74364765957446832        4.1354042553191491E-003   0.0000000000000000     
   1.7587872765957442        2.5559893617021275E-002   9.8936170212765946E-006
   4.7067585957446809       0.18584331914893618        4.1893617021276595E-005
   2.8794811914893614        5.3592510638297869E-002   1.8085106382978724E-006
  0.17109025531914890        3.3708510638297870E-004   0.0000000000000000     
   7.0575574468085100E-002   2.2042553191489361E-005   0.0000000000000000     
  0.33472621276595749        6.8044680851063835E-004   0.0000000000000000     
  0.41378195744680840        6.2157446808510644E-004   0.0000000000000000     
  0.26529510638297865        4.7351063829787236E-004   0.0000000000000000     
  0.25433642553191493        2.6699999999999998E-004   0.0000000000000000     
  0.21149374468085103        2.2302127659574471E-004   0.0000000000000000     
  0.12669702127659574        1.1131914893617022E-004   8.5106382978723400E-008
   7.3083063829787229E-002   1.4621276595744680E-004   0.0000000000000000     
   5.0403446808510631E-002   2.0638297872340426E-006   0.0000000000000000     
   4.1519489361702119E-002   2.9914893617021274E-005   0.0000000000000000     
   2.4409404255319147E-002   1.4255319148936171E-006   0.0000000000000000     
   1.7213854468085106        7.0299148936170223E-003   3.4042553191489360E-007
   2.1613143829787234        7.4235319148936172E-003   6.3829787234042553E-008
   1.5255984255319148        5.7559999999999998E-003   5.5531914893617021E-006
   1.7700277021276600        8.7814468085106387E-003   4.2553191489361699E-007
   1.4949344680851064        5.1072765957446819E-003   5.9574468085106381E-007
   1.1716840851063826        4.8451063829787235E-003   0.0000000000000000     
  0.50148714893617019        9.2927659574468084E-004   0.0000000000000000     
  0.10846876595744684        1.4319148936170213E-004   0.0000000000000000     
   5.1311617021276602E-002   1.0968085106382978E-004   0.0000000000000000     
   4.8675063829787237E-002   1.2127659574468085E-006   0.0000000000000000     
   6.3359234042553201       0.17648582978723404        1.6617021276595744E-005
   6.6382224255319144       0.18194008510638296        5.7234042553191485E-006
   6.2186666808510616       0.16099110638297873        1.5702127659574470E-005
   6.0537827234042538       0.14265631914893614        2.6744680851063828E-005
   4.8640503829787232        8.5263382978723407E-002   2.4404255319148936E-005
   2.7940193617021278        2.4609617021276585E-002   1.0404255319148935E-005
   1.3777876595744680        6.8937659574468098E-003   2.1276595744680850E-008
  0.25789429787234036        3.5140425531914895E-004   0.0000000000000000     
   7.2858382978723421E-002   1.1106382978723404E-005   0.0000000000000000     
   4.5959617021276593E-002   1.7829787234042553E-005   0.0000000000000000     
   9.6570366382978730       0.68098936170212743        5.0489361702127651E-005
   9.8181200425531916       0.70689591489361703        5.3553191489361708E-005
   10.077291063829790       0.72348274468085094        1.5382978723404255E-005
   10.100306425531913       0.72859927659574464        2.3297872340425533E-005
   9.4260945957446811       0.58338627659574493        2.6404255319148941E-005
   7.6255215319148952       0.30656759574468084        2.4234042553191489E-005
   3.1065670212765943        4.2107021276595748E-002   1.6957446808510638E-005
  0.60368348936170213        1.6436808510638299E-003   0.0000000000000000     
   7.2596170212765973E-002   1.3234042553191491E-005   0.0000000000000000     
   4.5598340425531896E-002   6.8085106382978720E-007   0.0000000000000000     
   3.1042784680851061        7.6607042553191507E-002   4.8936170212765959E-006
   3.1461990638297865        8.2606000000000027E-002   1.0319148936170213E-005
   3.3880044255319146       0.10187827659574468        6.3617021276595746E-006
   4.1541324255319143       0.13962170212765959        1.5255319148936169E-005
   5.7923052765957461       0.27006748936170205        2.2021276595744679E-005
   8.3697377872340422       0.53053631914893618        4.5319148936170211E-005
   5.8385119148936164       0.18840076595744681        3.2617021276595736E-005
   1.4348675744680850        6.1124042553191487E-003   1.7021276595744680E-007
   7.9477148936170208E-002   6.9106382978723399E-005   1.6595744680851064E-006
   3.3994978723404255E-002   1.3361702127659574E-005   0.0000000000000000     
   1.9669048085106375        5.6764680851063834E-003   2.1276595744680850E-008
   2.0025957446808516        8.6258085106382994E-003   0.0000000000000000     
   2.1737739574468087        7.8357234042553178E-003   4.4680851063829794E-007
   2.5922886382978718        6.4711489361702120E-003   8.5106382978723400E-008
   1.5248378297872338        3.6108510638297878E-003   6.1702127659574465E-006
   1.2539098723404256        2.4542340425531915E-003   0.0000000000000000     
  0.76229731914893617        1.0053829787234042E-003   0.0000000000000000     
  0.12718378723404250        1.9765957446808510E-005   0.0000000000000000     
   6.2789744680851065E-002   7.0638297872340426E-006   0.0000000000000000     
   3.7733234042553201E-002   0.0000000000000000        0.0000000000000000     
   9.2308521702127653       0.22876746808510640        1.8787234042553192E-005
   8.6118808085106391       0.20042289361702126        1.8893617021276598E-005
   8.3806522978723379       0.20682980851063826        7.5744680851063825E-006
   7.2353625957446797       0.11977304255319150        8.8723404255319148E-006
   5.1362579999999980        5.1951255319148924E-002   1.1106382978723404E-005
   2.9429646382978714        1.8066212765957445E-002   8.1489361702127659E-006
   1.3755630638297875        3.7472978723404257E-003   4.0425531914893619E-007
  0.29160242553191495        6.5695744680851066E-004   4.0425531914893619E-007
   5.3424127659574473E-002   4.4212765957446811E-005   0.0000000000000000     
   7.8253914893617021E-002   0.0000000000000000        0.0000000000000000     
   12.502203702127659       0.99093989361702184        1.9382978723404257E-005
   12.624632936170215        1.0034808936170216        3.2127659574468094E-005
   12.620127702127656       0.97243442553191495        4.5851063829787232E-005
   12.620370510638303       0.89132802127659583        4.8765957446808507E-005
   12.013550425531914       0.66080999999999990        3.6978723404255319E-005
   7.7274903829787220       0.16848321276595746        1.0531914893617022E-005
   2.6926942978723405        1.2909723404255322E-002   8.0638297872340423E-006
  0.67065753191489375        1.1929574468085109E-003   0.0000000000000000     
   4.5612127659574488E-002   1.1957446808510639E-005   0.0000000000000000     
   3.4367617021276602E-002   5.5468085106382978E-005   0.0000000000000000     
   11.179530382978722       0.23070204255319152        2.0808510638297869E-005
   10.887247404255319       0.20470659574468084        2.6595744680851065E-006
   10.063512510638299       0.18744106382978723        1.5851063829787235E-005
   8.0011303404255329       0.10089940425531913        3.6170212765957445E-007
   5.9999336170212745        5.9795510638297904E-002   3.7872340425531912E-006
   2.5605339574468080        1.0552085106382978E-002   0.0000000000000000     
   1.2722587659574467        1.6235531914893617E-003   0.0000000000000000     
  0.33651689361702131        4.4440425531914898E-004   0.0000000000000000     
  0.28394119148936164        2.5361702127659571E-005   0.0000000000000000     
  0.16611982978723402        0.0000000000000000        0.0000000000000000     
