9.928091666765919143e+00
9.934044659126419319e+00
9.866766060513629810e+00
1.000000000000000000e+01
9.928577075496569648e+00
9.932882177159150672e+00
1.000000000000000000e+01
9.953682599122920749e+00
1.738200796510529944e+00
1.348692693783509977e+00
2.009755841144699851e+00
9.629310134846539526e+00
1.000000000000000000e+01
9.980804501317120270e+00
9.998460311204940609e+00
1.000000000000000000e+01
9.912642233996379559e+00
9.929839888970070305e+00
5.363575753025460191e-01
3.499962858443150249e-01
1.002116940468380069e+00
