4.596731561964009671e+00
1.000000000000000000e+01
2.149922485430039831e+00
9.126537999404440882e+00
8.023547904840109268e+00
8.635286071620360104e+00
0.000000000000000000e+00
1.000000000000000000e+01
9.526351425768579517e+00
0.000000000000000000e+00
8.662341901020470303e+00
1.000000000000000000e+01
6.321106809137094946e-03
1.000000000000000000e+01
9.011664700376330828e+00
9.888758199042460006e+00
7.936066596349079738e+00
2.301186895326169934e-01
0.000000000000000000e+00
1.325854421841612084e-02
0.000000000000000000e+00
