9.852038300613559230e+00
9.612021766178129312e+00
1.000000000000000000e+01
1.000000000000000000e+01
1.000000000000000000e+01
1.000000000000000000e+01
9.632634838785179454e+00
1.000000000000000000e+01
1.000000000000000000e+01
9.842591079859829506e+00
9.892099822051459768e+00
1.000000000000000000e+01
9.635819220286819586e+00
1.000000000000000000e+01
1.000000000000000000e+01
9.026564896090649270e+00
8.735252485220840191e-01
1.698837534880429934e-01
0.000000000000000000e+00
2.912210633719369834e-01
2.554148547995350071e+00
