  6.443388000000000E-002  3.016000000000001E-005  0.000000000000000E+000
  6.605963999999999E-002  2.120000000000000E-005  0.000000000000000E+000
  6.850115999999998E-002  5.137999999999999E-005  0.000000000000000E+000
  7.154172000000003E-002  4.358000000000000E-005  0.000000000000000E+000
  7.952640000000001E-002  2.974000000000001E-005  0.000000000000000E+000
  9.754127999999998E-002  7.646000000000000E-005  0.000000000000000E+000
  0.121481520000000       8.408000000000001E-005  0.000000000000000E+000
  0.160885800000000       2.474000000000000E-004  1.900000000000000E-006
  0.215223600000000       4.147800000000000E-004  4.400000000000001E-007
  0.237517560000000       5.321200000000001E-004  3.600000000000000E-007
  2.660760000000001E-003  0.000000000000000E+000  0.000000000000000E+000
  2.453400000000001E-003  0.000000000000000E+000  0.000000000000000E+000
  2.533320000000000E-003  0.000000000000000E+000  0.000000000000000E+000
  3.168360000000000E-003  0.000000000000000E+000  0.000000000000000E+000
  4.392960000000000E-003  0.000000000000000E+000  0.000000000000000E+000
  7.040880000000000E-003  4.800000000000001E-007  0.000000000000000E+000
  1.942812000000001E-002  3.880000000000000E-006  0.000000000000000E+000
  5.112816000000001E-002  9.140000000000001E-006  0.000000000000000E+000
  0.118747440000000       1.621200000000001E-004  0.000000000000000E+000
  0.200114400000000       3.550399999999999E-004  9.799999999999999E-007
  1.206000000000000E-004  0.000000000000000E+000  0.000000000000000E+000
  9.959999999999998E-005  0.000000000000000E+000  0.000000000000000E+000
  9.071999999999999E-005  0.000000000000000E+000  0.000000000000000E+000
  1.112400000000000E-004  0.000000000000000E+000  0.000000000000000E+000
  1.549200000000000E-004  0.000000000000000E+000  0.000000000000000E+000
  5.748000000000001E-004  0.000000000000000E+000  0.000000000000000E+000
  2.205239999999999E-003  0.000000000000000E+000  0.000000000000000E+000
  1.449036000000000E-002  9.000000000000000E-007  0.000000000000000E+000
  6.989112000000000E-002  3.900000000000001E-005  0.000000000000000E+000
  0.164212680000000       1.773800000000000E-004  0.000000000000000E+000
  0.000000000000000E+000  0.000000000000000E+000  0.000000000000000E+000
  0.000000000000000E+000  0.000000000000000E+000  0.000000000000000E+000
  0.000000000000000E+000  0.000000000000000E+000  0.000000000000000E+000
  0.000000000000000E+000  0.000000000000000E+000  0.000000000000000E+000
  6.960000000000000E-006  0.000000000000000E+000  0.000000000000000E+000
  2.400000000000000E-007  0.000000000000000E+000  0.000000000000000E+000
  1.809600000000000E-004  0.000000000000000E+000  0.000000000000000E+000
  3.888359999999999E-003  0.000000000000000E+000  0.000000000000000E+000
  3.607248000000000E-002  7.460000000000001E-006  0.000000000000000E+000
  0.145970640000000       1.639800000000000E-004  1.320000000000000E-006
  0.000000000000000E+000  0.000000000000000E+000  0.000000000000000E+000
  0.000000000000000E+000  0.000000000000000E+000  0.000000000000000E+000
  0.000000000000000E+000  0.000000000000000E+000  0.000000000000000E+000
  0.000000000000000E+000  0.000000000000000E+000  0.000000000000000E+000
  0.000000000000000E+000  0.000000000000000E+000  0.000000000000000E+000
  1.320000000000000E-006  0.000000000000000E+000  0.000000000000000E+000
  3.480000000000000E-005  0.000000000000000E+000  0.000000000000000E+000
  9.244800000000000E-004  0.000000000000000E+000  0.000000000000000E+000
  2.091312000000000E-002  3.480000000000000E-006  0.000000000000000E+000
  0.115032840000000       1.139000000000000E-004  0.000000000000000E+000
  0.777390600000000       5.038020000000000E-003  8.120000000000002E-006
  0.784419840000000       5.275800000000000E-003  3.400000000000000E-007
  0.797199840000000       5.373800000000001E-003  5.080000000000000E-006
  0.821198880000000       5.358600000000000E-003  6.179999999999999E-006
  0.849743040000000       5.717740000000000E-003  1.042000000000000E-005
  0.847319280000000       5.951059999999999E-003  9.599999999999999E-007
  0.242059800000000       8.082800000000001E-004  1.060000000000000E-006
  6.133499999999997E-002  7.141999999999999E-005  2.200000000000000E-006
  4.096416000000000E-002  9.312000000000000E-005  0.000000000000000E+000
  3.889080000000000E-002  5.900000000000000E-005  7.400000000000000E-007
  6.984324000000000E-002  3.406000000000000E-005  0.000000000000000E+000
  6.868031999999999E-002  3.450000000000000E-005  0.000000000000000E+000
  7.918703999999999E-002  3.616000000000000E-005  0.000000000000000E+000
  8.772120000000000E-002  7.983999999999999E-005  0.000000000000000E+000
  0.111116280000000       5.250000000000000E-005  0.000000000000000E+000
  0.170628120000000       1.917799999999999E-004  0.000000000000000E+000
  0.336413040000000       9.255400000000003E-004  0.000000000000000E+000
  0.640197120000000       3.686940000000001E-003  2.440000000000000E-006
  4.561571999999999E-002  5.314000000000000E-005  2.000000000000000E-008
  4.946712000000000E-002  5.956000000000001E-005  0.000000000000000E+000
  4.527480000000000E-003  0.000000000000000E+000  0.000000000000000E+000
  4.361520000000000E-003  1.808000000000000E-005  0.000000000000000E+000
  5.044079999999999E-003  0.000000000000000E+000  0.000000000000000E+000
  5.938440000000001E-003  0.000000000000000E+000  0.000000000000000E+000
  9.533880000000002E-003  1.600000000000000E-007  0.000000000000000E+000
  1.914660000000001E-002  3.180000000000000E-006  0.000000000000000E+000
  7.144128000000000E-002  5.228000000000000E-005  0.000000000000000E+000
  0.276250440000000       8.431199999999997E-004  2.000000000000000E-008
  0.239538840000000       8.860399999999998E-004  0.000000000000000E+000
  2.917008000000000E-002  6.120000000000000E-006  0.000000000000000E+000
  1.430400000000000E-004  0.000000000000000E+000  0.000000000000000E+000
  1.336800000000000E-004  0.000000000000000E+000  0.000000000000000E+000
  1.701600000000000E-004  0.000000000000000E+000  0.000000000000000E+000
  2.212800000000000E-004  0.000000000000000E+000  0.000000000000000E+000
  4.014000000000000E-004  0.000000000000000E+000  0.000000000000000E+000
  1.267320000000000E-003  0.000000000000000E+000  0.000000000000000E+000
  1.059468000000000E-002  0.000000000000000E+000  0.000000000000000E+000
  0.104698680000000       7.302000000000000E-005  0.000000000000000E+000
  0.500181480000000       1.996780000000000E-003  1.208000000000000E-005
  4.968948000000000E-002  9.630000000000000E-005  0.000000000000000E+000
  0.000000000000000E+000  0.000000000000000E+000  0.000000000000000E+000
  2.640000000000000E-006  0.000000000000000E+000  0.000000000000000E+000
  0.000000000000000E+000  0.000000000000000E+000  0.000000000000000E+000
  0.000000000000000E+000  0.000000000000000E+000  0.000000000000000E+000
  1.548000000000000E-005  0.000000000000000E+000  0.000000000000000E+000
  5.327999999999999E-005  0.000000000000000E+000  0.000000000000000E+000
  1.811520000000000E-003  0.000000000000000E+000  0.000000000000000E+000
  3.298644000000000E-002  6.420000000000000E-006  0.000000000000000E+000
  0.359947440000000       9.980799999999999E-004  1.000000000000000E-007
  3.733236000000000E-002  4.538000000000000E-005  0.000000000000000E+000
   1.48729116000000       1.955322000000000E-002  1.320000000000000E-005
   1.55108244000000       1.924748000000000E-002  2.888000000000000E-005
   1.34445720000000       1.574214000000000E-002  1.134000000000000E-005
   1.25743296000000       1.228892000000000E-002  8.800000000000002E-006
  0.854241720000000       6.921279999999999E-003  1.728000000000000E-005
  0.344432280000000       1.353760000000000E-003  1.070000000000000E-005
  0.191096880000000       4.091000000000000E-004  0.000000000000000E+000
  0.111834720000000       2.068400000000000E-004  1.200000000000000E-007
  6.670692000000000E-002  6.112000000000000E-005  0.000000000000000E+000
  8.126339999999999E-002  2.012800000000000E-004  2.200000000000000E-007
  0.958977000000000       7.803319999999999E-003  3.760000000000000E-006
  0.988885560000000       8.410300000000001E-003  1.026000000000000E-005
  0.984294480000000       7.605440000000002E-003  5.400000000000000E-007
   1.11873012000000       1.059302000000000E-002  1.920000000000000E-006
   1.27848792000000       1.438648000000000E-002  6.920000000000000E-006
   1.62509172000000       2.229898000000000E-002  5.480000000000001E-006
   1.84603020000000       2.740154000000000E-002  2.224000000000000E-005
  0.255735960000000       8.644400000000000E-004  1.100000000000000E-006
  8.049047999999999E-002  3.577800000000000E-004  2.200000000000000E-007
  8.321135999999997E-002  1.910600000000000E-004  0.000000000000000E+000
  0.104608320000000       1.023600000000000E-004  0.000000000000000E+000
  0.113146080000000       9.732000000000000E-005  0.000000000000000E+000
  0.121318080000000       9.172000000000000E-005  0.000000000000000E+000
  0.139518120000000       1.636800000000000E-004  0.000000000000000E+000
  0.203916960000000       3.523600000000000E-004  0.000000000000000E+000
  0.391506360000000       1.068900000000000E-003  1.200000000000000E-007
  0.907180680000000       7.197079999999998E-003  4.000000000000000E-008
   1.37461968000000       1.549520000000000E-002  7.220000000000002E-006
  8.243291999999998E-002  1.697800000000000E-004  6.000000000000001E-008
  6.863663999999997E-002  9.769999999999999E-005  0.000000000000000E+000
  6.455039999999999E-003  3.740000000000000E-006  0.000000000000000E+000
  6.173639999999999E-003  0.000000000000000E+000  0.000000000000000E+000
  8.073479999999999E-003  7.200000000000000E-007  0.000000000000000E+000
  1.046124000000000E-002  0.000000000000000E+000  0.000000000000000E+000
  1.865952000000000E-002  0.000000000000000E+000  0.000000000000000E+000
  5.687724000000000E-002  2.602000000000000E-005  0.000000000000000E+000
  0.250727400000000       5.194200000000001E-004  0.000000000000000E+000
   1.09998852000000       9.773359999999997E-003  7.480000000000000E-006
  0.119113200000000       1.630600000000001E-004  3.200000000000000E-007
  0.109352280000000       1.976600000000000E-004  3.000000000000000E-007
  1.994400000000000E-004  0.000000000000000E+000  0.000000000000000E+000
  2.467200000000000E-004  0.000000000000000E+000  0.000000000000000E+000
  2.406000000000000E-004  0.000000000000000E+000  0.000000000000000E+000
  5.224800000000001E-004  0.000000000000000E+000  0.000000000000000E+000
  1.557840000000000E-003  0.000000000000000E+000  0.000000000000000E+000
  4.938719999999999E-003  0.000000000000000E+000  0.000000000000000E+000
  5.117244000000002E-002  3.000000000000000E-006  0.000000000000000E+000
  0.536343120000000       2.434100000000000E-003  7.600000000000000E-007
  0.241388760000000       6.873600000000000E-004  1.108000000000000E-005
  6.181560000000000E-002  1.107400000000000E-004  4.000000000000000E-007
   1.09680228000000       7.018919999999999E-003  9.900000000000000E-006
   1.08931584000000       7.188660000000002E-003  3.500000000000000E-006
  0.975153480000000       5.770460000000000E-003  7.919999999999999E-006
  0.825284040000000       3.691040000000000E-003  9.520000000000000E-006
  0.643749840000000       3.020740000000000E-003  0.000000000000000E+000
  0.314499600000000       5.146600000000000E-004  0.000000000000000E+000
  0.156148080000000       4.363200000000000E-004  1.200000000000000E-007
  0.122997840000000       2.415800000000000E-004  0.000000000000000E+000
  0.142447320000000       3.010000000000000E-004  0.000000000000000E+000
  9.259164000000000E-002  1.306600000000000E-004  0.000000000000000E+000
   4.50314340000000       0.167180040000000       4.568000000000000E-005
   4.55082444000000       0.167202660000000       1.564000000000000E-005
   4.69797120000000       0.181984400000000       3.140000000000000E-005
   4.55210892000000       0.161483440000000       3.594000000000000E-005
   4.40704260000000       0.153443060000000       2.926000000000000E-005
   3.55045056000000       9.647773999999998E-002  2.191999999999999E-005
   1.63685916000000       2.077691999999999E-002  1.418000000000000E-005
  0.228057960000000       5.714600000000000E-004  1.200000000000000E-006
  0.147075600000000       3.901600000000000E-004  0.000000000000000E+000
  8.736035999999998E-002  2.947800000000001E-004  0.000000000000000E+000
   1.40082648000000       1.614438000000000E-002  6.200000000000000E-007
   1.35263268000000       1.508388000000000E-002  1.940000000000000E-006
   1.50102444000000       1.813496000000001E-002  6.400000000000000E-007
   1.68624564000000       2.465681999999999E-002  1.220000000000000E-006
   2.14837752000000       3.765350000000001E-002  3.280000000000001E-006
   2.91545952000000       6.855024000000000E-002  1.908000000000000E-005
   3.47212380000000       9.457968000000000E-002  1.278000000000000E-005
  0.719026560000000       5.241160000000000E-003  4.000000000000000E-008
  0.136227240000000       3.888399999999999E-004  2.400000000000000E-007
  0.144820800000000       2.023800000000000E-004  0.000000000000000E+000
  0.157105800000000       2.154599999999999E-004  0.000000000000000E+000
  0.180270840000000       2.185800000000000E-004  0.000000000000000E+000
  0.192345600000000       2.140000000000001E-004  0.000000000000000E+000
  0.247120680000000       4.561800000000000E-004  0.000000000000000E+000
  0.399746280000000       9.709799999999998E-004  8.400000000000000E-007
  0.819999240000000       5.788620000000001E-003  1.800000000000000E-007
   2.16980496000000       4.135166000000000E-002  1.200000000000000E-007
   2.23894728000000       3.848074000000001E-002  1.334000000000000E-005
  0.144706560000000       3.509599999999999E-004  4.000000000000000E-008
  7.985207999999998E-002  7.388000000000000E-005  0.000000000000000E+000
  1.203780000000000E-002  0.000000000000000E+000  0.000000000000000E+000
  1.616496000000000E-002  1.234000000000000E-005  0.000000000000000E+000
  1.716996000000000E-002  2.360000000000000E-006  0.000000000000000E+000
  2.404212000000001E-002  2.302000000000000E-005  0.000000000000000E+000
  4.669488000000001E-002  1.296000000000000E-005  0.000000000000000E+000
  0.139457640000000       1.963200000000000E-004  0.000000000000000E+000
  0.778244760000000       4.838699999999999E-003  5.260000000000000E-006
   2.68239396000000       6.017304000000001E-002  2.908000000000000E-005
  0.196744080000000       4.725399999999999E-004  0.000000000000000E+000
  7.529712000000000E-002  1.215600000000000E-004  0.000000000000000E+000
  0.648118440000000       1.653940000000000E-003  6.980000000000001E-006
  0.599849040000000       1.836760000000000E-003  0.000000000000000E+000
  0.562900200000000       1.344000000000000E-003  0.000000000000000E+000
  0.482535120000000       7.118800000000000E-004  4.200000000000000E-007
  0.414775320000000       8.001400000000000E-004  0.000000000000000E+000
  0.209910720000000       2.119400000000000E-004  2.000000000000000E-008
  0.140873280000000       3.938800000000000E-004  0.000000000000000E+000
  7.777380000000000E-002  1.301800000000000E-004  0.000000000000000E+000
  7.925291999999998E-002  8.132000000000000E-005  0.000000000000000E+000
  6.546443999999998E-002  4.039999999999999E-005  0.000000000000000E+000
   4.83213324000000       0.114206280000000       1.550000000000000E-005
   4.48123332000000       0.105865280000000       1.168000000000000E-005
   4.49562996000000       9.792392000000000E-002  3.214000000000000E-005
   3.93973968000000       7.625617999999998E-002  1.564000000000000E-005
   3.57909432000000       6.060498000000004E-002  3.134000000000000E-005
   2.59879044000000       2.755663999999999E-002  6.760000000000000E-006
  0.943309800000000       3.874420000000000E-003  0.000000000000000E+000
  0.164747280000000       1.494600000000000E-004  0.000000000000000E+000
  6.725424000000001E-002  5.754000000000000E-005  0.000000000000000E+000
  7.658028000000000E-002  3.494000000000000E-005  8.200000000000000E-007
   7.07756772000000       0.374206760000000       5.560000000000001E-005
   6.89318592000000       0.377413340000000       3.614000000000000E-005
   6.93733896000000       0.384171040000000       3.520000000000001E-005
   6.95499324000000       0.379293840000000       3.622000000000000E-005
   6.98513724000000       0.355765500000000       2.582000000000000E-005
   5.90254248000000       0.247294360000000       6.366000000000001E-005
   3.02330100000000       5.315113999999999E-002  2.328000000000000E-005
  0.371242560000000       1.804799999999999E-003  0.000000000000000E+000
  0.102414960000000       3.612000000000000E-005  0.000000000000000E+000
  8.771832000000002E-002  1.413600000000000E-004  0.000000000000000E+000
   2.07920832000000       3.725928000000001E-002  4.400000000000000E-007
   2.09187360000000       3.471046000000000E-002  4.740000000000000E-006
   2.38010136000000       4.539270000000000E-002  6.420000000000000E-006
   2.65663176000000       5.459500000000000E-002  8.720000000000000E-006
   3.44380500000000       0.103639040000000       1.156000000000000E-005
   5.24349984000000       0.227302200000000       6.140000000000000E-006
   5.38306560000000       0.211567700000000       3.750000000000000E-005
   1.42255680000000       1.137028000000000E-002  7.700000000000001E-006
  0.144303720000000       1.045200000000000E-004  0.000000000000000E+000
  8.797799999999999E-002  3.592000000000000E-005  4.000000000000000E-007
  0.289120800000000       7.868599999999998E-004  0.000000000000000E+000
  0.306416760000000       4.446200000000000E-004  0.000000000000000E+000
  0.317377680000000       8.269400000000001E-004  0.000000000000000E+000
  0.434851080000000       1.240740000000000E-003  0.000000000000000E+000
  0.691952280000000       3.757660000000000E-003  1.840000000000000E-006
   1.76638416000000       2.733300000000000E-002  1.328000000000000E-005
   4.65582192000000       0.182647600000000       1.806000000000000E-005
   2.77613364000000       5.067756000000000E-002  1.214000000000000E-005
  0.141575280000000       1.721200000000000E-004  0.000000000000000E+000
  7.483764000000000E-002  1.051200000000000E-004  0.000000000000000E+000
  0.462812640000000       6.679999999999999E-004  0.000000000000000E+000
  0.381636720000000       3.705600000000000E-004  0.000000000000000E+000
  0.309048360000000       5.078000000000000E-004  0.000000000000000E+000
  0.236245080000000       4.592800000000001E-004  0.000000000000000E+000
  0.242151720000000       5.353400000000000E-004  0.000000000000000E+000
  0.115827120000000       5.844000000000000E-005  0.000000000000000E+000
  7.856615999999998E-002  1.800000000000000E-007  0.000000000000000E+000
  0.180299760000000       3.480000000000000E-006  0.000000000000000E+000
  5.413691999999999E-002  1.180000000000000E-005  0.000000000000000E+000
  2.546148000000001E-002  0.000000000000000E+000  0.000000000000000E+000
   1.91246940000000       1.050290000000000E-002  3.340000000000000E-006
   1.77727956000000       7.786780000000000E-003  8.899999999999999E-006
   1.68894324000000       6.698920000000001E-003  8.000000000000000E-008
   1.79090964000000       9.622579999999999E-003  2.340000000000000E-006
   1.70574672000000       7.312900000000000E-003  2.360000000000000E-006
   1.21944996000000       4.336360000000000E-003  0.000000000000000E+000
  0.406790160000000       7.695200000000001E-004  0.000000000000000E+000
  0.122467200000000       1.623600000000000E-004  0.000000000000000E+000
  7.374024000000001E-002  9.015999999999999E-005  0.000000000000000E+000
  7.908324000000000E-002  3.508000000000000E-005  0.000000000000000E+000
   6.63320364000000       0.165568740000000       3.072000000000000E-005
   7.21753800000000       0.202885780000000       1.820000000000000E-005
   6.55175280000000       0.162439880000000       1.688000000000000E-005
   5.69920272000000       0.118272520000000       2.274000000000000E-005
   4.54034736000000       6.446984000000003E-002  1.154000000000000E-005
   3.23496612000000       3.118659999999999E-002  2.140000000000000E-006
   1.55075268000000       8.463360000000001E-003  3.660000000000000E-006
  0.275193360000000       4.413200000000000E-004  1.100000000000000E-006
  4.548155999999999E-002  4.160000000000000E-006  0.000000000000000E+000
  3.939048000000000E-002  0.000000000000000E+000  0.000000000000000E+000
   9.61688640000000       0.675880320000000       3.962000000000000E-005
   9.58314372000000       0.701741100000000       5.348000000000000E-005
   9.71621580000000       0.676774860000000       3.740000000000000E-005
   9.80074320000000       0.671171380000000       4.868000000000000E-005
   9.74043204000000       0.606718040000000       4.466000000000000E-005
   6.99778044000000       0.265632980000000       1.652000000000000E-005
   3.13106136000000       3.857344000000001E-002  1.200000000000000E-006
  0.653295120000000       1.936940000000000E-003  0.000000000000000E+000
  5.984484000000000E-002  6.640000000000000E-005  0.000000000000000E+000
  4.048464000000000E-002  1.429800000000000E-004  0.000000000000000E+000
   3.13901376000000       7.783872000000000E-002  6.600000000000000E-006
   3.33598440000000       8.795991999999998E-002  5.920000000000001E-006
   3.49818408000000       9.804413999999997E-002  1.230000000000000E-005
   3.97087452000000       0.129623540000000       1.316000000000000E-005
   5.63210976000000       0.254019400000000       4.120000000000000E-006
   8.35871112000000       0.538660240000000       2.862000000000000E-005
   6.24476052000000       0.206117560000000       4.269999999999999E-005
   1.41985416000000       8.050260000000000E-003  4.800000000000001E-007
  9.484343999999999E-002  1.540800000000000E-004  0.000000000000000E+000
  6.220787999999997E-002  2.420000000000000E-006  0.000000000000000E+000
   2.08325892000000       8.496179999999999E-003  0.000000000000000E+000
   2.14824144000000       6.885999999999999E-003  9.680000000000000E-006
   2.06823696000000       4.859200000000000E-003  6.260000000000000E-006
   1.76541768000000       4.075220000000001E-003  1.000000000000000E-006
   1.58866596000000       6.313100000000000E-003  1.200000000000000E-007
   1.32736896000000       1.344600000000000E-003  0.000000000000000E+000
  0.698502480000000       1.721680000000000E-003  0.000000000000000E+000
  0.129188400000000       1.119400000000000E-004  0.000000000000000E+000
  5.224332000000000E-002  5.400000000000000E-007  0.000000000000000E+000
  2.139540000000000E-002  0.000000000000000E+000  0.000000000000000E+000
   8.39789448000000       0.194547900000000       6.920000000000000E-006
   8.37094764000000       0.202555680000000       9.640000000000001E-006
   7.77308928000000       0.167481600000000       7.799999999999999E-007
   7.24217472000000       0.124955520000000       6.340000000000001E-006
   5.54227440000000       6.468043999999998E-002  9.600000000000000E-006
   2.49383676000000       1.411866000000000E-002  3.540000000000000E-006
   1.46347764000000       3.658020000000000E-003  3.600000000000000E-007
  0.228574920000000       1.836200000000000E-004  0.000000000000000E+000
  7.226856000000002E-002  3.956000000000000E-005  0.000000000000000E+000
  3.986124000000000E-002  0.000000000000000E+000  0.000000000000000E+000
   12.6093892800000       0.992289300000000       2.302000000000000E-005
   12.6690241200000       0.973773220000000       3.682000000000000E-005
   13.1362431600000        1.00986374000000       2.668000000000000E-005
   13.1116062000000       0.955243320000000       3.134000000000000E-005
   12.2764125600000       0.695044820000000       2.224000000000000E-005
   7.66305468000000       0.222465940000000       1.546000000000000E-005
   2.81610276000000       1.948538000000000E-002  9.140000000000001E-006
  0.776834400000000       2.052280000000000E-003  0.000000000000000E+000
  5.637492000000001E-002  1.762000000000000E-005  0.000000000000000E+000
  2.301731999999999E-002  0.000000000000000E+000  0.000000000000000E+000
   10.4090036400000       0.192766020000000       7.940000000000000E-006
   10.7234793600000       0.199891840000000       2.359999999999999E-006
   9.68265072000000       0.190767500000000       2.980000000000000E-006
   8.74852572000000       0.102122320000000       3.800000000000000E-006
   6.34731396000000       5.785172000000000E-002  8.000000000000000E-008
   1.84035168000000       2.861340000000000E-003  0.000000000000000E+000
   1.06606176000000       4.886580000000000E-003  0.000000000000000E+000
  0.257413080000000       5.341600000000000E-004  0.000000000000000E+000
  8.166132000000000E-002  5.890000000000000E-005  0.000000000000000E+000
  0.114983160000000       0.000000000000000E+000  0.000000000000000E+000
