   6.6400595744680851E-002   2.2319148936170215E-005   0.0000000000000000     
   6.3998808510638300E-002   5.7255319148936160E-005   0.0000000000000000     
   6.5901702127659556E-002   2.8936170212765959E-005   0.0000000000000000     
   7.0560765957446800E-002   2.5276595744680858E-005   0.0000000000000000     
   7.8914425531914897E-002   5.4765957446808497E-005   4.6808510638297873E-007
   8.6550127659574427E-002   6.0595744680851067E-005   2.1276595744680850E-008
  0.11979408510638297        1.0091489361702127E-004   0.0000000000000000     
  0.16361629787234042        2.0676595744680853E-004   4.2553191489361700E-008
  0.20688331914893623        3.3495744680851064E-004   7.4468085106382969E-007
  0.23400548936170201        4.8025531914893619E-004   7.4468085106382969E-007
   2.4491489361702133E-003   0.0000000000000000        0.0000000000000000     
   2.7455744680851056E-003   6.3829787234042553E-008   0.0000000000000000     
   3.6947234042553185E-003   0.0000000000000000        0.0000000000000000     
   3.6025531914893618E-003   0.0000000000000000        0.0000000000000000     
   5.1607659574468071E-003   0.0000000000000000        0.0000000000000000     
   8.9925957446808473E-003   7.8723404255319149E-007   0.0000000000000000     
   1.9266382978723403E-002   2.2765957446808512E-006   0.0000000000000000     
   5.2346297872340401E-002   2.4659574468085107E-005   0.0000000000000000     
  0.11856548936170215        1.0823404255319151E-004   2.1276595744680850E-008
  0.20938085106382981        3.4519148936170210E-004   0.0000000000000000     
   6.6638297872340435E-005   0.0000000000000000        0.0000000000000000     
   4.0212765957446809E-005   0.0000000000000000        0.0000000000000000     
   9.3957446808510636E-005   0.0000000000000000        0.0000000000000000     
   1.6072340425531915E-004   0.0000000000000000        0.0000000000000000     
   1.5472340425531914E-004   0.0000000000000000        0.0000000000000000     
   8.0323404255319166E-004   0.0000000000000000        0.0000000000000000     
   1.9665957446808511E-003   0.0000000000000000        0.0000000000000000     
   1.5403404255319147E-002   2.1276595744680849E-007   2.1276595744680852E-007
   7.4202382978723405E-002   6.3978723404255298E-005   0.0000000000000000     
  0.17475804255319152        2.3808510638297873E-004   7.6595744680851069E-007
   3.0638297872340428E-006   0.0000000000000000        0.0000000000000000     
   0.0000000000000000        0.0000000000000000        0.0000000000000000     
   0.0000000000000000        0.0000000000000000        0.0000000000000000     
   0.0000000000000000        0.0000000000000000        0.0000000000000000     
   1.7489361702127659E-005   0.0000000000000000        0.0000000000000000     
   3.3319148936170218E-005   0.0000000000000000        0.0000000000000000     
   4.5931914893617023E-004   0.0000000000000000        0.0000000000000000     
   3.9278297872340408E-003   0.0000000000000000        0.0000000000000000     
   3.6425617021276599E-002   1.0170212765957448E-005   0.0000000000000000     
  0.14343063829787236        1.6989361702127661E-004   0.0000000000000000     
   0.0000000000000000        0.0000000000000000        0.0000000000000000     
   0.0000000000000000        0.0000000000000000        0.0000000000000000     
   0.0000000000000000        0.0000000000000000        0.0000000000000000     
   0.0000000000000000        0.0000000000000000        0.0000000000000000     
   0.0000000000000000        0.0000000000000000        0.0000000000000000     
   1.2765957446808510E-006   0.0000000000000000        0.0000000000000000     
   8.3617021276595729E-005   0.0000000000000000        0.0000000000000000     
   1.1857021276595744E-003   0.0000000000000000        0.0000000000000000     
   2.1672382978723405E-002   1.6234042553191491E-005   0.0000000000000000     
  0.11778561702127655        1.1923404255319154E-004   7.6595744680851069E-007
  0.77114948936170236        4.6953404255319145E-003   8.9361702127659558E-006
  0.79261187234042552        5.2709787234042548E-003   1.0851063829787235E-005
  0.81205659574468103        5.4510212765957440E-003   4.4680851063829788E-006
  0.80266212765957456        5.7472553191489388E-003   2.5319148936170216E-006
  0.80532242553191480        5.2630212765957434E-003   3.2553191489361704E-006
  0.79967859574468092        5.5487659574468082E-003   8.8085106382978721E-006
  0.28794548936170206        8.7882978723404263E-004   1.5531914893617019E-006
   5.1564255319148926E-002   7.6063829787234049E-005   2.7659574468085106E-007
   2.8118170212765952E-002   2.3808510638297871E-005   0.0000000000000000     
   2.2645404255319156E-002   4.3085106382978732E-005   5.5319148936170212E-007
   7.1134595744680854E-002   6.9914893617021277E-005   0.0000000000000000     
   7.5782042553191473E-002   6.5170212765957455E-005   0.0000000000000000     
   7.9570212765957452E-002   5.6957446808510631E-005   0.0000000000000000     
   9.5290212765957436E-002   6.2297872340425539E-005   0.0000000000000000     
  0.10782178723404254        4.6382978723404260E-005   0.0000000000000000     
  0.16480685106382978        2.4678723404255329E-004   0.0000000000000000     
  0.33552025531914892        1.0189999999999999E-003   0.0000000000000000     
  0.61741531914893610        3.1081702127659584E-003   6.8510638297872344E-006
   3.4051787234042549E-002   8.6808510638297884E-006   0.0000000000000000     
   3.9825319148936174E-002   5.4510638297872340E-005   0.0000000000000000     
   2.9310638297872335E-003   0.0000000000000000        0.0000000000000000     
   6.1046808510638309E-003   0.0000000000000000        0.0000000000000000     
   4.5426382978723413E-003   0.0000000000000000        0.0000000000000000     
   6.1571489361702137E-003   0.0000000000000000        0.0000000000000000     
   9.2633617021276593E-003   0.0000000000000000        0.0000000000000000     
   2.2146510638297871E-002   4.9148936170212768E-006   0.0000000000000000     
   7.1574127659574480E-002   3.3489361702127665E-005   0.0000000000000000     
  0.27823978723404258        6.0385106382978724E-004   1.9787234042553190E-006
  0.27182017021276594        8.3655319148936177E-004   1.7021276595744679E-006
   4.1523319148936179E-002   6.8574468085106385E-005   0.0000000000000000     
   5.9872340425531906E-005   0.0000000000000000        0.0000000000000000     
   9.0255319148936156E-005   0.0000000000000000        0.0000000000000000     
   2.0017021276595744E-004   0.0000000000000000        0.0000000000000000     
   2.6195744680851060E-004   0.0000000000000000        0.0000000000000000     
   6.3919148936170220E-004   0.0000000000000000        0.0000000000000000     
   1.6978723404255317E-003   0.0000000000000000        0.0000000000000000     
   1.1637191489361704E-002   0.0000000000000000        0.0000000000000000     
  0.10760770212765958        1.2157446808510636E-004   0.0000000000000000     
  0.52404229787234025        2.1840638297872346E-003   2.6170212765957443E-006
   2.8776510638297861E-002   1.2659574468085106E-005   0.0000000000000000     
   1.5319148936170214E-006   0.0000000000000000        0.0000000000000000     
   1.7872340425531918E-006   0.0000000000000000        0.0000000000000000     
   1.9531914893617022E-005   0.0000000000000000        0.0000000000000000     
   2.8085106382978724E-006   0.0000000000000000        0.0000000000000000     
   2.0425531914893617E-006   0.0000000000000000        0.0000000000000000     
   2.0182978723404254E-004   0.0000000000000000        0.0000000000000000     
   2.3539148936170210E-003   0.0000000000000000        0.0000000000000000     
   3.5844000000000008E-002   4.2255319148936168E-005   0.0000000000000000     
  0.35043548936170221        9.7799999999999970E-004   2.5744680851063834E-006
   2.7398170212765954E-002   8.8936170212765957E-006   0.0000000000000000     
   1.4987879999999996        1.7544276595744680E-002   8.7659574468085120E-006
   1.5432873191489358        1.9907638297872340E-002   9.8510638297872345E-006
   1.4741623404255315        1.8816297872340428E-002   1.5446808510638296E-005
   1.1084817446808513        1.1287638297872339E-002   1.0191489361702129E-005
  0.83719608510638310        6.4354042553191500E-003   2.2446808510638297E-005
  0.40981161702127650        1.5520212765957446E-003   2.4893617021276593E-006
  0.16838527659574468        6.3253191489361712E-004   0.0000000000000000     
  0.12372472340425535        2.7346808510638295E-004   0.0000000000000000     
   9.1252212765957463E-002   2.1414893617021275E-004   0.0000000000000000     
   8.3905787234042573E-002   2.3759574468085109E-004   3.4680851063829790E-006
  0.99242438297872360        7.0112978723404296E-003   3.0851063829787233E-006
  0.99942485106382950        6.8689148936170201E-003   1.0638297872340426E-007
   1.0280429361702126        9.4580425531914872E-003   1.7021276595744680E-007
   1.1132360425531915        1.0489234042553192E-002   5.8297872340425530E-006
   1.2616120851063828        1.4278319148936167E-002   7.6595744680851052E-006
   1.5896078297872347        2.0015446808510636E-002   1.3191489361702131E-005
   1.7765669361702130        2.6339553191489368E-002   1.9617021276595745E-005
  0.32720948936170202        1.3129148936170212E-003   6.8723404255319145E-006
  0.10815140425531913        4.6027659574468077E-004   0.0000000000000000     
  0.11068008510638304        2.9002127659574469E-004   0.0000000000000000     
  0.10554025531914892        4.1723404255319141E-005   0.0000000000000000     
  0.13273519148936166        9.3744680851063817E-005   0.0000000000000000     
  0.12171587234042548        1.2919148936170214E-004   0.0000000000000000     
  0.14072412765957448        1.7306382978723406E-004   0.0000000000000000     
  0.19911472340425537        2.8276595744680856E-004   0.0000000000000000     
  0.38472140425531909        1.0528510638297874E-003   0.0000000000000000     
  0.90466557446808515        6.8694680851063812E-003   2.0638297872340426E-006
   1.4277421276595748        1.6035234042553189E-002   5.1063829787234041E-006
  0.11119748936170214        2.7872340425531920E-004   1.1702127659574467E-006
   6.6927574468085116E-002   2.4559574468085109E-004   4.6808510638297873E-007
   6.5429361702127650E-003   0.0000000000000000        0.0000000000000000     
   6.7512765957446815E-003   0.0000000000000000        0.0000000000000000     
   1.0489531914893619E-002   0.0000000000000000        0.0000000000000000     
   1.6465659574468081E-002   1.2765957446808511E-007   0.0000000000000000     
   1.8681574468085098E-002   0.0000000000000000        0.0000000000000000     
   5.6283829787234042E-002   5.5127659574468084E-005   0.0000000000000000     
  0.24544276595744677        6.3727659574468111E-004   0.0000000000000000     
   1.1168805957446806        1.0470170212765955E-002   8.8297872340425547E-006
  0.10743255319148932        3.0531914893617017E-004   8.7234042553191487E-007
   6.3754212765957441E-002   1.6425531914893621E-004   0.0000000000000000     
   4.0621276595744686E-004   0.0000000000000000        0.0000000000000000     
   7.8421276595744673E-004   0.0000000000000000        0.0000000000000000     
   5.4612765957446805E-004   0.0000000000000000        0.0000000000000000     
   1.2188936170212765E-003   0.0000000000000000        0.0000000000000000     
   1.0600851063829787E-003   0.0000000000000000        0.0000000000000000     
   7.3325106382978733E-003   0.0000000000000000        0.0000000000000000     
   5.5373234042553184E-002   1.0829787234042554E-005   0.0000000000000000     
  0.53903182978723418        2.3811276595744691E-003   1.9148936170212767E-007
  0.25993927659574473        1.0812553191489359E-003   7.4893617021276597E-006
   8.4019659574468067E-002   2.0251063829787236E-004   4.4680851063829788E-006
   1.1746253617021278        7.0464893617021270E-003   4.1276595744680852E-006
   1.0660792340425533        6.8318510638297868E-003   2.4468085106382980E-006
   1.1537419148936168        6.6575531914893618E-003   4.9361702127659577E-006
  0.93896923404255339        5.2491489361702120E-003   3.8297872340425535E-007
  0.70509625531914899        2.7171702127659577E-003   6.4042553191489364E-006
  0.35766357446808517        7.8442553191489359E-004   0.0000000000000000     
  0.26286651063829780        5.3593617021276596E-004   0.0000000000000000     
  0.10134842553191489        1.7976595744680852E-004   0.0000000000000000     
  0.11196140425531914        1.2697872340425531E-004   5.8936170212765957E-006
  0.10128472340425533        1.1646808510638297E-004   0.0000000000000000     
   4.5164470212765968       0.16772331914893615        2.8936170212765959E-005
   4.4916057446808511       0.16397955319148935        1.8957446808510639E-005
   4.4837165106382981       0.16638657446808514        2.9063829787234045E-005
   4.6423722127659568       0.16858304255319151        3.5042553191489362E-005
   4.3673085957446807       0.15375908510638300        3.1659574468085111E-005
   3.7203732765957431       0.10518742553191492        2.4234042553191489E-005
   1.7307418723404255        2.0449553191489361E-002   1.5255319148936168E-005
  0.15597880851063831        1.3891489361702125E-004   0.0000000000000000     
  0.13034068085106382        2.1063829787234045E-004   4.0851063829787234E-006
   8.2663276595744670E-002   1.6240425531914891E-004   0.0000000000000000     
   1.4196105957446812        1.6033489361702121E-002   1.8723404255319149E-006
   1.4227719574468081        1.7374936170212765E-002   4.2978723404255324E-006
   1.5245508510638299        1.5903085106382976E-002   7.8723404255319142E-006
   1.6744752765957447        2.3654808510638298E-002   1.7446808510638297E-006
   2.0980498723404257        3.6651957446808513E-002   1.8510638297872340E-006
   2.9972377021276588        7.3866319148936183E-002   9.1276595744680856E-006
   3.4416407234042543        9.7515936170212786E-002   2.6531914893617023E-005
  0.77371417021276589        4.7689787234042541E-003   8.7021276595744693E-006
  0.13626319148936170        3.3187234042553193E-004   0.0000000000000000     
   9.5368978723404260E-002   9.3148936170212758E-005   0.0000000000000000     
  0.17244740425531915        1.9963829787234043E-004   0.0000000000000000     
  0.18161719148936173        3.0419148936170208E-004   0.0000000000000000     
  0.19498097872340431        3.9712765957446817E-004   0.0000000000000000     
  0.24454672340425535        7.4921276595744696E-004   0.0000000000000000     
  0.36418034042553171        1.1012765957446808E-003   0.0000000000000000     
  0.82490770212765974        5.7400000000000029E-003   5.3404255319148931E-006
   2.1734754893617017        3.8262446808510632E-002   9.8936170212765946E-006
   2.2232339999999997        4.1051000000000018E-002   6.1702127659574482E-006
  0.11150246808510640        2.5708510638297870E-004   0.0000000000000000     
  0.11499919148936170        1.1797872340425531E-004   0.0000000000000000     
   1.4549234042553193E-002   0.0000000000000000        0.0000000000000000     
   1.5564638297872340E-002   0.0000000000000000        0.0000000000000000     
   1.7533531914893617E-002   0.0000000000000000        0.0000000000000000     
   2.1688723404255320E-002   1.8723404255319149E-006   0.0000000000000000     
   4.0932000000000003E-002   2.6893617021276593E-005   0.0000000000000000     
  0.14787510638297874        1.4987234042553190E-004   0.0000000000000000     
  0.79450953191489382        5.3033404255319154E-003   1.7872340425531913E-006
   2.6599340425531914        5.8251021276595746E-002   1.7085106382978723E-005
  0.17719506382978722        1.6655319148936170E-004   2.1276595744680850E-008
  0.14569748936170213        2.1789361702127664E-004   0.0000000000000000     
  0.60597982978723419        1.8864680851063834E-003   0.0000000000000000     
  0.60168906382978726        1.5787021276595747E-003   0.0000000000000000     
  0.60427493617021277        2.1371914893617019E-003   3.3617021276595741E-006
  0.55854446808510627        1.0373404255319149E-003   0.0000000000000000     
  0.38051987234042550        7.8727659574468086E-004   0.0000000000000000     
  0.22487068085106385        3.1146808510638301E-004   0.0000000000000000     
  0.11105974468085107        6.8957446808510638E-005   0.0000000000000000     
   7.6556808510638286E-002   5.4702127659574466E-005   0.0000000000000000     
   5.0258936170212765E-002   1.0638297872340426E-007   0.0000000000000000     
   7.5031021276595750E-002   7.3425531914893624E-005   0.0000000000000000     
   4.7252604255319159       0.12036719148936169        3.7765957446808511E-005
   4.6305734042553190       0.11260297872340426        2.1489361702127661E-005
   4.5820665957446796       0.10300038297872344        1.9765957446808510E-005
   4.0499448510638283        8.1001340425531920E-002   3.2340425531914893E-005
   3.5098192340425536        5.5759744680851063E-002   1.0680851063829788E-005
   2.3724274468085111        2.5164914893617028E-002   9.6595744680851064E-006
  0.92891872340425485        3.4898085106382986E-003   2.7659574468085106E-007
  0.14133421276595740        3.0878723404255322E-004   0.0000000000000000     
   5.9353659574468087E-002   8.1893617021276598E-005   0.0000000000000000     
   7.8609829787234048E-002   1.5997872340425530E-004   0.0000000000000000     
   7.0465530638297862       0.39177840425531901        2.3936170212765956E-005
   6.8582908085106391       0.36865395744680846        3.5808510638297868E-005
   7.1454820851063845       0.39917278723404259        4.3425531914893620E-005
   6.9773479148936177       0.37818731914893611        4.8021276595744680E-005
   6.9966945957446800       0.36241793617021273        3.4595744680851065E-005
   5.7620872340425535       0.21979180851063834        4.4595744680851071E-005
   3.1592033617021271        5.5521829787234050E-002   4.7574468085106383E-005
  0.47266595744680856        9.9421276595744673E-004   0.0000000000000000     
   9.5014340425531918E-002   8.6531914893617031E-005   0.0000000000000000     
   7.4921489361702134E-002   8.2510638297872343E-005   0.0000000000000000     
   2.0768269787234042        3.6625382978723406E-002   4.0425531914893619E-007
   2.0736705957446802        3.6144170212765954E-002   7.5319148936170207E-006
   2.2675731063829789        4.1820553191489362E-002   1.1829787234042553E-005
   2.5603585531914890        5.8186978723404267E-002   2.8085106382978724E-006
   3.5603166382978717       0.10479544680851063        6.1914893617021282E-006
   5.3518854893617034       0.23621061702127658        4.8595744680851053E-005
   5.3134230638297888       0.21584697872340428        3.8595744680851067E-005
   1.3825323829787235        1.1196234042553193E-002   5.5319148936170212E-007
  0.11254876595744677        8.0148936170212768E-005   7.2127659574468089E-006
   8.1944297872340421E-002   2.0212765957446807E-005   0.0000000000000000     
  0.29444297872340430        6.3846808510638299E-004   0.0000000000000000     
  0.30427685106382973        6.9187234042553201E-004   0.0000000000000000     
  0.31851931914893616        1.0499574468085106E-003   0.0000000000000000     
  0.41969629787234036        1.4986808510638302E-003   0.0000000000000000     
  0.75652034042553185        3.9182765957446811E-003   8.0851063829787239E-007
   1.8063035744680849        2.7361489361702126E-002   0.0000000000000000     
   4.6757680851063830       0.17623751063829785        1.5787234042553194E-005
   2.7899618297872339        4.9438489361702136E-002   3.8787234042553194E-005
  0.15624689361702127        5.8340425531914889E-004   0.0000000000000000     
   5.2961744680851054E-002   9.7914893617021280E-005   0.0000000000000000     
  0.36213931914893621        5.6604255319148947E-004   0.0000000000000000     
  0.39286353191489365        7.1236170212765951E-004   0.0000000000000000     
  0.24993217021276590        4.8442553191489356E-004   0.0000000000000000     
  0.26088587234042548        4.9878723404255313E-004   8.5106382978723400E-008
  0.21267612765957447        3.0117021276595749E-004   6.3829787234042553E-008
  0.21582497872340423        6.1872340425531900E-005   0.0000000000000000     
   7.6895106382978737E-002   7.5957446808510642E-006   0.0000000000000000     
   5.5339276595744682E-002   1.2219148936170213E-004   0.0000000000000000     
   6.1870978723404274E-002   1.7659574468085106E-006   0.0000000000000000     
   8.4100468085106406E-002   0.0000000000000000        0.0000000000000000     
   1.6149495319148934        1.2093234042553190E-002   3.6170212765957445E-007
   1.8440010638297877        5.8761914893617033E-003   4.4680851063829783E-007
   1.6672986382978725        1.0625872340425533E-002   0.0000000000000000     
   1.8120939574468085        7.9797021276595739E-003   4.9574468085106386E-006
   1.4875884255319147        5.1442340425531911E-003   8.5106382978723397E-007
   1.0477507659574470        2.6962340425531915E-003   3.5744680851063827E-006
  0.42698042553191501        7.7497872340425540E-004   0.0000000000000000     
  0.11953276595744682        1.7270212765957448E-004   0.0000000000000000     
   5.9674085106382981E-002   0.0000000000000000        0.0000000000000000     
   5.0284468085106400E-002   2.6542553191489366E-004   0.0000000000000000     
   6.6958636595744663       0.17065889361702127        1.1127659574468085E-005
   6.6084514468085116       0.16221655319148931        1.7191489361702130E-005
   6.7075469361702140       0.15259927659574463        2.6936170212765958E-005
   5.5783853617021260       0.12535061702127659        3.7446808510638303E-006
   4.3871707659574470        6.0146872340425546E-002   2.9723404255319151E-005
   3.2429025957446815        3.4091361702127655E-002   1.5531914893617021E-006
   1.7104230638297868        1.0035574468085107E-002   2.9574468085106383E-006
  0.19115808510638294        2.1797872340425533E-004   0.0000000000000000     
   8.9084553191489363E-002   1.4185106382978721E-004   0.0000000000000000     
   3.5970765957446811E-002   0.0000000000000000        0.0000000000000000     
   9.6659211063829780       0.67872748936170224        1.9574468085106387E-005
   9.8771098723404265       0.72407391489361705        6.0638297872340437E-006
   9.9434181702127660       0.72019376595744677        3.6446808510638298E-005
   10.115524723404256       0.71127287234042569        2.3659574468085113E-005
   9.6085477021276589       0.60651921276595744        2.4276595744680854E-005
   7.2586379999999986       0.27881859574468082        2.7574468085106378E-005
   3.1841351489361704        3.7338829787234046E-002   7.8085106382978732E-006
  0.61410178723404241        1.7147234042553194E-003   0.0000000000000000     
   6.8200468085106380E-002   5.1957446808510638E-005   0.0000000000000000     
   6.6378382978723408E-002   1.1559574468085108E-004   0.0000000000000000     
   3.1014993191489362        7.8729553191489374E-002   4.3191489361702125E-006
   3.3195870638297875        8.8482234042553190E-002   6.4893617021276583E-006
   3.4954967234042544        9.6213148936170251E-002   3.2553191489361704E-006
   4.1528294042553187       0.13838731914893615        1.1936170212765959E-005
   5.9058934468085109       0.28181744680851067        2.9063829787234045E-005
   8.6093613191489364       0.57202680851063836        3.8212765957446808E-005
   6.2074801276595766       0.20549980851063829        2.1276595744680852E-005
   1.4887588085106385        1.0340531914893617E-002   1.0212765957446809E-006
   8.9557787234042521E-002   1.3944680851063829E-004   0.0000000000000000     
   6.2249617021276599E-002   3.9276595744680849E-005   0.0000000000000000     
   2.1728253191489362        1.0474574468085106E-002   1.0638297872340426E-007
   2.1839516170212767        7.0094680851063816E-003   8.5106382978723412E-006
   2.1703455319148945        5.1270851063829788E-003   9.6382978723404255E-006
   1.6916800851063829        6.4737234042553191E-003   9.3617021276595755E-006
   1.6002851489361702        1.3117021276595744E-003   0.0000000000000000     
   1.1457260425531917        1.6411914893617024E-003   2.7872340425531911E-006
  0.69740923404255317        1.9010638297872336E-003   8.7234042553191487E-007
  0.10232017021276597        1.2400000000000001E-004   0.0000000000000000     
   2.5512638297872342E-002   0.0000000000000000        0.0000000000000000     
   2.1404553191489366E-002   0.0000000000000000        0.0000000000000000     
   9.1615953191489350       0.22561817021276598        2.1319148936170214E-005
   8.7490395319148941       0.17394059574468079        2.2617021276595744E-005
   8.2197034468085146       0.18334595744680854        1.0978723404255319E-005
   7.4706763404255341       0.13586640425531912        1.2787234042553190E-005
   5.0349894893617018        5.6247744680851045E-002   1.1531914893617026E-005
   2.8932990638297880        1.6410297872340426E-002   5.7446808510638302E-006
   1.2682968510638297        5.8359148936170209E-003   6.3404255319148929E-006
  0.23826817021276592        1.9651063829787238E-004   0.0000000000000000     
   4.5007276595744675E-002   1.0895744680851063E-004   0.0000000000000000     
   3.2984425531914892E-002   4.8936170212765959E-006   0.0000000000000000     
   12.522572425531918       0.98488099999999978        4.1829787234042557E-005
   12.733930468085104        1.0259275957446810        2.1999999999999999E-005
   12.918370212765957       0.99644146808510670        2.4936170212765953E-005
   13.127373063829790       0.95666638297872297        4.7212765957446816E-005
   12.474539106382982       0.69426799999999977        2.5999999999999998E-005
   7.9043610638297865       0.19294661702127663        2.3914893617021277E-005
   2.4201598723404256        1.1200851063829788E-002   4.0425531914893616E-006
  0.69088251063829798        2.8822553191489362E-003   0.0000000000000000     
   5.1430723404255321E-002   3.3404255319148936E-006   0.0000000000000000     
  0.23748268085106383        0.0000000000000000        0.0000000000000000     
   11.491103234042553       0.20438848936170209        1.2127659574468084E-005
   10.443540255319148       0.15474123404255319        7.1702127659574471E-006
   9.9396499148936162       0.17936227659574475        1.9148936170212763E-006
   8.3881921276595737       0.13657221276595743        4.3404255319148934E-006
   6.7037459999999998        4.8859063829787233E-002   0.0000000000000000     
   2.6658162127659573        1.7631553191489357E-002   1.4893617021276595E-007
   1.1707520425531914        2.5732765957446808E-003   0.0000000000000000     
  0.33683068085106388        4.4323404255319147E-004   0.0000000000000000     
  0.25438200000000000        3.0361702127659578E-005   0.0000000000000000     
  0.15209655319148938        0.0000000000000000        0.0000000000000000     
