  0.43250170212765959        1.5341489361702129E-003   2.1276595744680850E-008
  0.40816034042553201        1.4112127659574464E-003   0.0000000000000000     
  0.45449400000000018        1.5740000000000003E-003   1.2765957446808511E-007
  0.48279753191489361        2.0499999999999997E-003   0.0000000000000000     
  0.54443757446808516        2.4324255319148943E-003   3.4042553191489360E-007
  0.65161940425531917        3.1626595744680855E-003   1.4893617021276598E-007
  0.77640944680851087        4.9674255319148925E-003   1.7659574468085102E-006
  0.45790582978723421        2.0012127659574464E-003   1.8510638297872340E-006
   5.8406425531914906E-002   6.0702127659574463E-005   0.0000000000000000     
   2.2117787234042560E-002   7.7021276595744674E-005   0.0000000000000000     
   2.9527659574468082E-004   0.0000000000000000        0.0000000000000000     
   4.8331914893617016E-004   0.0000000000000000        0.0000000000000000     
   5.8263829787234020E-004   0.0000000000000000        0.0000000000000000     
   8.8940425531914896E-004   0.0000000000000000        0.0000000000000000     
   1.7114042553191488E-003   0.0000000000000000        0.0000000000000000     
   6.6174893617021273E-003   0.0000000000000000        0.0000000000000000     
   4.9723531914893641E-002   4.6893617021276601E-005   0.0000000000000000     
  0.29610523404255318        6.3748936170212765E-004   0.0000000000000000     
  0.60146987234042570        3.3436595744680865E-003   8.5106382978723400E-008
   5.1756765957446813E-002   1.4463829787234042E-004   0.0000000000000000     
   0.0000000000000000        0.0000000000000000        0.0000000000000000     
   0.0000000000000000        0.0000000000000000        0.0000000000000000     
   0.0000000000000000        0.0000000000000000        0.0000000000000000     
   0.0000000000000000        0.0000000000000000        0.0000000000000000     
   0.0000000000000000        0.0000000000000000        0.0000000000000000     
   6.7404255319148927E-005   0.0000000000000000        0.0000000000000000     
   1.2068936170212764E-003   0.0000000000000000        0.0000000000000000     
   3.6527999999999998E-002   5.9999999999999993E-006   0.0000000000000000     
  0.45310621276595742        1.7185106382978722E-003   2.7659574468085106E-007
  0.10549340425531917        2.6940425531914890E-004   0.0000000000000000     
   0.0000000000000000        0.0000000000000000        0.0000000000000000     
   0.0000000000000000        0.0000000000000000        0.0000000000000000     
   0.0000000000000000        0.0000000000000000        0.0000000000000000     
   0.0000000000000000        0.0000000000000000        0.0000000000000000     
   0.0000000000000000        0.0000000000000000        0.0000000000000000     
   0.0000000000000000        0.0000000000000000        0.0000000000000000     
   1.1093617021276596E-004   0.0000000000000000        0.0000000000000000     
   4.1743404255319156E-003   0.0000000000000000        0.0000000000000000     
  0.20524825531914898        5.0321276595744683E-004   4.2553191489361700E-008
  0.29670944680851064        1.0021276595744678E-003   0.0000000000000000     
   0.0000000000000000        0.0000000000000000        0.0000000000000000     
   0.0000000000000000        0.0000000000000000        0.0000000000000000     
   0.0000000000000000        0.0000000000000000        0.0000000000000000     
   0.0000000000000000        0.0000000000000000        0.0000000000000000     
   0.0000000000000000        0.0000000000000000        0.0000000000000000     
   0.0000000000000000        0.0000000000000000        0.0000000000000000     
   0.0000000000000000        0.0000000000000000        0.0000000000000000     
   1.8625531914893617E-004   0.0000000000000000        0.0000000000000000     
   8.1959744680851057E-002   9.7021276595744682E-006   0.0000000000000000     
  0.51539323404255333        2.5088297872340429E-003   2.0638297872340426E-006
   1.1219668085106380        1.1876148936170216E-002   0.0000000000000000     
   1.0407815744680855        7.9604893617021295E-003   2.4468085106382980E-006
   1.0369196170212767        8.5534255319148957E-003   3.4468085106382981E-006
  0.70782753191489345        4.5374468085106383E-003   0.0000000000000000     
  0.46745361702127669        2.8630851063829784E-003   0.0000000000000000     
   3.1325361702127665E-002   0.0000000000000000        0.0000000000000000     
   2.5078212765957442E-002   0.0000000000000000        0.0000000000000000     
   3.2789361702127658E-003   0.0000000000000000        0.0000000000000000     
   2.5016170212765958E-003   0.0000000000000000        0.0000000000000000     
   9.5516170212765952E-003   0.0000000000000000        0.0000000000000000     
  0.10162251063829790        3.5255319148936175E-005   0.0000000000000000     
  0.10886591489361701        3.8085106382978732E-005   0.0000000000000000     
  0.11625574468085105        4.4063829787234043E-005   0.0000000000000000     
  0.16597825531914898        4.9882978723404261E-004   0.0000000000000000     
  0.32103102127659572        6.3676595744680843E-004   0.0000000000000000     
  0.85421578723404290        6.8656808510638295E-003   0.0000000000000000     
   2.0604832340425534        3.4574404255319172E-002   5.7446808510638291E-007
  0.29002531914893626        2.3857659574468087E-003   0.0000000000000000     
   7.2728936170212768E-003   0.0000000000000000        0.0000000000000000     
   0.0000000000000000        0.0000000000000000        0.0000000000000000     
   1.8663829787234044E-004   0.0000000000000000        0.0000000000000000     
   7.3404255319148938E-005   0.0000000000000000        0.0000000000000000     
   2.8263829787234044E-004   0.0000000000000000        0.0000000000000000     
   5.7676595744680849E-004   0.0000000000000000        0.0000000000000000     
   4.9927659574468090E-004   0.0000000000000000        0.0000000000000000     
   8.5142553191489348E-003   3.6382978723404258E-006   0.0000000000000000     
  0.16873774468085104        1.5570212765957450E-004   0.0000000000000000     
   1.6624003404255323        2.0941489361702124E-002   2.3404255319148939E-006
   1.4901702127659575E-002   0.0000000000000000        0.0000000000000000     
   6.9386808510638305E-003   0.0000000000000000        0.0000000000000000     
   0.0000000000000000        0.0000000000000000        0.0000000000000000     
   0.0000000000000000        0.0000000000000000        0.0000000000000000     
   0.0000000000000000        0.0000000000000000        0.0000000000000000     
   0.0000000000000000        0.0000000000000000        0.0000000000000000     
   0.0000000000000000        0.0000000000000000        0.0000000000000000     
   7.5829787234042557E-005   0.0000000000000000        0.0000000000000000     
   2.8858723404255313E-003   0.0000000000000000        0.0000000000000000     
  0.43596076595744676        1.5667659574468084E-003   4.2553191489361700E-008
   8.6130765957446787E-002   1.5917021276595745E-004   0.0000000000000000     
   1.3404255319148936E-005   0.0000000000000000        0.0000000000000000     
   0.0000000000000000        0.0000000000000000        0.0000000000000000     
   0.0000000000000000        0.0000000000000000        0.0000000000000000     
   0.0000000000000000        0.0000000000000000        0.0000000000000000     
   0.0000000000000000        0.0000000000000000        0.0000000000000000     
   0.0000000000000000        0.0000000000000000        0.0000000000000000     
   0.0000000000000000        0.0000000000000000        0.0000000000000000     
   1.7821276595744680E-004   0.0000000000000000        0.0000000000000000     
   5.6484255319148954E-002   5.9361702127659575E-006   0.0000000000000000     
  0.59019536170212761        2.8836595744680853E-003   0.0000000000000000     
   4.2255319148936168E-005   0.0000000000000000        0.0000000000000000     
   7.3531914893617027E-004   0.0000000000000000        0.0000000000000000     
   9.5893531914893623E-002   0.0000000000000000        0.0000000000000000     
   8.5600468085106379E-002   0.0000000000000000        0.0000000000000000     
   5.3419914893617020E-002   0.0000000000000000        0.0000000000000000     
   5.8821702127659576E-003   0.0000000000000000        0.0000000000000000     
   1.9630851063829790E-002   0.0000000000000000        0.0000000000000000     
   1.0828468085106383E-002   0.0000000000000000        0.0000000000000000     
   0.0000000000000000        0.0000000000000000        0.0000000000000000     
   0.0000000000000000        0.0000000000000000        0.0000000000000000     
   1.5102127659574470E-004   0.0000000000000000        0.0000000000000000     
   5.5455608936170213       0.21456042553191487        6.7021276595744681E-006
   5.5689145531914885       0.22168259574468091        1.1595744680851065E-005
   5.4894723829787218       0.21255442553191481        4.6808510638297873E-007
   5.9215102978723406       0.23069561702127664        9.1489361702127667E-007
   5.9516619574468086       0.24024531914893621        1.3361702127659576E-005
   3.0947184255319149        4.9229936170212769E-002   2.2553191489361703E-006
  0.19435136170212763        2.0659574468085110E-003   0.0000000000000000     
   0.0000000000000000        0.0000000000000000        0.0000000000000000     
   0.0000000000000000        0.0000000000000000        0.0000000000000000     
   0.0000000000000000        0.0000000000000000        0.0000000000000000     
   3.0261319148936171E-002   2.9148936170212765E-006   0.0000000000000000     
   1.9413702127659572E-002   5.2808510638297868E-005   0.0000000000000000     
   3.2249489361702126E-002   0.0000000000000000        0.0000000000000000     
   4.1603361702127660E-002   7.2340425531914889E-007   0.0000000000000000     
  0.19989906382978725        8.6340425531914911E-005   0.0000000000000000     
  0.98950085106382979        9.0633829787234079E-003   0.0000000000000000     
   4.3891559999999981       0.14246436170212765        9.6382978723404255E-006
   8.2232297872340418E-002   0.0000000000000000        0.0000000000000000     
   0.0000000000000000        0.0000000000000000        0.0000000000000000     
   0.0000000000000000        0.0000000000000000        0.0000000000000000     
   0.0000000000000000        0.0000000000000000        0.0000000000000000     
   0.0000000000000000        0.0000000000000000        0.0000000000000000     
   1.0212765957446808E-005   0.0000000000000000        0.0000000000000000     
   0.0000000000000000        0.0000000000000000        0.0000000000000000     
   1.5014042553191491E-003   0.0000000000000000        0.0000000000000000     
   7.1601702127659563E-003   0.0000000000000000        0.0000000000000000     
  0.50634561702127678        2.2970638297872339E-003   0.0000000000000000     
   1.7524768085106381        2.1536276595744683E-002   2.2978723404255317E-006
   3.0638297872340428E-006   0.0000000000000000        0.0000000000000000     
   0.0000000000000000        0.0000000000000000        0.0000000000000000     
   0.0000000000000000        0.0000000000000000        0.0000000000000000     
   0.0000000000000000        0.0000000000000000        0.0000000000000000     
   0.0000000000000000        0.0000000000000000        0.0000000000000000     
   0.0000000000000000        0.0000000000000000        0.0000000000000000     
   0.0000000000000000        0.0000000000000000        0.0000000000000000     
   1.2957446808510638E-004   0.0000000000000000        0.0000000000000000     
   1.3116382978723404E-002   0.0000000000000000        0.0000000000000000     
   2.5695089361702128        5.4037340425531905E-002   1.7021276595744682E-005
   2.0994765957446808E-002   0.0000000000000000        0.0000000000000000     
   0.0000000000000000        0.0000000000000000        0.0000000000000000     
   1.8998936170212765E-002   0.0000000000000000        0.0000000000000000     
   0.0000000000000000        0.0000000000000000        0.0000000000000000     
  0.11080621276595745        0.0000000000000000        0.0000000000000000     
   5.3278212765957449E-002   0.0000000000000000        0.0000000000000000     
   0.0000000000000000        0.0000000000000000        0.0000000000000000     
   0.0000000000000000        0.0000000000000000        0.0000000000000000     
   0.0000000000000000        0.0000000000000000        0.0000000000000000     
   0.0000000000000000        0.0000000000000000        0.0000000000000000     
   0.0000000000000000        0.0000000000000000        0.0000000000000000     
   0.0000000000000000        0.0000000000000000        0.0000000000000000     
   2.6798175319148938        6.2840851063829780E-003   0.0000000000000000     
   3.4982139574468083        1.6750489361702127E-002   0.0000000000000000     
   3.3206213617021278        1.1096297872340424E-002   0.0000000000000000     
   2.7814954468085107        2.0155531914893615E-003   0.0000000000000000     
   1.4286185106382980        3.3511276595744681E-003   0.0000000000000000     
  0.35321948936170222        0.0000000000000000        0.0000000000000000     
   1.5379404255319149E-002   0.0000000000000000        0.0000000000000000     
  0.12756727659574468        0.0000000000000000        0.0000000000000000     
   0.0000000000000000        0.0000000000000000        0.0000000000000000     
   0.0000000000000000        0.0000000000000000        0.0000000000000000     
   2.8998089361702126        5.4286382978723416E-002   0.0000000000000000     
   3.0856830638297867        6.0949617021276610E-002   0.0000000000000000     
   3.5792124255319147        7.8516446808510651E-002   0.0000000000000000     
   4.7427240000000008       0.13730770212765958        1.0914893617021276E-005
   8.1998338723404256       0.30895551063829785        6.6595744680851055E-006
   8.6177572340425517       0.24414572340425525        6.9787234042553181E-006
  0.26033093617021280        1.0336170212765958E-004   0.0000000000000000     
   4.3404255319148934E-006   0.0000000000000000        0.0000000000000000     
   0.0000000000000000        0.0000000000000000        0.0000000000000000     
   0.0000000000000000        0.0000000000000000        0.0000000000000000     
   7.8965106382978736E-003   0.0000000000000000        0.0000000000000000     
   5.0288936170212765E-003   0.0000000000000000        0.0000000000000000     
   2.0067446808510636E-002   0.0000000000000000        0.0000000000000000     
   3.3893617021276592E-002   0.0000000000000000        0.0000000000000000     
  0.11887902127659576        4.2459574468085111E-004   0.0000000000000000     
   1.3837117021276595        1.5011787234042557E-002   0.0000000000000000     
   7.3472286382978673       0.24321985106382984        8.0851063829787239E-007
   8.9154638297872332E-002   0.0000000000000000        0.0000000000000000     
   0.0000000000000000        0.0000000000000000        0.0000000000000000     
   0.0000000000000000        0.0000000000000000        0.0000000000000000     
   0.0000000000000000        0.0000000000000000        0.0000000000000000     
   0.0000000000000000        0.0000000000000000        0.0000000000000000     
   0.0000000000000000        0.0000000000000000        0.0000000000000000     
   0.0000000000000000        0.0000000000000000        0.0000000000000000     
   0.0000000000000000        0.0000000000000000        0.0000000000000000     
   7.3497446808510631E-003   0.0000000000000000        0.0000000000000000     
   1.8256983829787237        2.4826787234042556E-002   0.0000000000000000     
  0.67943017021276608        6.6382978723404258E-005   0.0000000000000000     
   0.0000000000000000        0.0000000000000000        0.0000000000000000     
   0.0000000000000000        0.0000000000000000        0.0000000000000000     
   1.2765957446808511E-007   0.0000000000000000        0.0000000000000000     
   2.6375106382978724E-002   0.0000000000000000        0.0000000000000000     
   0.0000000000000000        0.0000000000000000        0.0000000000000000     
   0.0000000000000000        0.0000000000000000        0.0000000000000000     
   0.0000000000000000        0.0000000000000000        0.0000000000000000     
   0.0000000000000000        0.0000000000000000        0.0000000000000000     
   4.3303276595744684E-002   0.0000000000000000        0.0000000000000000     
   0.0000000000000000        0.0000000000000000        0.0000000000000000     
   0.0000000000000000        0.0000000000000000        0.0000000000000000     
   0.0000000000000000        0.0000000000000000        0.0000000000000000     
   1.3707709787234046        0.0000000000000000        0.0000000000000000     
   1.9021783404255324        0.0000000000000000        0.0000000000000000     
   1.4500432340425531        0.0000000000000000        0.0000000000000000     
   1.1450744680851062        0.0000000000000000        0.0000000000000000     
  0.15314323404255320        0.0000000000000000        0.0000000000000000     
  0.12738140425531913        0.0000000000000000        0.0000000000000000     
  0.12765957446808510        0.0000000000000000        0.0000000000000000     
   0.0000000000000000        0.0000000000000000        0.0000000000000000     
   0.0000000000000000        0.0000000000000000        0.0000000000000000     
   0.0000000000000000        0.0000000000000000        0.0000000000000000     
   16.454114680851060       0.20120251063829789        0.0000000000000000     
   15.640987148936171       0.17100363829787227        6.8085106382978720E-007
   15.352873787234044       0.14824621276595740        0.0000000000000000     
   13.299770042553195        8.8283127659574481E-002   0.0000000000000000     
   7.7177066808510606        2.3773170212765961E-002   0.0000000000000000     
   2.0957594042553191        0.0000000000000000        0.0000000000000000     
  0.33636217021276599        0.0000000000000000        0.0000000000000000     
   0.0000000000000000        0.0000000000000000        0.0000000000000000     
   0.0000000000000000        0.0000000000000000        0.0000000000000000     
  0.12765957446808510        0.0000000000000000        0.0000000000000000     
   1.0362372765957446        5.0240425531914894E-003   0.0000000000000000     
  0.98717974468085090        7.5579361702127626E-003   0.0000000000000000     
   1.7210608085106378        1.4455638297872343E-002   0.0000000000000000     
   2.4763086382978723        2.5550914893617025E-002   0.0000000000000000     
   6.3507241276595732       0.12779834042553195        4.8936170212765953E-007
   12.486793404255321       0.21780776595744680        8.1914893617021277E-006
   1.7639282553191487        5.8338297872340432E-004   0.0000000000000000     
   0.0000000000000000        0.0000000000000000        0.0000000000000000     
   0.0000000000000000        0.0000000000000000        0.0000000000000000     
   0.0000000000000000        0.0000000000000000        0.0000000000000000     
   2.4769787234042552E-003   0.0000000000000000        0.0000000000000000     
   2.1063829787234043E-005   0.0000000000000000        0.0000000000000000     
   3.2959148936170211E-003   0.0000000000000000        0.0000000000000000     
   8.5946808510638309E-003   0.0000000000000000        0.0000000000000000     
   9.3308042553191473E-002   1.8085106382978724E-006   0.0000000000000000     
   1.5530560851063826        1.8627468085106385E-002   0.0000000000000000     
   9.7820217446808506       0.15751063829787229        6.1702127659574471E-007
  0.31182395744680852        0.0000000000000000        0.0000000000000000     
   8.3591489361702119E-004   0.0000000000000000        0.0000000000000000     
   0.0000000000000000        0.0000000000000000        0.0000000000000000     
   0.0000000000000000        0.0000000000000000        0.0000000000000000     
  0.12765957446808510        0.0000000000000000        0.0000000000000000     
  0.12765957446808510        0.0000000000000000        0.0000000000000000     
  0.12765957446808510        0.0000000000000000        0.0000000000000000     
   0.0000000000000000        0.0000000000000000        0.0000000000000000     
   0.0000000000000000        0.0000000000000000        0.0000000000000000     
  0.12765957446808510        0.0000000000000000        0.0000000000000000     
   0.0000000000000000        0.0000000000000000        0.0000000000000000     
   0.0000000000000000        0.0000000000000000        0.0000000000000000     
   0.0000000000000000        0.0000000000000000        0.0000000000000000     
   1.9104450638297874        0.0000000000000000        0.0000000000000000     
   1.9182864255319148        0.0000000000000000        0.0000000000000000     
   1.0696468085106385        1.2765957446808511E-007   0.0000000000000000     
   1.0620875744680851        0.0000000000000000        0.0000000000000000     
  0.68119353191489351        0.0000000000000000        0.0000000000000000     
  0.48939038297872339        0.0000000000000000        0.0000000000000000     
   9.2302468085106379E-002   0.0000000000000000        0.0000000000000000     
  0.12765957446808510        0.0000000000000000        0.0000000000000000     
   0.0000000000000000        0.0000000000000000        0.0000000000000000     
   0.0000000000000000        0.0000000000000000        0.0000000000000000     
   16.547797914893618        2.6113063829787234E-002   0.0000000000000000     
   13.461447191489361        8.7987234042553198E-003   0.0000000000000000     
   13.026181404255320        1.4046489361702129E-002   0.0000000000000000     
   11.272189276595743        7.8961914893617025E-003   0.0000000000000000     
   7.3194460851063825        8.0946170212765952E-003   0.0000000000000000     
   2.4263928510638300        0.0000000000000000        0.0000000000000000     
  0.25349668085106386        0.0000000000000000        0.0000000000000000     
   0.0000000000000000        0.0000000000000000        0.0000000000000000     
   0.0000000000000000        0.0000000000000000        0.0000000000000000     
   0.0000000000000000        0.0000000000000000        0.0000000000000000     
   16.043323148936175        9.1057851063829756E-002   0.0000000000000000     
   15.710886382978725       0.10599055319148941        0.0000000000000000     
   18.337654468085109       0.15260117021276592        0.0000000000000000     
   21.227717872340435        8.1640255319148924E-002   1.7021276595744680E-007
   20.508460085106385        8.4470574468085105E-002   2.1276595744680850E-008
   8.7325955744680854        2.2854170212765954E-002   0.0000000000000000     
   1.1400948510638298        0.0000000000000000        0.0000000000000000     
   4.5963191489361697E-002   0.0000000000000000        0.0000000000000000     
   0.0000000000000000        0.0000000000000000        0.0000000000000000     
   0.0000000000000000        0.0000000000000000        0.0000000000000000     
  0.33152834042553186        4.8680851063829790E-005   0.0000000000000000     
  0.47476034042553189        1.8657872340425534E-003   0.0000000000000000     
  0.50180629787234021        1.1925319148936170E-003   0.0000000000000000     
   1.3087848510638298        8.2272340425531903E-004   0.0000000000000000     
   3.9618635744680848        3.0097489361702128E-002   6.7872340425531917E-006
   17.364205021276593       0.19349974468085110        6.0425531914893620E-006
   2.9262818297872348        0.0000000000000000        0.0000000000000000     
   0.0000000000000000        0.0000000000000000        0.0000000000000000     
   0.0000000000000000        0.0000000000000000        0.0000000000000000     
   0.0000000000000000        0.0000000000000000        0.0000000000000000     
   9.9983984680851048        0.0000000000000000        0.0000000000000000     
   9.2091594893617010        6.3829787234042553E-008   0.0000000000000000     
   13.101273446808509        1.6290297872340424E-002   1.7659574468085106E-006
   8.2898447234042543        0.0000000000000000        0.0000000000000000     
   4.5782825106382976        0.0000000000000000        0.0000000000000000     
   1.3967918297872342        0.0000000000000000        0.0000000000000000     
  0.30572361702127659        0.0000000000000000        0.0000000000000000     
   0.0000000000000000        0.0000000000000000        0.0000000000000000     
   0.0000000000000000        0.0000000000000000        0.0000000000000000     
   0.0000000000000000        0.0000000000000000        0.0000000000000000     
   18.363603063829785        2.2047170212765956E-002   0.0000000000000000     
   21.909339702127657        4.1506425531914887E-002   0.0000000000000000     
   20.573178765957447        7.0771489361702135E-003   0.0000000000000000     
   21.133139744680854        1.0364893617021277E-003   0.0000000000000000     
   18.382454297872336        4.4058297872340427E-003   0.0000000000000000     
   6.8360255744680876        4.2054893617021281E-003   0.0000000000000000     
  0.50616089361702132        0.0000000000000000        0.0000000000000000     
   0.0000000000000000        0.0000000000000000        0.0000000000000000     
   0.0000000000000000        0.0000000000000000        0.0000000000000000     
   0.0000000000000000        0.0000000000000000        0.0000000000000000     
   8.0233331489361692        7.2599787234042560E-003   0.0000000000000000     
   9.2338417021276609        1.3946212765957446E-002   0.0000000000000000     
   10.936273914893622        7.7071276595744673E-003   0.0000000000000000     
   14.351840425531913        4.0379148936170207E-002   0.0000000000000000     
   21.131957999999994        9.7939212765957448E-002   0.0000000000000000     
   17.365477404255312        1.2478702127659575E-002   0.0000000000000000     
   3.4136804680851069        0.0000000000000000        0.0000000000000000     
   6.9174638297872348E-002   0.0000000000000000        0.0000000000000000     
   0.0000000000000000        0.0000000000000000        0.0000000000000000     
   0.0000000000000000        0.0000000000000000        0.0000000000000000     
   15.126757276595745        1.0210510638297872E-002   0.0000000000000000     
   16.101551361702132        1.7932765957446807E-003   0.0000000000000000     
   18.675263744680851        1.5716489361702127E-002   0.0000000000000000     
   17.953731446808504        1.9786382978723403E-002   6.3829787234042553E-008
   18.173325829787238        2.9971276595744684E-003   0.0000000000000000     
   15.115481234042552        0.0000000000000000        0.0000000000000000     
   2.5127522553191488        0.0000000000000000        0.0000000000000000     
   0.0000000000000000        0.0000000000000000        0.0000000000000000     
   0.0000000000000000        0.0000000000000000        0.0000000000000000     
   0.0000000000000000        0.0000000000000000        0.0000000000000000     
