  0.14101405000000000       0.77601569999999997        5.9584499999999997E-003   5.8624000000000002E-003
  0.15567619999999999       0.75907064999999996        5.7358499999999998E-003   5.4944499999999997E-003
  0.19597780000000001       0.71224909999999997        6.4631999999999997E-003   6.7066000000000001E-003
  0.20652285000000001       0.67993355000000000        8.6169000000000003E-003   8.3559499999999991E-003
  0.23392655000000001       0.63873369999999996        1.1020800000000001E-002   1.1815549999999999E-002
  0.24661515000000001       0.59213289999999996        1.4926300000000000E-002   1.5732349999999999E-002
  0.25857530000000001       0.54188400000000003        1.9215400000000001E-002   1.9603050000000000E-002
  0.27119510000000002       0.48660490000000001        2.3416849999999999E-002   2.3759050000000000E-002
  0.26750435000000000       0.44049749999999999        2.8533849999999999E-002   2.9175099999999999E-002
  0.26879649999999999       0.35776724999999998        3.3760050000000000E-002   3.3829499999999998E-002
  0.25948700000000002       0.31241390000000002        3.5122649999999998E-002   3.4546050000000002E-002
  0.23790154999999999       0.25317190000000001        3.6340100000000000E-002   3.5396350000000000E-002
  0.21772269999999999       0.19092585000000001        3.4021900000000001E-002   3.2881199999999999E-002
  0.15728750000000000       0.13247159999999999        2.7171899999999999E-002   2.5193100000000000E-002
  0.13299749999999999        9.1608750000000003E-002   2.2224049999999999E-002   1.9931100000000000E-002
