   330084377158505.       2.599089606299212E-002
   350719872152047.       2.761573818897638E-002
   361757102148435.       2.848481141732284E-002
   375873112129836.       2.959630826771653E-002
   385796002126295.       3.037763818897637E-002
   391784082122430.       3.084914055118111E-002
   396878027145896.       3.125023858267717E-002
   406725762157254.       3.202565078740156E-002
   412755172145211.       3.250040748031496E-002
   415897257143454.       3.274781574803150E-002
   419935362143711.       3.306577677165354E-002
   427704047123223.       3.367748425196851E-002
   431945482118239.       3.401145551181104E-002
   433522242155154.       3.413560984251968E-002
   436105932127728.       3.433905000000000E-002
   436415782140109.       3.436344763779527E-002
   437564872108853.       3.445392716535434E-002
   439510562108310.       3.460713110236219E-002
   439125582106220.       3.457681771653544E-002
   440491977113301.       3.468440787401576E-002
   442789942108165.       3.486534999999999E-002
   444264087114586.       3.498142440944882E-002
   444298272108037.       3.498411614173230E-002
   446671357115972.       3.517097322834646E-002
   446388322122845.       3.514868700787400E-002
   447439177117961.       3.523143149606299E-002
   448887512099888.       3.534547362204726E-002
   449437337098974.       3.538876692913386E-002
   448806882101731.       3.533912480314961E-002
   446101137093228.       3.512607401574804E-002
   448685907100549.       3.532959921259844E-002
   448186032106486.       3.529023897637797E-002
   448461792093477.       3.531195236220471E-002
   449467892098700.       3.539117283464568E-002
   447611367089724.       3.524498976377952E-002
   449019067083262.       3.535583228346457E-002
   448783212096758.       3.533726102362204E-002
   449482502101251.       3.539232322834645E-002
   448719482098041.       3.533224291338582E-002
   449607737110119.       3.540218425196851E-002
   448760622078213.       3.533548228346457E-002
   447679767100774.       3.525037559055118E-002
   446540937096953.       3.516070393700787E-002
   450282487091980.       3.545531417322835E-002
   449525457088984.       3.539570551181100E-002
   448085252106181.       3.528230354330708E-002
   448902372087386.       3.534664370078741E-002
   449666897077233.       3.540684251968503E-002
   449123307071206.       3.536404015748030E-002
   448732847082574.       3.533329527559054E-002
   450781877089643.       3.549463622047245E-002
   449929657064309.       3.542753228346458E-002
   449516007075884.       3.539496141732283E-002
   449824307066554.       3.541923700787401E-002
   449806522077848.       3.541783661417325E-002
   448452342074851.       3.531120826771655E-002
   448917887075197.       3.534786535433070E-002
   448427777082809.       3.530927401574803E-002
   449199127067434.       3.537001023622047E-002
   449617282064476.       3.540293582677166E-002
   447541717071626.       3.523950551181102E-002
   448072087068850.       3.528126692913387E-002
   448750302067657.       3.533466968503935E-002
   447793432071420.       3.525932559055119E-002
   449003642095019.       3.535461771653541E-002
   448616197087960.       3.532411023622048E-002
   448172457068831.       3.528917007874016E-002
   449590597077788.       3.540083464566930E-002
   451118422090440.       3.552113582677164E-002
   449764577069916.       3.541453385826773E-002
   450543287089539.       3.547584960629924E-002
   449306327064055.       3.537845118110236E-002
   449644047062005.       3.540504330708662E-002
   449862422062777.       3.542223818897639E-002
   448223447073004.       3.529318503937008E-002
   448309092067903.       3.529992874015746E-002
   450882402057710.       3.550255157480313E-002
   451792607071280.       3.557422125984255E-002
   448471707069655.       3.531273307086613E-002
   449660847054097.       3.540636614173228E-002
   448459812063339.       3.531179645669292E-002
   448508522061017.       3.531563188976379E-002
   449964357084786.       3.543026456692912E-002
   448611492066264.       3.532373976377952E-002
   450824177073395.       3.549796692913387E-002
   448998292060514.       3.535419645669290E-002
   451303412065544.       3.553570196850393E-002
   448754602076733.       3.533500826771654E-002
   450861172059547.       3.550087992125985E-002
   450545197066141.       3.547599999999999E-002
   450509037052279.       3.547315275590551E-002
   450087112055228.       3.543993031496064E-002
   448513647062570.       3.531603543307088E-002
   449855662045460.       3.542170590551182E-002
   450394727069079.       3.546415196850393E-002
   448617437073855.       3.532420787401575E-002
   449661937047889.       3.540645196850394E-002
   451183307061032.       3.552624488188975E-002
   451775122072687.       3.557284448818898E-002
   450322597056442.       3.545847244094490E-002
   450019557052997.       3.543461102362206E-002
   449683142077473.       3.540812165354332E-002
   450746027059544.       3.549181338582678E-002
   449615307054647.       3.540278031496062E-002
   449380762041849.       3.538431220472442E-002
   449325132043204.       3.537993188976377E-002
   450700667075957.       3.548824173228345E-002
   450236322048487.       3.545167913385829E-002
   449439577060786.       3.538894330708661E-002
   450207987058090.       3.544944803149604E-002
   450085617039696.       3.543981259842520E-002
   448853912069879.       3.534282795275589E-002
   449917802052000.       3.542659881889765E-002
   450616092065078.       3.548158228346456E-002
   449829847040262.       3.541967322834647E-002
   448595302066739.       3.532246496062992E-002
   450111702053096.       3.544186653543305E-002
   448569937040600.       3.532046771653543E-002
   451465762039678.       3.554848543307088E-002
   450009092061257.       3.543378700787402E-002
   450081217045595.       3.543946614173229E-002
   449223632031457.       3.537193976377953E-002
   451047477064013.       3.551554960629923E-002
   450080132032215.       3.543938070866142E-002
   450637492047524.       3.548326732283464E-002
   450830072030216.       3.549843110236219E-002
   450956287041170.       3.550836929133858E-002
   450823132035929.       3.549788464566929E-002
   449497157043679.       3.539347716535433E-002
   450305407052372.       3.545711889763779E-002
   450332862009548.       3.545928070866140E-002
   450513087039745.       3.547347165354332E-002
   452454572036197.       3.562634448818898E-002
   450530682029487.       3.547485708661417E-002
   450555117034092.       3.547678110236221E-002
   450173247032688.       3.544671259842519E-002
   451530627048819.       3.555359291338583E-002
   453370887034494.       3.569849527559055E-002
   448295402036296.       3.529885078740158E-002
   450230297027647.       3.545120472440944E-002
   451774427043391.       3.557278976377952E-002
   448973907023989.       3.535227637795275E-002
   451352642029620.       3.553957834645669E-002
   450749617035517.       3.549209606299213E-002
   451044082036449.       3.551528228346457E-002
   448861462042144.       3.534342244094488E-002
   452230552041943.       3.560870511811024E-002
   449201487031349.       3.537019606299213E-002
   451144812029855.       3.552321377952757E-002
   450206362027911.       3.544932007874016E-002
   450469292059834.       3.547002322834644E-002
   449844802041312.       3.542085078740156E-002
   452247987018342.       3.561007795275590E-002
   450812172028098.       3.549702165354330E-002
   449675247018764.       3.540749999999999E-002
   451137702044381.       3.552265393700789E-002
   448381107032446.       3.530559921259842E-002
   451680257046234.       3.556537480314962E-002
   450123187070196.       3.544277086614173E-002
   449861522047558.       3.542216732283464E-002
   448432332028874.       3.530963267716537E-002
   448929992054378.       3.534881850393701E-002
   449570617022160.       3.539926141732282E-002
   450817222032330.       3.549741929133858E-002
   451238022013621.       3.553055314960631E-002
   451453977036343.       3.554755748031495E-002
   450343477019617.       3.546011653543307E-002
   451407857045805.       3.554392598425197E-002
   450369976995103.       3.546220314960630E-002
   451289217032666.       3.553458425196852E-002
   450818367025017.       3.549750944881890E-002
   449711282038265.       3.541033740157482E-002
   450006892022647.       3.543361377952757E-002
   452180887010562.       3.560479448818898E-002
   450359922025594.       3.546141141732285E-002
   452483167014320.       3.562859606299210E-002
   450799702037734.       3.549603976377952E-002
   451233027014149.       3.553015984251968E-002
   449954377029163.       3.542947874015750E-002
   451238767022805.       3.553061181102363E-002
   450343937013409.       3.546015275590551E-002
   451720502020393.       3.556854370078740E-002
   449965922036989.       3.543038779527559E-002
   450353552016444.       3.546090984251969E-002
   451367502032099.       3.554074842519684E-002
   451167802033741.       3.552502401574804E-002
   452043702038304.       3.559399251968505E-002
   449730667034648.       3.541186377952756E-002
   450764822028717.       3.549329330708662E-002
   450954602029233.       3.550823661417322E-002
   448744427019126.       3.533420708661416E-002
   449784722015492.       3.541612007874016E-002
   449082602032776.       3.536083503937010E-002
   448413672005871.       3.530816338582678E-002
   449077342020502.       3.536042086614175E-002
   450402712008557.       3.546478070866142E-002
   449855852020401.       3.542172086614173E-002
   450385052037372.       3.546339015748029E-002
   450584982010672.       3.547913267716535E-002
   451483222033831.       3.554986023622049E-002
   452042532010129.       3.559390039370078E-002
   450705527008556.       3.548862440944881E-002
   450384182006919.       3.546332165354331E-002
   452786067008756.       3.565244645669292E-002
   452514392020028.       3.563105472440943E-002
   450354422010555.       3.546097834645670E-002
   451330257017927.       3.553781574803148E-002
   449986247002645.       3.543198818897638E-002
   451498822022914.       3.555108858267716E-002
   450971462010092.       3.550956417322835E-002
   449486182014436.       3.539261299212598E-002
   451318737016196.       3.553690866141730E-002
   451186177022147.       3.552647086614173E-002
   448546447030222.       3.531861811023623E-002
   451503816994784.       3.555148188976379E-002
   450609627011856.       3.548107322834648E-002
   450498612025424.       3.547233188976379E-002
   451494556998000.       3.555075275590552E-002
   451025391989778.       3.551381062992126E-002
   452016231991312.       3.559182952755906E-002
   450180067001398.       3.544724960629918E-002
   452879051990607.       3.565976811023622E-002
   453023847026134.       3.567116929133859E-002
   450085847009247.       3.543983070866142E-002
   451129192003358.       3.552198385826771E-002
   449963442005388.       3.543019251968504E-002
   451834352009542.       3.557750826771656E-002
   450643387006930.       3.548373149606299E-002
   450765162001562.       3.549332007874016E-002
   451309296999152.       3.553616535433072E-002
   450171082007130.       3.544654212598426E-002
   450245887014308.       3.545243228346457E-002
   450884452008039.       3.550271299212599E-002
   449944652031511.       3.542871299212597E-002
   451110407019457.       3.552050472440944E-002
   451332551991947.       3.553799645669290E-002
   451381477002257.       3.554184881889765E-002
   450530642023396.       3.547485393700787E-002
   450520452006065.       3.547405157480314E-002
   449175391983458.       3.536814133858269E-002
   450239401987382.       3.545192165354332E-002
   450431337009371.       3.546703464566930E-002
   450880226991812.       3.550238031496063E-002
   451606376990803.       3.555955748031497E-002
   449850827005108.       3.542132519685039E-002
   450792282001248.       3.549545551181103E-002
   453340526999736.       3.569610472440943E-002
   452444516999677.       3.562555275590552E-002
   452427016995890.       3.562417480314960E-002
   452033642004892.       3.559320039370079E-002
   451121357003039.       3.552136692913386E-002
   449386356999932.       3.538475275590552E-002
   450840192022605.       3.549922795275590E-002
   451936667019982.       3.558556456692912E-002
   452012662004349.       3.559154842519684E-002
   452491947018047.       3.562928740157479E-002
   450023577008879.       3.543492755905513E-002
   451118612000089.       3.552115078740155E-002
   450863786998959.       3.550108582677167E-002
   450670127007248.       3.548583700787399E-002
   451343571992606.       3.553886417322835E-002
   450285767004540.       3.545557244094487E-002
   451079921995652.       3.551810433070865E-002
   452332327015241.       3.561671889763780E-002
   451293911997773.       3.553495393700786E-002
   451898691996429.       3.558257440944882E-002
   452016767002445.       3.559187165354330E-002
   452577766999706.       3.563604488188975E-002
   451337727020878.       3.553840393700788E-002
   450991517001630.       3.551114330708663E-002
   451201346991232.       3.552766535433070E-002
   450789886976663.       3.549526692913387E-002
   453052661982268.       3.567343818897638E-002
   450937356981092.       3.550687874015747E-002
   450804226993776.       3.549639606299213E-002
   451738132018882.       3.556993188976379E-002
   450487236988835.       3.547143622047243E-002
   450477326996304.       3.547065590551180E-002
   450453441980300.       3.546877519685038E-002
   450818282019064.       3.549750275590551E-002
   451261696995167.       3.553241732283466E-002
   452756762006753.       3.565013897637796E-002
   450240597002266.       3.545201574803149E-002
   452738346992506.       3.564868897637795E-002
   450185746994871.       3.544769685039369E-002
   453207391982405.       3.568562165354333E-002
   451756921986483.       3.557141141732283E-002
   452095561987268.       3.559807598425198E-002
   451641566999988.       3.556232834645669E-002
   451638551998704.       3.556209094488189E-002
