   48.1699981689453     
   48.1334196716856     
   48.1148351510280     
   48.1035741928930     
   48.0846442378341     
   48.0714657285847     
   48.0467811065888     
   48.0283791148767     
   48.0134542585214     
   47.9909679532368     
   47.9724421636298     
   47.9337439385354     
   47.9193097723873     
   47.9131344378659     
   47.8955834542626     
   47.8836585573112     
   47.8984826990130     
   47.8882328575786     
   47.8806031839062     
   47.8809993039520     
   47.8685228824644     
   47.8416632907179     
   47.8466921621039     
   47.8543360370022     
   47.8593496395628     
   47.8778779749970     
   47.8673469666114     
   47.8663316115867     
   47.8612244482263     
   47.8545632441110     
   47.8742047385956     
   47.8883584817878     
   47.8850185761685     
   47.9083828493267     
   47.9101747694444     
   47.9065981808820     
   47.9311815951210     
   47.9355069807085     
   47.9457810898994     
   47.9629520940997     
   47.9927745206478     
   47.9898753898874     
   47.9838705687346     
   48.0016024618675     
   48.0082665077966     
   48.0270376756553     
   48.0420595386643     
   48.0624777361945     
   48.0765342350584     
   48.0933079310135     
   48.1139567042882     
   48.1289006383855     
   48.1313939825441     
   48.1433139489912     
   48.1614776224223     
   48.1701913157426     
   48.1600278026764     
   48.1815858275047     
   48.1981856141177     
   48.2172428065394     
   48.2255743492864     
   48.2409031066344     
   48.2392540695356     
   48.2439649133290     
   48.2529274276484     
   48.2673985271196     
   48.2764722377464     
   48.2888468441357     
   48.2941076255657     
   48.3074783069782     
   48.3242587957485     
   48.3325129976614     
   48.3398969328351     
   48.3364345942801     
   48.3517387453019     
   48.3410595478040     
   48.3540262046496     
   48.3605802309848     
   48.3492975929929     
   48.3726782890235     
   48.3703756372786     
   48.3775029831128     
   48.3953845531028     
   48.3818247511083     
   48.3995191221303     
   48.4055042630845     
   48.4056575780943     
   48.4204352518255     
   48.4242200979274     
   48.4350467334404     
   48.4531796738533     
   48.4571760944960     
   48.4746225461742     
   48.4771690865946     
   48.4753131191035     
   48.4857407947867     
   48.5035919764719     
   48.4991943307393     
   48.5128209236069     
   48.5006631855626     
   48.5014883972238     
   48.5322313090583     
   48.5379943172562     
   48.5411992540841     
   48.5511998291296     
   48.5440488854056     
   48.5585702959354     
   48.5679014898306     
   48.5856951696187     
   48.6003095037887     
   48.6093458519453     
   48.6127629885525     
   48.6115978137917     
   48.6218577361316     
   48.6354548516621     
   48.6412737951426     
   48.6414651759342     
   48.6712805427198     
   48.6585597418553     
   48.6603229863116     
   48.6707666356902     
   48.6804683002934     
   48.6813435731066     
   48.6996488323530     
   48.7063006646026     
   48.7146635207830     
   48.7227958101975     
   48.7281620420106     
   48.7389905817724     
   48.7494249262526     
   48.7556890076945     
   48.7675306441612     
   48.7626107967957     
   48.7731618507129     
   48.7721767223767     
   48.7715946454132     
   48.7519449325059     
   48.7675275927948     
   48.7663190514039     
   48.7825676467620     
   48.7906091201770     
   48.7957082655183     
   48.7924075951914     
   48.8075309966731     
   48.8271813042646     
   48.8224847645759     
   48.8423746979581     
   48.8410774240648     
   48.8465624772886     
   48.8415816551833     
   48.8403685562125     
   48.8398048718042     
   48.8341229840415     
   48.8394336511877     
   48.8382395619904     
   48.8532130297250     
   48.8589733808892     
   48.8691139881177     
   48.8753941949920     
   48.8841527916148     
   48.8848175040874     
   48.8975048686224     
   48.9201027543042     
   48.9190766774254     
   48.9216716321231     
   48.9251064063805     
   48.9289665883549     
   48.9304583328686     
   48.9369456143428     
   48.9536902130192     
   48.9664980359930     
   48.9632178994882     
   48.9566709155094     
   48.9512319963474     
   48.9707678031192     
   48.9602000324433     
   48.9869412021438     
   48.9966666153804     
   49.0095046549020     
   49.0160770018902     
   49.0238264208419     
   49.0302084685124     
   49.0348062588378     
   49.0357164398769     
   49.0243378127745     
   49.0350229101163     
   49.0422151529418     
   49.0501879926657     
   49.0360150713270     
   49.0371187460175     
   49.0454201870552     
   49.0513010612652     
   49.0575228959011     
   49.0491460148861     
   49.0450351434901     
   49.0407507295939     
   49.0427862457702     
   49.0423152914214     
   49.0497246850812     
   49.0534133049931     
   49.0595026040207     
   49.0582891421880     
   49.0773065697949     
   49.0922838694743     
   49.0950809109220     
   49.0819151120893     
   49.0849941699034     
   49.1039364002058     
   49.1115371914499     
   49.1104432599861     
   49.1252714355547     
   49.1298086218739     
   49.1431593862472     
   49.1570315934322     
   49.1605142946938     
   49.1669942546521     
   49.1524658948409     
   49.1664179336394     
   49.1625252811463     
   49.1656902476206     
   49.1741897652930     
   49.1769888066570     
   49.1796011644085     
   49.2025458707277     
   49.2016683132860     
   49.2397973992043     
   49.2381046664660     
   49.2496690340004     
   49.2478636387753     
   49.2583966433531     
   49.2637624251083     
   49.2655847467175     
   49.2498055339052     
   49.2746643234394     
   49.2830949805777     
   49.2856308784871     
   49.3006820302674     
   49.3050956731532     
   49.3195429623712     
   49.3374073078096     
   49.3432112102063     
   49.3397348379797     
   49.3343713106998     
   49.3246186705359     
   49.3277598423535     
   49.3319648085713     
   49.3184170649532     
   49.3199018279923     
   49.3011212352515     
   49.2914039513652     
   49.2838341697243     
   49.2834795515559     
   49.2723105296132     
   49.2780505121790     
   49.2629614004910     
   49.2659107300941     
   49.2590606454556     
   49.2634763140952     
   49.2746803732377     
   49.2688780060211     
   49.2733296000634     
   49.2878675508513     
   49.2926535312118     
   49.2820699623971     
   49.2889906318404     
   49.2959945936754     
   49.3163826961208     
   49.3157859922859     
   49.3095833702720     
   49.3079321198478     
   49.3185697787793     
   49.3355610482315     
   49.3355881247403     
   49.3311146965678     
   49.3315549570689     
   49.3254788929020     
   49.3357693089270     
   49.3512016153135     
   49.3403001701809     
   49.3504133779726     
   49.3555268516564     
   49.3605347347347     
   49.3686994595548     
   49.3649553748045     
   49.3502890562829     
   49.3384925898257     
   49.3465871866806     
   49.3445133849034     
   49.3529062670681     
   49.3485576226562     
