   6.00000000000000     
   5.79999999701977     
   5.74999999627471     
   5.54999999329448     
   5.34999999031425     
   5.14999998733401     
   5.19999998807907     
   4.99999998509884     
   4.93221302635052     
   5.03105993871039     
   4.95525690799432     
   4.90525690724926     
   4.78384683664185     
   4.90527853503698     
   4.70527853205675     
   4.62968572249827     
   4.57968572175321     
   4.77968572473344     
   4.94049693206794     
   4.89049693132288     
   5.09049693430311     
   5.03207676238454     
   4.98207676163948     
   5.18207676461972     
   5.35775399940901     
   5.28627626385799     
   5.08627626087776     
   5.13627626162281     
   5.08627626087776     
   5.28627626385799     
   5.34497226418200     
   5.54497226716224     
   5.34497226418200     
   5.54497226716224     
   5.70779090039597     
   5.65779089965091     
   5.85779090263114     
   5.65779089965091     
   5.60779089890585     
   5.65779089965091     
   5.85779090263114     
   5.73407389318232     
   5.90226365018172     
   6.09723792720819     
   5.89723792422796     
   5.94723792497302     
   5.89723792422796     
   6.07894869099625     
   5.87894868801602     
   5.92894868876107     
   5.85991754649451     
   5.95708572789035     
   5.90090919103198     
   5.95090919177704     
   6.00910343406141     
   5.95910343331635     
   5.90872419061799     
   6.10872419359822     
   6.20652136338749     
   6.15652136264244     
   6.35652136562267     
   6.15652136264244     
   6.10652136189738     
   6.28192880212366     
   6.08192879914342     
   6.28192880212366     
   6.08192879914342     
   6.13192879988848     
   6.22218462074651     
   6.36121953375265     
   6.31121953300760     
   6.51121953598783     
   6.56121953673289     
   6.36121953375265     
   6.16121953077242     
   6.33831708719724     
   6.28831708645218     
   6.23831708570713     
   6.28831708645218     
   6.48831708943242     
   6.43831708868736     
   6.48831708943242     
   6.68831709241265     
   6.53573838556218     
   6.73573838854241     
   6.93573839152264     
   6.99699305700523     
   6.79699305402499     
   6.99699305700523     
   7.05535669897255     
   6.85535669599231     
   6.91673777884711     
   6.81144073003385     
   6.76144072928879     
   6.56144072630856     
   6.76144072928879     
   6.62070909714874     
   6.82070910012897     
   7.00038203678052     
   6.88263086318698     
   6.83263086244193     
   7.03263086542216     
   6.98263086467710     
   6.78263086169687     
   6.85778136858492     
   6.91323229332784     
   7.11323229630807     
   7.31323229928830     
   7.24110013932143     
   7.13534453122409     
   7.33534453420433     
   7.14126169945676     
   7.23315305557269     
   7.17246097900219     
   7.11308140938573     
   7.19435551516322     
   7.12342779601767     
   7.05566923495530     
   7.00566923421024     
   6.80566923123001     
   6.91405113504244     
   6.86405113429738     
   7.05251868618579     
   6.85251868320556     
   6.80251868246050     
   6.89513937097020     
   7.03979047438622     
   7.11955507395378     
   7.24396064952380     
   7.44396065250403     
   7.64396065548427     
   7.48153108646859     
   7.41436750562704     
   7.36436750488198     
   7.56436750786221     
   7.51131810273478     
   7.43908035309990     
   7.38908035235484     
   7.22627618617094     
   7.02627618319071     
   7.10423810989795     
   6.98596430435014     
   7.18596430733037     
   7.05872416506601     
   7.00872416432095     
   7.20872416730118     
   7.12458339609279     
   7.07458339534773     
   7.27458339832796     
   7.47458340130820     
   7.27458339832796     
   7.36153542836704     
   7.41153542911209     
   7.36153542836704     
   7.16153542538680     
   7.10145342229160     
   7.15145342303665     
   7.21290345432930     
   7.34676603454848     
   7.54676603752871     
   7.60705340973154     
   7.40705340675131     
   7.25302811574849     
   7.20302811500344     
   7.13087377839370     
   6.93087377541347     
   6.88087377466841     
   6.83087377392335     
   6.89564964318075     
   6.94564964392581     
   7.13027216464657     
   6.93027216166634     
   7.12840873228718     
   7.02751389180715     
   7.09183623331175     
   7.14183623405680     
   7.08297110815069     
   6.95649764263316     
   6.90649764188810     
   6.96970705951729     
   6.76970705653706     
   6.60508844241433     
   6.55508844166927     
   6.70756933637837     
   6.65756933563331     
   6.85756933861355     
   6.65756933563331     
   6.70756933637837     
   6.62332422586309     
   6.50822152602078     
   6.45822152527572     
   6.57836838145825     
   6.62836838220331     
   6.82836838518354     
   6.64641394587175     
   6.69641394661680     
   6.49641394363657     
   6.67026633625423     
   6.50404577375671     
   6.55404577450177     
