   5.00000000000000        1.00000000000000     
   4.79999999701977        1.10000000149012     
   4.69999999552965        1.12000000104308     
   5.10000000149012        1.08884920290367     
   5.33148632425935       0.988849201413557     
   5.73148633021982       0.888849199923441     
   5.47770782723272       0.988849201413557     
   5.19944455526907        1.00884920096652     
   5.33644287380240       0.908849199476406     
   5.02434539829849       0.947125094194313     
   5.37769173429829       0.875877035804870     
   5.27769173280818       0.899991362557081     
   5.37769173429829       0.919991362110047     
   4.97769172833783       0.939991361663012     
   5.37769173429829       0.879073820038104     
   5.27769173280818       0.909731609263432     
   4.87769172684771       0.939883638910622     
   4.72729349611974       0.959883638463588     
   4.32729349015928       0.979883638016553     
   3.92729348419881        1.01957779046939     
   3.52729347823835       0.989834976269619     
   3.33684666843484        1.03970839092740     
   3.43684666992495        1.06317853674777     
   3.71411153495244        1.02971883964607     
   3.84318985569220       0.972910417678451     
   4.24318986165266       0.872910416188335     
   4.64318986761312       0.787415390082727     
   4.43859527203468       0.870336469003341     
   4.33859527054456       0.770336467513225     
   4.73859527650503       0.729052378498513     
   5.13859528246549       0.679779898041094     
   5.03859528097538       0.709245155098448     
   5.43859528693584       0.609470416929123     
   5.33859528544573       0.641683622849843     
   4.93859527948526       0.682415347904575     
   4.83859527799514       0.612554362821972     
   4.73859527650503       0.592554363269007     
   5.13859528246549       0.564767421742297     
   4.98789961712371       0.587644728047283     
   4.76747922890909       0.607644727600248     
   5.16747923486956       0.627644727153213     
   4.88368444935314       0.527644725663097     
   4.75423422611551       0.550374001130787     
   5.15423423207598       0.450373999640671     
   5.25423423356609       0.470373999193636     
   5.65423423952656       0.494705227022245     
   5.31346663432513       0.594705228512361     
   4.91346662836467       0.655334896790249     
   5.31346663432513       0.555334895300133     
   5.17938195741921       0.595128850176000     
   5.32648927093869       0.575128850623035     
   5.42648927242880       0.603254658963829     
   5.69101777386797       0.535711003183289     
   5.53825021798650       0.608732034058247     
   5.32499795783409       0.657047317531871     
   5.51954212767026       0.630108405112372     
   5.91954213363072       0.530108403622256     
   5.81954213214061       0.579020294044346     
   5.71912899489339       0.559020294491381     
   5.82075617722902       0.526373105086052     
   5.72075617573891       0.546373104639017     
   6.12075618169937       0.446373103148901     
   6.22075618318949       0.466373102701866     
   5.82075617722902       0.566373104191982     
   5.92075617871914       0.546373104639017     
   6.02075618020926       0.590141038357222     
   6.42075618616972       0.490141036867106     
   6.32075618467961       0.510141036420071     
   6.22075618318949       0.530141035973036     
   5.82075617722902       0.574593998447395     
   5.92075617871914       0.554593998894430     
   5.52075617275868       0.609296724559731     
   5.21760991151975       0.589296725006766     
   4.81760990555928       0.657055040053710     
   4.91760990704940       0.623420526188754     
   4.51760990108894       0.603420526635789     
   4.76891347203540       0.703420528125905     
   4.36891346607493       0.770309252184460     
   4.50169779832615       0.750309252631495     
   4.30900764218767       0.850309254121611     
   4.20900764069756       0.870309253674576     
   4.41017914654206       0.770309252184460     
   4.81017915250252       0.670309250694344     
   5.21017915846299       0.570309249204228     
   5.61017916442345       0.470309247714112     
   6.01017917038392       0.370309246223996     
   5.61017916442345       0.463374064867704     
   5.51017916293334       0.410291711032528     
   5.11017915697287       0.310291709542412     
   4.95500594067692       0.290291709989446     
   5.05500594216704       0.194335092618451     
   5.43190126487382       0.126545523339103     
   5.58561889275915       0.100000000000000     
   5.81833207065547       0.125739773609613     
   6.21833207661594       0.145739773162578     
   6.11833207512582       0.125739773609613     
   6.01833207363570       0.225739775099729     
   5.90174512741931       0.313639569690055     
   6.06397874542270       0.336469639359666     
   5.96397874393259       0.236469637869550     
   5.79335025128970       0.164147863401034     
   5.39335024532923       0.196435106273211     
   5.79335025128970       0.100000000000000     
   5.69335024979958       0.100000000000000     
   5.29335024383912       0.100000000000000     
   4.94987974395391       0.119999999552965     
   5.13138378595906       0.157382531128273     
   4.90770682519055       0.177382530681239     
   5.00770682668066       0.277382532171355     
   5.40770683264113       0.235835100233572     
   5.17591285163490       0.270013075413819     
   5.48119671444708       0.170013073923703     
   5.16794127151002       0.130241446693929     
   5.43914506973912       0.170515675760971     
   5.03914506377865       0.251784653455573     
   5.29896177194768       0.151784651965456     
   5.42426894716550       0.111163582821111     
   5.02426894120504       0.150219690599412     
   5.29187605412270       0.170219690152377     
   5.69187606008316       0.100000000000000     
   5.50142041390938       0.200000001490116     
   5.35137225075959       0.180000001937151     
   5.17881640564188       0.100000000000000     
   5.29109041058936       0.100000000000000     
   5.69109041654983       0.200000001490116     
   5.59109041505971       0.300000002980232     
   5.71522287030044       0.213421080064188     
   5.57955896553309       0.136535139989914     
   5.81190419629143       0.176600876944548     
   5.71190419480132       0.276600878434664     
   5.89512824430123       0.176600876944548     
   5.79512824281111       0.205057949524529     
   5.39512823685065       0.180181483013906     
   5.79512824281111       0.100000000000000     
   5.58355405802899       0.137946821766994     
   5.48355405653888       0.157946821319959     
   5.36365968856830       0.177946820872924     
   4.96365968260784       0.277946822363040     
   5.29304813609644       0.177946820872924     
   5.39304813758656       0.100000000000000     
   5.79304814354703       0.100000000000000     
   5.54572927680054       0.190780467926855     
   5.94572928276100       0.126789117653339     
   6.04572928425112       0.100000000000000     
   6.14572928574124       0.100000000000000     
   6.54572929170170       0.100000000000000     
   6.41157987842867       0.100000000000000     
   6.01157987246820       0.100000000000000     
   5.61157986650774       0.200000001490116     
   5.79607670222650       0.280241284507820     
   5.89607670371661       0.180241283017704     
   6.29607670967708       0.100000000000000     
   6.19607670818696       0.100000000000000     
   5.79607670222650       0.100000000000000     
   5.96775826553168       0.100000000000000     
   6.06775826702179       0.100000000000000     
   6.46775827298226       0.100000000000000     
   6.56775827447237       0.100000000000000     
   6.16775826851191       0.200000001490116     
   5.76775826255144       0.300000002980232     
   5.36775825659098       0.400000004470348     
   5.71120793955494       0.300000002980232     
   5.48534546977419       0.353443833032297     
   5.81077599804202       0.300108190484649     
   5.91077599953214       0.280108190931684     
   6.18227902297487       0.180108189441568     
   5.82804369483395       0.208936141268190     
   6.00438798769163       0.233938656176345     
   6.14064932948129       0.253938655729310     
   5.74064932352082       0.353938657219426     
   5.59568663927011       0.253938655729310     
   5.36908249112833       0.185920634883741     
   5.26908248963821       0.205920634436706     
   4.86908248367774       0.185920634883741     
   4.76908248218763       0.100000000000000     
   5.15582896466979       0.100000000000000     
   5.25582896615990       0.100000000000000     
   5.65582897212037       0.100000000000000     
   5.25582896615990       0.125405953672689     
   5.65582897212037       0.105405954119724     
   5.80915596315467       0.130853838405499     
   6.11651486374630       0.163973612901226     
   6.21651486523641       0.217526575055075     
   6.11651486374630       0.317526576545191     
   5.71651485778583       0.417526578035307     
   5.81651485927595       0.342978364207787     
   5.41651485331548       0.296167012088271     
   5.55336359042898       0.316167011641237     
   5.65336359191910       0.281344622734722     
   5.79756705758343       0.247036383016430     
   5.69756705609331       0.267036382569395     
   5.47087707757794       0.336306698723696     
   5.37087707608783       0.356306698276661     
   4.97087707012736       0.456306699766777     
   5.37087707608783       0.377600753497564     
   5.50836698613080       0.312249155077086     
   5.39405833741405       0.260968284952053     
   5.29405833592393       0.300437617270819     
   5.39405833741405       0.385640028775560     
   4.99405833145359       0.469035066796575     
