   6.4675787234042562E-002   4.1851063829787236E-005   0.0000000000000000     
   6.7404638297872327E-002   4.4361702127659572E-005   0.0000000000000000     
   6.7358808510638302E-002   3.4382978723404259E-005   0.0000000000000000     
   6.5796510638297875E-002   6.7063829787234033E-005   0.0000000000000000     
   7.4028382978723384E-002   4.9595744680851070E-005   2.6595744680851065E-006
   9.3902042553191470E-002   1.0251063829787237E-004   0.0000000000000000     
  0.11668799999999996        7.1042553191489377E-005   0.0000000000000000     
  0.16972008510638298        1.7989361702127658E-004   4.2553191489361706E-006
  0.20764008510638293        3.9557446808510642E-004   8.5106382978723397E-007
  0.22886017021276592        4.0325531914893611E-004   4.7021276595744678E-006
   2.6195744680851066E-003   0.0000000000000000        0.0000000000000000     
   2.6891489361702122E-003   0.0000000000000000        0.0000000000000000     
   2.4642127659574467E-003   0.0000000000000000        0.0000000000000000     
   2.7957446808510636E-003   0.0000000000000000        0.0000000000000000     
   4.1744680851063818E-003   0.0000000000000000        0.0000000000000000     
   7.7882553191489347E-003   0.0000000000000000        0.0000000000000000     
   1.9649617021276593E-002   2.1276595744680850E-008   0.0000000000000000     
   5.3472510638297895E-002   3.9893617021276587E-005   0.0000000000000000     
  0.12351306382978723        1.1753191489361698E-004   2.1276595744680850E-008
  0.19739987234042550        3.9097872340425522E-004   2.8085106382978724E-006
   5.2212765957446809E-005   0.0000000000000000        0.0000000000000000     
   5.3361702127659588E-005   0.0000000000000000        0.0000000000000000     
   5.6170212765957446E-005   0.0000000000000000        0.0000000000000000     
   9.5617021276595723E-005   0.0000000000000000        0.0000000000000000     
   2.1357446808510636E-004   0.0000000000000000        0.0000000000000000     
   3.6306382978723410E-004   0.0000000000000000        0.0000000000000000     
   2.6654042553191488E-003   0.0000000000000000        0.0000000000000000     
   1.7182468085106383E-002   2.1276595744680852E-007   0.0000000000000000     
   7.2048127659574440E-002   2.2914893617021276E-005   8.7234042553191487E-007
  0.16606123404255316        2.8717021276595747E-004   5.1063829787234043E-007
   1.8382978723404253E-005   0.0000000000000000        0.0000000000000000     
   7.6595744680851069E-007   0.0000000000000000        0.0000000000000000     
   4.0595744680851062E-005   0.0000000000000000        0.0000000000000000     
   1.2765957446808511E-007   0.0000000000000000        0.0000000000000000     
   4.2127659574468080E-006   0.0000000000000000        0.0000000000000000     
   2.0808510638297876E-005   0.0000000000000000        0.0000000000000000     
   1.9557446808510644E-004   0.0000000000000000        0.0000000000000000     
   3.7266382978723405E-003   9.3617021276595747E-007   0.0000000000000000     
   3.7767319148936163E-002   2.1063829787234040E-006   0.0000000000000000     
  0.14370421276595743        1.6874468085106384E-004   0.0000000000000000     
   0.0000000000000000        0.0000000000000000        0.0000000000000000     
   0.0000000000000000        0.0000000000000000        0.0000000000000000     
   0.0000000000000000        0.0000000000000000        0.0000000000000000     
   0.0000000000000000        0.0000000000000000        0.0000000000000000     
   0.0000000000000000        0.0000000000000000        0.0000000000000000     
   0.0000000000000000        0.0000000000000000        0.0000000000000000     
   8.0680851063829795E-005   0.0000000000000000        0.0000000000000000     
   7.0506382978723396E-004   0.0000000000000000        0.0000000000000000     
   2.2129021276595742E-002   2.1276595744680850E-008   0.0000000000000000     
  0.12349493617021277        1.4455319148936168E-004   4.2553191489361700E-008
  0.79788127659574493        4.9339574468085096E-003   6.3829787234042551E-007
  0.76691578723404263        4.6758936170212756E-003   9.5531914893617019E-006
  0.77936004255319147        4.7021914893617036E-003   1.9574468085106385E-006
  0.81696689361702124        5.7883829787234060E-003   7.2978723404255325E-006
  0.84351893617021290        5.5084255319148914E-003   1.7446808510638295E-006
  0.82381034042553181        5.8687446808510634E-003   1.1553191489361703E-005
  0.25016974468085112        6.5540425531914913E-004   8.0851063829787239E-007
   3.6391914893617025E-002   4.0191489361702123E-005   0.0000000000000000     
   5.4550851063829772E-002   1.3608510638297872E-004   1.7872340425531913E-006
   4.3924085106382987E-002   1.3561702127659576E-004   0.0000000000000000     
   7.2365361702127651E-002   5.1063829787234044E-005   0.0000000000000000     
   7.4318553191489362E-002   3.9170212765957440E-005   0.0000000000000000     
   8.0180553191489368E-002   7.7340425531914896E-005   0.0000000000000000     
   8.5889489361702140E-002   6.3425531914893625E-005   0.0000000000000000     
  0.11370434042553189        9.2659574468085089E-005   0.0000000000000000     
  0.17787561702127663        2.5397872340425531E-004   0.0000000000000000     
  0.32038646808510640        8.5208510638297885E-004   1.5531914893617021E-006
  0.62374646808510648        2.8710851063829782E-003   4.2553191489361700E-008
   4.6296638297872353E-002   3.0170212765957448E-005   0.0000000000000000     
   3.2071276595744665E-002   3.0148936170212769E-005   0.0000000000000000     
   3.7870212765957448E-003   0.0000000000000000        0.0000000000000000     
   4.4541702127659571E-003   0.0000000000000000        0.0000000000000000     
   3.3492765957446810E-003   0.0000000000000000        0.0000000000000000     
   6.4249787234042545E-003   0.0000000000000000        0.0000000000000000     
   9.4132340425531931E-003   1.7872340425531913E-006   0.0000000000000000     
   2.2154808510638304E-002   4.6808510638297873E-007   0.0000000000000000     
   6.9271021276595734E-002   1.9702127659574472E-005   0.0000000000000000     
  0.28057378723404253        6.5053191489361690E-004   6.3829787234042553E-008
  0.27501523404255324        8.3112765957446815E-004   5.0212765957446805E-006
   3.7370808510638294E-002   1.1602127659574469E-004   0.0000000000000000     
   2.3872340425531906E-004   0.0000000000000000        0.0000000000000000     
   2.7140425531914895E-004   0.0000000000000000        0.0000000000000000     
   1.7182978723404255E-004   0.0000000000000000        0.0000000000000000     
   5.1344680851063830E-004   0.0000000000000000        0.0000000000000000     
   8.1842553191489376E-004   0.0000000000000000        0.0000000000000000     
   1.6958297872340428E-003   0.0000000000000000        0.0000000000000000     
   1.2903702127659572E-002   8.0425531914893614E-006   0.0000000000000000     
  0.10146893617021277        4.9063829787234029E-005   0.0000000000000000     
  0.52156314893617017        2.3260851063829787E-003   3.4893617021276595E-006
   3.7968638297872344E-002   4.7574468085106397E-005   0.0000000000000000     
   2.5531914893617021E-007   0.0000000000000000        0.0000000000000000     
   1.4042553191489362E-006   0.0000000000000000        0.0000000000000000     
   0.0000000000000000        0.0000000000000000        0.0000000000000000     
   0.0000000000000000        0.0000000000000000        0.0000000000000000     
   3.6255319148936165E-005   0.0000000000000000        0.0000000000000000     
   1.0442553191489362E-004   0.0000000000000000        0.0000000000000000     
   2.0219999999999999E-003   0.0000000000000000        0.0000000000000000     
   3.1646425531914893E-002   1.4574468085106382E-005   0.0000000000000000     
  0.36409391489361698        1.0605744680851066E-003   3.7872340425531912E-006
   2.5122893617021278E-002   2.1276595744680850E-008   0.0000000000000000     
   1.4756051489361703        1.7316382978723403E-002   3.1063829787234050E-006
   1.5194507234042554        1.7800212765957443E-002   1.5978723404255317E-005
   1.4650262553191489        1.6772106382978724E-002   4.0638297872340425E-006
   1.2003017872340420        1.2316574468085104E-002   1.3234042553191491E-005
  0.83325306382978725        6.7987659574468067E-003   1.5574468085106385E-005
  0.38516502127659591        2.0915531914893616E-003   2.1276595744680850E-008
  0.17157651063829785        4.0382978723404241E-004   3.5106382978723404E-006
   9.5044085106383000E-002   1.1002127659574466E-004   0.0000000000000000     
   8.1977106382978740E-002   1.0808510638297870E-004   1.9148936170212767E-007
   9.2343319148936176E-002   2.9212765957446811E-004   1.9787234042553190E-006
   1.0072082553191486        8.5448510638297861E-003   6.1063829787234047E-006
  0.97678940425531924        7.6112978723404260E-003   6.1702127659574471E-007
   1.0518684255319146        8.6324680851063828E-003   1.4744680851063831E-005
   1.1204507234042551        1.0654106382978725E-002   6.7446808510638299E-006
   1.2619100425531913        1.2777872340425536E-002   1.5106382978723403E-006
   1.5883441276595742        2.0537936170212760E-002   9.7446808510638300E-006
   1.8155400000000004        2.7707106382978727E-002   1.9212765957446810E-005
  0.26283714893617027        1.0505106382978726E-003   6.5531914893617018E-006
  0.12308527659574467        3.2268085106382970E-004   2.1276595744680850E-008
   8.1405574468085107E-002   1.0180851063829788E-004   0.0000000000000000     
  0.11317417021276596        8.1553191489361704E-005   6.3829787234042553E-008
  0.10934131914893616        1.2089361702127658E-004   0.0000000000000000     
  0.11651476595744679        1.4487234042553191E-004   0.0000000000000000     
  0.14393463829787231        1.9536170212765955E-004   0.0000000000000000     
  0.18876408510638293        2.2257446808510642E-004   0.0000000000000000     
  0.37449497872340431        1.2540425531914893E-003   6.7872340425531917E-006
  0.88535234042553190        6.5712127659574475E-003   0.0000000000000000     
   1.3790088510638305        1.5693957446808512E-002   4.2765957446808515E-006
   7.4044212765957462E-002   1.4161702127659577E-004   0.0000000000000000     
   8.2560255319148929E-002   1.9376595744680853E-004   0.0000000000000000     
   7.2353617021276590E-003   0.0000000000000000        0.0000000000000000     
   9.3608936170212747E-003   0.0000000000000000        0.0000000000000000     
   7.8163404255319150E-003   0.0000000000000000        0.0000000000000000     
   1.2304340425531916E-002   0.0000000000000000        0.0000000000000000     
   1.8583021276595734E-002   1.5319148936170214E-006   0.0000000000000000     
   5.4617234042553198E-002   1.1340425531914894E-005   0.0000000000000000     
  0.23662378723404265        5.9980851063829777E-004   0.0000000000000000     
   1.1105288936170215        9.8052340425531914E-003   2.4893617021276593E-006
  0.14122761702127659        2.5817021276595752E-004   0.0000000000000000     
  0.10202119148936169        1.7604255319148937E-004   0.0000000000000000     
   2.9885106382978720E-004   0.0000000000000000        0.0000000000000000     
   5.1280851063829783E-004   0.0000000000000000        0.0000000000000000     
   5.4944680851063831E-004   0.0000000000000000        0.0000000000000000     
   8.0297872340425521E-004   0.0000000000000000        0.0000000000000000     
   1.7507234042553194E-003   0.0000000000000000        0.0000000000000000     
   4.8749361702127656E-003   0.0000000000000000        0.0000000000000000     
   5.0510425531914885E-002   2.6808510638297873E-005   0.0000000000000000     
  0.51665195744680847        2.1441489361702123E-003   0.0000000000000000     
  0.20651234042553196        3.6408510638297870E-004   0.0000000000000000     
   7.3866510638297855E-002   8.8702127659574472E-005   2.7446808510638297E-006
   1.1121149361702130        8.5906595744680847E-003   3.9148936170212762E-006
   1.1162093617021278        5.9772127659574450E-003   7.1276595744680853E-006
   1.0396926382978720        6.8263617021276594E-003   6.5531914893617035E-006
  0.86050710638297878        5.1502978723404255E-003   4.2553191489361700E-008
  0.68887595744680863        2.9110425531914900E-003   9.5744680851063816E-007
  0.38166868085106370        6.2229787234042565E-004   8.9361702127659567E-007
  0.19307936170212764        5.4668085106382978E-004   4.2553191489361700E-008
  0.22972340425531923        4.4725531914893615E-004   0.0000000000000000     
  0.11222463829787234        1.3206382978723404E-004   0.0000000000000000     
  0.10544936170212765        1.6057446808510637E-004   0.0000000000000000     
   4.5234879574468092       0.16002765957446805        1.2531914893617024E-005
   4.5168753191489364       0.16723576595744680        3.0404255319148936E-005
   4.5993894893617009       0.16459508510638299        1.9595744680851059E-005
   4.5630496595744683       0.17082770212765958        5.0255319148936166E-005
   4.3688025957446817       0.15019331914893619        2.3148936170212771E-005
   3.5651641276595742       0.10027817021276597        4.0297872340425526E-005
   1.7010237446808509        2.1631148936170207E-002   2.6042553191489367E-005
  0.21690638297872350        6.0487234042553206E-004   2.1276595744680850E-008
  0.11886651063829788        3.6087234042553193E-004   0.0000000000000000     
  0.17486017021276606        2.6540425531914886E-004   0.0000000000000000     
   1.3787452340425528        1.5789234042553189E-002   5.5106382978723395E-006
   1.4688455744680853        1.6329170212765955E-002   1.0425531914893618E-006
   1.4655024255319147        1.7988382978723412E-002   1.4893617021276595E-007
   1.6517337446808513        2.1828553191489360E-002   1.4255319148936171E-006
   2.0758336595744686        3.5031744680851067E-002   4.6170212765957451E-006
   2.9681911914893631        7.4344808510638308E-002   4.5106382978723406E-006
   3.5210117872340430        9.7286574468085127E-002   2.3170212765957451E-005
  0.80998289361702125        5.8345957446808514E-003   1.6808510638297870E-006
   9.9771446808510647E-002   1.8789361702127661E-004   0.0000000000000000     
  0.11475995744680854        1.5227659574468084E-004   0.0000000000000000     
  0.16041587234042559        2.2648936170212766E-004   0.0000000000000000     
  0.17495451063829789        2.1861702127659574E-004   0.0000000000000000     
  0.20094574468085111        3.6719148936170210E-004   1.6595744680851064E-006
  0.22822519148936171        4.2985106382978730E-004   0.0000000000000000     
  0.35960604255319140        8.5146808510638263E-004   7.6595744680851069E-007
  0.85436310638297885        6.5515319148936185E-003   0.0000000000000000     
   2.2235934893617024        4.1003914893617009E-002   1.1106382978723404E-005
   2.2332551489361698        3.9341617021276608E-002   6.9361702127659580E-006
  0.15148072340425534        3.4553191489361702E-004   0.0000000000000000     
   7.7390936170212740E-002   2.4663829787234043E-004   0.0000000000000000     
   1.3181489361702128E-002   0.0000000000000000        0.0000000000000000     
   1.7274127659574468E-002   0.0000000000000000        0.0000000000000000     
   1.6426085106382975E-002   4.7659574468085105E-006   0.0000000000000000     
   2.6156553191489362E-002   0.0000000000000000        0.0000000000000000     
   4.3894340425531912E-002   1.5957446808510637E-005   0.0000000000000000     
  0.14149468085106387        2.4323404255319149E-004   0.0000000000000000     
  0.80668646808510647        5.2709574468085101E-003   0.0000000000000000     
   2.6714646382978726        5.6578255319148923E-002   2.7638297872340429E-005
  0.16568540425531914        3.6619148936170207E-004   0.0000000000000000     
   8.7059744680851051E-002   1.5002127659574467E-004   0.0000000000000000     
  0.60983119148936171        2.6544042553191495E-003   0.0000000000000000     
  0.69099395744680847        1.9410851063829783E-003   1.0638297872340427E-006
  0.48791885106382987        1.0401276595744685E-003   8.9361702127659567E-007
  0.60376748936170199        1.5830425531914896E-003   0.0000000000000000     
  0.38021463829787222        7.6131914893617014E-004   0.0000000000000000     
  0.20657527659574468        2.5108510638297872E-004   0.0000000000000000     
  0.11074289361702125        1.1636170212765957E-004   0.0000000000000000     
   8.8487234042553209E-002   3.5553191489361704E-005   0.0000000000000000     
  0.10532144680851065        1.4278723404255320E-004   2.1276595744680850E-008
   4.6594723404255314E-002   1.9578723404255319E-004   0.0000000000000000     
   4.7795248085106392       0.11504738297872338        2.0042553191489363E-005
   4.8868609787234050       0.12212080851063829        4.3063829787234046E-005
   4.4581655744680848       0.10314302127659575        2.6319148936170214E-005
   4.2441644680851072        9.5934872340425512E-002   1.3446808510638296E-005
   3.3961719574468074        5.4563106382978718E-002   1.0468085106382979E-005
   2.6797051914893615        2.8762978723404258E-002   3.9361702127659571E-006
  0.94873761702127679        4.4354042553191491E-003   0.0000000000000000     
  0.16192378723404255        1.5385106382978726E-004   0.0000000000000000     
   7.6583999999999985E-002   1.4178723404255320E-004   0.0000000000000000     
   8.5382297872340418E-002   2.4097872340425529E-004   4.6808510638297873E-007
   6.8022565531914925       0.36607859574468088        2.1744680851063832E-005
   6.9737130638297868       0.37343740425531902        6.1000000000000005E-005
   7.0286271063829782       0.40104955319148938        3.6702127659574469E-005
   6.8665136170212762       0.38012138297872328        3.2106382978723401E-005
   6.9565551063829778       0.36485417021276589        2.2723404255319153E-005
   5.6916870638297876       0.22289163829787234        2.7893617021276597E-005
   3.0197383404255320        5.3934765957446812E-002   1.6276595744680849E-005
  0.43121821276595751        1.4341489361702129E-003   0.0000000000000000     
  0.10637834042553193        7.4191489361702129E-005   0.0000000000000000     
   7.3766553191489365E-002   2.1063829787234040E-006   0.0000000000000000     
   2.1090157021276594        3.5174893617021273E-002   8.2765957446808496E-006
   2.1553132340425538        3.7931297872340439E-002   5.1702127659574476E-006
   2.3534623404255317        4.6587382978723398E-002   4.4680851063829783E-007
   2.5905843829787236        5.6319319148936162E-002   1.1212765957446809E-005
   3.5279463829787234        9.7789531914893604E-002   9.9787234042553199E-006
   5.1359817446808496       0.20558895744680852        1.1574468085106382E-005
   5.3016617872340417       0.21179329787234036        4.7531914893617018E-005
   1.3830809361702125        1.1736000000000000E-002   3.2553191489361704E-006
  0.13441914893617021        2.1853191489361703E-004   0.0000000000000000     
   9.3366127659574485E-002   1.3729787234042549E-004   0.0000000000000000     
  0.28097974468085113        6.4363829787234060E-004   0.0000000000000000     
  0.28574029787234040        8.3929787234042540E-004   0.0000000000000000     
  0.35185685106382991        9.8023404255319162E-004   0.0000000000000000     
  0.42677744680851049        1.6262553191489363E-003   0.0000000000000000     
  0.71746468085106385        4.8493617021276589E-003   8.3191489361702131E-006
   1.7350260000000000        2.3951489361702133E-002   1.4893617021276595E-007
   4.6220179148936174       0.17708685106382982        2.1297872340425531E-005
   3.0254882553191487        5.9591319148936180E-002   9.1914893617021266E-006
  0.14354438297872346        1.9008510638297870E-004   0.0000000000000000     
   6.5489234042553190E-002   2.5851063829787234E-005   0.0000000000000000     
  0.38250497872340422        1.0834255319148937E-003   0.0000000000000000     
  0.32417936170212769        8.2027659574468090E-004   0.0000000000000000     
  0.27335144680851059        6.1706382978723398E-004   0.0000000000000000     
  0.25040668085106388        4.9597872340425534E-004   0.0000000000000000     
  0.23382319148936170        4.3929787234042560E-004   0.0000000000000000     
  0.11926021276595748        2.9227659574468086E-004   0.0000000000000000     
   6.6345191489361702E-002   1.2765957446808511E-007   0.0000000000000000     
   5.6289574468085114E-002   0.0000000000000000        0.0000000000000000     
   5.6049829787234044E-002   7.0914893617021274E-005   0.0000000000000000     
   3.9148340425531926E-002   1.4893617021276595E-007   0.0000000000000000     
   1.6805268510638296        8.2082340425531902E-003   4.2553191489361700E-008
   1.8173406382978718        7.6517021276595720E-003   2.0425531914893617E-006
   1.8721842127659574        8.3197234042553178E-003   7.4255319148936179E-006
   1.6725606382978719        8.0637234042553203E-003   6.6595744680851072E-006
   1.5600386808510633        7.8389787234042548E-003   6.8085106382978720E-007
   1.1806995319148939        3.9238936170212764E-003   1.7021276595744680E-007
  0.48695387234042542        7.4461702127659565E-004   0.0000000000000000     
  0.11364893617021272        2.0759574468085106E-004   0.0000000000000000     
   4.8839361702127652E-002   1.4893617021276594E-006   0.0000000000000000     
   3.9127531914893619E-002   4.2553191489361704E-007   0.0000000000000000     
   6.2969632340425532       0.17853499999999997        1.1319148936170212E-005
   6.6978251489361691       0.17326561702127660        2.0914893617021275E-005
   6.0758946382978722       0.14191500000000001        1.9659574468085104E-005
   5.9549865957446819       0.12962595744680849        2.5829787234042548E-005
   4.5052701702127660        6.4364893617021274E-002   1.5510638297872340E-005
   2.9722191063829788        3.0045872340425533E-002   1.0978723404255319E-005
   1.4763012765957451        7.1630212765957449E-003   0.0000000000000000     
  0.26383570212765955        2.9338297872340426E-004   0.0000000000000000     
   5.5131829787234042E-002   1.7048936170212768E-004   0.0000000000000000     
   3.7192085106382979E-002   4.6382978723404260E-006   0.0000000000000000     
   9.5706783829787199       0.70341002127659580        1.4170212765957447E-005
   9.6848701276595737       0.70292478723404261        1.8212765957446809E-005
   9.8617954468085092       0.68811061702127652        2.7468085106382975E-005
   9.9538552340425532       0.67579929787234039        3.5382978723404257E-005
   9.7240063404255306       0.62285940425531894        2.0808510638297869E-005
   7.2221625957446829       0.30504921276595742        3.3191489361702122E-005
   3.3345072765957449        4.1569723404255313E-002   1.5340425531914896E-005
  0.66435536170212783        2.1727872340425529E-003   6.3829787234042553E-008
  0.14073319148936170        6.0595744680851060E-005   0.0000000000000000     
   4.8399063829787252E-002   1.1787234042553190E-005   0.0000000000000000     
   3.1036894468085103        7.6810425531914889E-002   1.2148936170212767E-005
   3.2848451489361703        9.1789297872340414E-002   1.2595744680851065E-005
   3.4998482553191486        9.5648361702127649E-002   1.1574468085106382E-005
   4.1106762127659575       0.13817225531914898        2.8510638297872342E-006
   5.8707215744680834       0.26796761702127658        2.3617021276595748E-005
   8.2851810638297874       0.52333210638297878        2.6659574468085111E-005
   6.3109890638297834       0.22869512765957448        7.7021276595744687E-006
   1.3099231914893616        6.5767872340425550E-003   0.0000000000000000     
   8.3901957446808520E-002   2.5580851063829787E-004   0.0000000000000000     
   3.8941787234042548E-002   0.0000000000000000        0.0000000000000000     
   2.0109130212765951        5.2815957446808509E-003   6.1702127659574465E-006
   1.4583949787234041        3.3183617021276595E-003   0.0000000000000000     
   1.8439706808510636        4.9934255319148942E-003   7.6595744680851069E-007
   1.5535908510638299        1.0555617021276593E-002   5.7446808510638291E-007
   1.5074420425531914        3.6056808510638292E-003   2.1276595744680852E-007
  0.98167480851063837        2.0067659574468082E-003   6.3829787234042553E-008
  0.77402042553191508        2.0422553191489366E-003   0.0000000000000000     
  0.24403634042553196        1.3236170212765956E-004   0.0000000000000000     
   6.8933234042553193E-002   3.5212765957446809E-005   0.0000000000000000     
   8.3444808510638277E-002   0.0000000000000000        0.0000000000000000     
   8.8889184255319140       0.21711961702127663        3.2127659574468086E-006
   8.9306698723404256       0.19303714893617022        1.9489361702127660E-005
   8.1594847659574476       0.17070063829787235        9.2340425531914918E-006
   7.6700698723404273       0.13139314893617018        3.2808510638297869E-005
   5.3299664680851055        6.3577531914893612E-002   9.0425531914893620E-006
   2.8749386808510637        1.2783276595744681E-002   5.1276595744680850E-006
   1.3976908085106383        6.7150851063829779E-003   0.0000000000000000     
  0.27866885106382977        3.9787234042553196E-004   0.0000000000000000     
   4.8958723404255319E-002   7.8510638297872350E-006   0.0000000000000000     
   1.7615361702127658E-002   0.0000000000000000        0.0000000000000000     
   12.757816468085110        1.0152951276595743        5.6000000000000013E-005
   12.545274638297871       0.99143417021276614        2.7319148936170221E-005
   12.796569829787238        1.0077010212765958        3.6446808510638298E-005
   13.213934936170210        1.0220591702127662        3.0787234042553189E-005
   12.572998340425537       0.70220204255319141        4.8893617021276596E-005
   7.5132944680851050       0.19258736170212756        2.5170212765957442E-005
   2.4685972340425533        1.9648425531914891E-002   1.1553191489361701E-005
  0.82164242553191535        1.6940851063829787E-003   0.0000000000000000     
   5.1303957446808504E-002   1.1906382978723404E-004   0.0000000000000000     
  0.11463268085106383        9.7234042553191491E-006   0.0000000000000000     
   10.884963446808507       0.18113625531914890        1.0531914893617022E-005
   10.890116553191488       0.18864889361702131        2.5319148936170211E-006
   11.216559702127665       0.18026248936170208        7.8723404255319142E-006
   8.4856815319148957       0.10601882978723404        1.4680851063829787E-006
   5.8559230212765945        5.8713127659574475E-002   1.0340425531914894E-005
   2.9725865106382980        8.9941276595744690E-003   4.2553191489361700E-008
   1.0507096595744680        8.7961276595744670E-003   0.0000000000000000     
  0.28752025531914899        7.1755319148936170E-004   0.0000000000000000     
  0.15881872340425529        3.5531914893617025E-005   0.0000000000000000     
   6.9228765957446814E-002   2.4000000000000001E-005   0.0000000000000000     
