1.736292924256239933e+00
1.497340714194919986e+00
1.000000000000000000e+01
1.000000000000000000e+01
1.000000000000000000e+01
1.000000000000000000e+01
1.000000000000000000e+01
1.000000000000000000e+01
1.000000000000000000e+01
1.513178238391319930e+00
1.000000000000000000e+01
1.000000000000000000e+01
1.312151120100949919e+00
1.000000000000000000e+01
1.000000000000000000e+01
1.572562510540240099e+00
1.000000000000000000e+01
1.446104589478439895e+00
1.000000000000000000e+01
1.000000000000000000e+01
1.448114400948649960e+00
