1.000000000000000000e+01
1.000000000000000000e+01
1.000000000000000000e+01
1.000000000000000000e+01
1.000000000000000000e+01
1.000000000000000000e+01
1.000000000000000000e+01
1.000000000000000000e+01
2.835221564009729800e+00
2.325952004485769997e+00
2.778353632984349897e+00
9.994191104115660806e+00
1.000000000000000000e+01
1.000000000000000000e+01
1.000000000000000000e+01
1.000000000000000000e+01
1.000000000000000000e+01
1.000000000000000000e+01
2.320874367758479995e+00
2.673223114335550044e+00
2.480945817800590092e+00

