  6.430620000000001E-002  2.674000000000000E-005  0.000000000000000E+000
  6.711228000000000E-002  3.954000000000000E-005  0.000000000000000E+000
  7.183643999999999E-002  5.358000000000000E-005  0.000000000000000E+000
  6.993036000000002E-002  3.180000000000001E-005  0.000000000000000E+000
  7.919279999999999E-002  4.218000000000001E-005  0.000000000000000E+000
  9.223620000000000E-002  4.519999999999999E-005  0.000000000000000E+000
  0.114416400000000       1.287400000000000E-004  0.000000000000000E+000
  0.162773760000000       1.915000000000001E-004  1.000000000000000E-007
  0.211071240000000       3.747400000000000E-004  1.200000000000000E-007
  0.229694160000000       4.416600000000000E-004  1.200000000000000E-007
  2.750040000000000E-003  0.000000000000000E+000  0.000000000000000E+000
  3.036000000000000E-003  0.000000000000000E+000  0.000000000000000E+000
  2.841000000000001E-003  0.000000000000000E+000  0.000000000000000E+000
  3.012840000000001E-003  0.000000000000000E+000  0.000000000000000E+000
  4.571039999999999E-003  0.000000000000000E+000  0.000000000000000E+000
  7.601039999999999E-003  9.200000000000000E-007  0.000000000000000E+000
  1.877892000000000E-002  2.480000000000000E-006  3.200000000000000E-007
  5.122488000000001E-002  1.784000000000001E-005  1.400000000000000E-007
  0.123824760000000       1.400800000000000E-004  0.000000000000000E+000
  0.199485600000000       3.139799999999999E-004  7.799999999999999E-007
  1.503600000000000E-004  0.000000000000000E+000  0.000000000000000E+000
  1.278000000000000E-004  0.000000000000000E+000  0.000000000000000E+000
  6.911999999999999E-005  0.000000000000000E+000  0.000000000000000E+000
  4.356000000000000E-005  0.000000000000000E+000  0.000000000000000E+000
  2.306400000000000E-004  0.000000000000000E+000  0.000000000000000E+000
  4.261199999999998E-004  0.000000000000000E+000  0.000000000000000E+000
  2.510280000000000E-003  0.000000000000000E+000  0.000000000000000E+000
  1.499736000000000E-002  3.400000000000000E-006  0.000000000000000E+000
  6.654504000000001E-002  4.938000000000000E-005  0.000000000000000E+000
  0.166630920000000       2.753400000000001E-004  8.000000000000000E-008
  0.000000000000000E+000  0.000000000000000E+000  0.000000000000000E+000
  0.000000000000000E+000  0.000000000000000E+000  0.000000000000000E+000
  0.000000000000000E+000  0.000000000000000E+000  0.000000000000000E+000
  0.000000000000000E+000  0.000000000000000E+000  0.000000000000000E+000
  2.928000000000000E-005  0.000000000000000E+000  0.000000000000000E+000
  6.720000000000001E-005  0.000000000000000E+000  0.000000000000000E+000
  2.319600000000000E-004  0.000000000000000E+000  0.000000000000000E+000
  3.950040000000001E-003  0.000000000000000E+000  0.000000000000000E+000
  4.113972000000000E-002  2.070000000000000E-005  0.000000000000000E+000
  0.146924160000000       1.687000000000000E-004  0.000000000000000E+000
  0.000000000000000E+000  0.000000000000000E+000  0.000000000000000E+000
  0.000000000000000E+000  0.000000000000000E+000  0.000000000000000E+000
  0.000000000000000E+000  0.000000000000000E+000  0.000000000000000E+000
  0.000000000000000E+000  0.000000000000000E+000  0.000000000000000E+000
  0.000000000000000E+000  0.000000000000000E+000  0.000000000000000E+000
  9.960000000000000E-006  0.000000000000000E+000  0.000000000000000E+000
  7.560000000000000E-006  0.000000000000000E+000  0.000000000000000E+000
  7.756799999999999E-004  0.000000000000000E+000  0.000000000000000E+000
  2.132148000000000E-002  1.680000000000000E-006  0.000000000000000E+000
  0.116590440000000       9.432000000000003E-005  1.200000000000000E-007
  0.773659320000000       5.189480000000000E-003  2.000000000000000E-008
  0.801237960000000       5.506639999999998E-003  2.200000000000000E-006
  0.776208840000000       4.882260000000000E-003  5.080000000000000E-006
  0.794532120000000       5.132520000000001E-003  2.660000000000000E-006
  0.843756360000000       5.848360000000001E-003  3.700000000000000E-006
  0.790640760000000       5.080220000000000E-003  8.799999999999999E-007
  0.272038080000000       1.038060000000000E-003  3.000000000000000E-007
  3.876312000000000E-002  9.279999999999999E-006  0.000000000000000E+000
  3.839148000000001E-002  5.303999999999999E-005  0.000000000000000E+000
  4.360211999999999E-002  4.744000000000000E-005  3.800000000000000E-007
  7.654883999999999E-002  5.654000000000001E-005  0.000000000000000E+000
  7.519536000000000E-002  2.999999999999999E-005  0.000000000000000E+000
  7.424963999999999E-002  6.497999999999999E-005  0.000000000000000E+000
  8.427216000000001E-002  7.575999999999999E-005  0.000000000000000E+000
  0.106239240000000       8.655999999999998E-005  0.000000000000000E+000
  0.176977320000000       2.075600000000000E-004  0.000000000000000E+000
  0.338792040000000       1.126940000000000E-003  4.000000000000000E-008
  0.639275160000000       3.281380000000000E-003  1.660000000000000E-006
  5.554152000000002E-002  5.260000000000000E-005  6.000000000000001E-008
  2.853444000000000E-002  8.299999999999998E-005  0.000000000000000E+000
  3.611759999999999E-003  0.000000000000000E+000  0.000000000000000E+000
  4.430400000000002E-003  0.000000000000000E+000  0.000000000000000E+000
  3.324240000000000E-003  0.000000000000000E+000  0.000000000000000E+000
  6.303840000000001E-003  0.000000000000000E+000  0.000000000000000E+000
  8.549639999999999E-003  0.000000000000000E+000  0.000000000000000E+000
  2.001444000000001E-002  1.780000000000000E-006  0.000000000000000E+000
  6.714743999999997E-002  4.978000000000001E-005  0.000000000000000E+000
  0.293944920000000       6.527999999999999E-004  9.799999999999999E-007
  0.217419360000000       5.821599999999999E-004  2.520000000000000E-006
  3.298248000000000E-002  3.132000000000001E-005  0.000000000000000E+000
  2.863200000000000E-004  0.000000000000000E+000  0.000000000000000E+000
  1.308000000000000E-004  0.000000000000000E+000  0.000000000000000E+000
  1.269600000000000E-004  0.000000000000000E+000  0.000000000000000E+000
  1.750800000000000E-004  0.000000000000000E+000  0.000000000000000E+000
  5.104800000000000E-004  0.000000000000000E+000  0.000000000000000E+000
  1.886880000000000E-003  0.000000000000000E+000  0.000000000000000E+000
  1.073100000000000E-002  1.200000000000000E-007  0.000000000000000E+000
  9.763428000000003E-002  1.031600000000000E-004  0.000000000000000E+000
  0.506909160000000       2.078900000000000E-003  5.860000000000001E-006
  4.317444000000001E-002  5.210000000000000E-005  1.940000000000000E-006
  0.000000000000000E+000  0.000000000000000E+000  0.000000000000000E+000
  5.148000000000000E-005  0.000000000000000E+000  0.000000000000000E+000
  4.440000000000000E-005  0.000000000000000E+000  0.000000000000000E+000
  5.868000000000000E-005  0.000000000000000E+000  0.000000000000000E+000
  2.688000000000000E-005  0.000000000000000E+000  0.000000000000000E+000
  1.696800000000000E-004  0.000000000000000E+000  0.000000000000000E+000
  2.194800000000000E-003  0.000000000000000E+000  0.000000000000000E+000
  3.566015999999998E-002  4.720000000000000E-006  0.000000000000000E+000
  0.352556400000000       8.999400000000000E-004  7.600000000000000E-007
  2.266787999999999E-002  9.859999999999999E-006  0.000000000000000E+000
   1.37355996000000       1.629320000000000E-002  9.960000000000000E-006
   1.56895248000000       2.071153999999999E-002  2.036000000000000E-005
   1.42974408000000       1.657274000000000E-002  8.619999999999999E-006
   1.18810092000000       1.275458000000000E-002  8.640000000000000E-006
  0.823316160000000       6.661360000000001E-003  1.204000000000000E-005
  0.375174360000000       1.469680000000000E-003  0.000000000000000E+000
  0.185483040000000       5.803399999999999E-004  2.620000000000000E-006
  8.224092000000000E-002  1.703800000000000E-004  4.000000000000000E-008
  9.870899999999999E-002  2.598599999999999E-004  0.000000000000000E+000
  9.914664000000001E-002  1.260200000000000E-004  0.000000000000000E+000
  0.979358400000000       8.094119999999998E-003  1.016000000000000E-005
  0.980310000000000       7.796620000000001E-003  2.520000000000000E-006
   1.04018388000000       9.533179999999999E-003  4.640000000000000E-006
   1.12416276000000       9.459739999999998E-003  4.480000000000000E-006
   1.25079576000000       1.348808000000000E-002  8.799999999999999E-007
   1.61930268000000       2.051146000000000E-002  1.152000000000000E-005
   1.84799064000000       2.846076000000001E-002  2.608000000000000E-005
  0.240117120000000       6.833599999999999E-004  2.000000000000000E-008
  0.135745440000000       2.968200000000000E-004  1.360000000000000E-006
  9.367080000000001E-002  9.863999999999999E-005  7.000000000000000E-007
  9.836519999999999E-002  6.300000000000000E-005  0.000000000000000E+000
  0.101786880000000       2.131600000000000E-004  0.000000000000000E+000
  0.118186560000000       1.068600000000000E-004  0.000000000000000E+000
  0.142922880000000       1.266200000000000E-004  0.000000000000000E+000
  0.203014920000000       4.078999999999999E-004  2.000000000000000E-008
  0.357586920000000       1.178180000000000E-003  0.000000000000000E+000
  0.915935280000000       6.921860000000001E-003  8.160000000000000E-006
   1.40503836000000       1.644562000000000E-002  5.660000000000000E-006
  0.109751040000000       3.067000000000000E-004  7.399999999999998E-007
  8.980632000000000E-002  2.408800000000000E-004  0.000000000000000E+000
  7.481639999999999E-003  0.000000000000000E+000  0.000000000000000E+000
  1.027644000000000E-002  0.000000000000000E+000  0.000000000000000E+000
  1.219656000000000E-002  0.000000000000000E+000  0.000000000000000E+000
  1.110816000000000E-002  0.000000000000000E+000  0.000000000000000E+000
  1.763892000000001E-002  2.660000000000000E-006  0.000000000000000E+000
  5.631552000000000E-002  6.720000000000000E-006  0.000000000000000E+000
  0.250207920000000       6.543600000000000E-004  1.000000000000000E-007
   1.10052624000000       1.059112000000000E-002  1.840000000000000E-006
  0.123996120000000       2.419400000000001E-004  5.800000000000000E-007
  0.113316120000000       3.139400000000001E-004  3.460000000000000E-006
  4.536000000000001E-004  0.000000000000000E+000  0.000000000000000E+000
  3.934800000000001E-004  0.000000000000000E+000  0.000000000000000E+000
  5.050800000000001E-004  0.000000000000000E+000  0.000000000000000E+000
  9.014400000000000E-004  0.000000000000000E+000  0.000000000000000E+000
  1.151520000000000E-003  0.000000000000000E+000  0.000000000000000E+000
  6.840120000000000E-003  0.000000000000000E+000  0.000000000000000E+000
  5.171723999999999E-002  2.690000000000000E-005  0.000000000000000E+000
  0.549360840000000       2.455820000000000E-003  2.000000000000000E-008
  0.238871640000000       7.697799999999999E-004  1.226000000000000E-005
  8.903099999999999E-002  2.512800000000000E-004  0.000000000000000E+000
   1.07882292000000       5.948060000000002E-003  1.460000000000000E-006
   1.02576324000000       8.719179999999998E-003  2.060000000000000E-006
  0.972071880000000       6.878339999999999E-003  0.000000000000000E+000
  0.818723400000000       4.154560000000000E-003  3.040000000000000E-006
  0.576846720000000       2.158300000000000E-003  9.799999999999999E-007
  0.291354840000000       3.905000000000000E-004  4.840000000000000E-006
  0.241599240000000       4.808199999999999E-004  1.080000000000000E-006
  0.134741160000000       2.427400000000001E-004  0.000000000000000E+000
  0.126792000000000       4.218000000000000E-004  0.000000000000000E+000
  8.813784000000000E-002  1.163400000000000E-004  0.000000000000000E+000
   4.65289260000000       0.175384020000000       2.240000000000000E-005
   4.64081676000000       0.175603980000000       2.184000000000000E-005
   4.62294492000000       0.174836640000000       1.726000000000000E-005
   4.60359900000000       0.174498040000000       3.463999999999999E-005
   4.38508800000000       0.158755640000000       3.776000000000000E-005
   3.77580936000000       0.104882620000000       1.982000000000000E-005
   1.85303148000000       2.280658000000000E-002  3.240000000000000E-006
  0.221217120000000       3.793400000000000E-004  5.080000000000000E-006
  0.149201520000000       3.022000000000000E-004  2.000000000000000E-008
  8.342771999999998E-002  7.752000000000000E-005  0.000000000000000E+000
   1.39133484000000       1.661277999999999E-002  5.960000000000000E-006
   1.39030620000000       1.614966000000000E-002  7.600000000000000E-007
   1.54098720000000       2.044282000000000E-002  4.540000000000001E-006
   1.67087664000000       2.354404000000000E-002  8.260000000000001E-006
   2.12702520000000       3.763234000000000E-002  9.820000000000001E-006
   2.91009108000000       7.023011999999999E-002  1.848000000000000E-005
   3.55819584000000       0.105626260000000       2.868000000000000E-005
  0.748035720000000       5.728759999999999E-003  6.640000000000000E-006
  0.123400440000000       3.359400000000000E-004  0.000000000000000E+000
  8.933207999999998E-002  5.430000000000000E-005  0.000000000000000E+000
  0.173119920000000       2.406000000000000E-004  0.000000000000000E+000
  0.181605600000000       2.893199999999999E-004  0.000000000000000E+000
  0.192497520000000       4.067799999999999E-004  0.000000000000000E+000
  0.246436560000000       4.832800000000000E-004  0.000000000000000E+000
  0.353512200000000       9.397799999999999E-004  0.000000000000000E+000
  0.827617560000000       5.545280000000001E-003  2.560000000000000E-006
   2.19812784000000       4.017876000000000E-002  6.140000000000001E-006
   2.29236996000000       4.164795999999999E-002  2.276000000000000E-005
  0.152669160000000       5.820199999999999E-004  2.460000000000000E-006
  0.113482680000000       1.580200000000000E-004  0.000000000000000E+000
  1.467072000000000E-002  0.000000000000000E+000  0.000000000000000E+000
  1.674492000000000E-002  0.000000000000000E+000  0.000000000000000E+000
  1.592592000000000E-002  0.000000000000000E+000  0.000000000000000E+000
  2.178888000000000E-002  8.140000000000000E-006  0.000000000000000E+000
  4.290180000000000E-002  1.664000000000000E-005  0.000000000000000E+000
  0.150288360000000       1.776400000000000E-004  0.000000000000000E+000
  0.780221160000000       5.464820000000000E-003  1.200000000000000E-007
   2.62238256000000       5.455984000000000E-002  1.480000000000000E-005
  0.181407120000000       4.492800000000000E-004  0.000000000000000E+000
  0.114830280000000       8.278000000000000E-005  0.000000000000000E+000
  0.606556920000000       3.594600000000001E-003  4.260000000000000E-006
  0.564276240000000       2.173260000000001E-003  4.000000000000000E-008
  0.516821400000000       1.510660000000000E-003  0.000000000000000E+000
  0.510331200000000       7.311800000000000E-004  0.000000000000000E+000
  0.442185360000000       9.672400000000002E-004  4.000000000000000E-007
  0.214120440000000       3.215800000000000E-004  0.000000000000000E+000
  0.113775360000000       8.924000000000002E-005  0.000000000000000E+000
  8.809787999999999E-002  1.258400000000000E-004  0.000000000000000E+000
  5.553276000000000E-002  7.022000000000000E-005  0.000000000000000E+000
  8.197248000000000E-002  1.214600000000000E-004  0.000000000000000E+000
   4.62301512000000       0.108927120000000       3.010000000000000E-005
   4.77640956000000       0.123081620000000       5.920000000000000E-006
   4.46389668000000       9.992776000000003E-002  1.270000000000000E-005
   4.33236576000000       9.629353999999997E-002  1.944000000000000E-005
   3.47806308000000       6.151389999999999E-002  3.296000000000000E-005
   2.37001320000000       3.013095999999999E-002  1.580000000000000E-006
  0.864663600000000       3.906700000000001E-003  0.000000000000000E+000
  0.193783200000000       2.692200000000000E-004  0.000000000000000E+000
  8.954004000000002E-002  3.348000000000000E-005  0.000000000000000E+000
  6.784079999999999E-002  6.132000000000000E-005  0.000000000000000E+000
   6.85431276000000       0.372003120000000       3.584000000000000E-005
   7.09479516000000       0.391478220000000       3.523999999999999E-005
   6.90935040000000       0.377174540000000       7.855999999999998E-005
   6.99798156000000       0.394941260000000       1.238000000000000E-005
   6.85826388000000       0.364744540000000       5.072000000000000E-005
   5.70760476000000       0.226798840000000       3.438000000000000E-005
   3.12938580000000       5.387805999999999E-002  1.600000000000000E-005
  0.351809280000000       5.826399999999997E-004  0.000000000000000E+000
  0.119466000000000       1.595800000000000E-004  0.000000000000000E+000
  5.637659999999999E-002  9.217999999999999E-005  0.000000000000000E+000
   1.98612816000000       3.394246000000001E-002  7.580000000000000E-006
   2.09035920000000       3.618515999999999E-002  1.640000000000000E-005
   2.24031804000000       4.135572000000001E-002  5.559999999999999E-006
   2.60194068000000       5.635523999999999E-002  1.244000000000000E-005
   3.45653208000000       0.101701600000000       9.120000000000001E-006
   5.13780780000000       0.214983640000000       1.506000000000000E-005
   5.36057388000000       0.224178460000000       2.626000000000001E-005
   1.41037188000000       1.051574000000000E-002  5.480000000000000E-006
  0.148700160000000       2.205000000000000E-004  0.000000000000000E+000
  7.123595999999999E-002  1.125000000000000E-004  0.000000000000000E+000
  0.289030080000000       6.315000000000000E-004  0.000000000000000E+000
  0.288213360000000       7.257800000000001E-004  0.000000000000000E+000
  0.334435560000000       8.934600000000002E-004  0.000000000000000E+000
  0.411623640000000       1.441240000000000E-003  0.000000000000000E+000
  0.697007280000000       5.170659999999999E-003  0.000000000000000E+000
   1.78561116000000       2.809358000000000E-002  4.440000000000000E-006
   4.68095520000000       0.179499700000000       1.920000000000000E-005
   2.90694696000000       5.390295999999999E-002  9.600000000000000E-006
  0.197732880000000       5.182600000000000E-004  2.100000000000000E-006
  8.239607999999998E-002  0.000000000000000E+000  0.000000000000000E+000
  0.341199840000000       3.673600000000000E-004  1.340000000000000E-006
  0.419399160000000       4.898000000000000E-004  0.000000000000000E+000
  0.283338120000000       4.294200000000000E-004  0.000000000000000E+000
  0.276766680000000       5.168000000000001E-004  0.000000000000000E+000
  0.229561800000000       2.468000000000000E-004  0.000000000000000E+000
  0.245640360000000       7.646000000000000E-005  0.000000000000000E+000
  8.251188000000000E-002  1.360000000000000E-005  0.000000000000000E+000
  4.293503999999999E-002  1.846000000000000E-005  0.000000000000000E+000
  0.152879160000000       0.000000000000000E+000  0.000000000000000E+000
  3.611076000000000E-002  2.230000000000000E-005  0.000000000000000E+000
   2.01251436000000       7.716180000000000E-003  6.940000000000000E-006
   1.75980036000000       5.740280000000000E-003  1.680000000000000E-006
   1.83361068000000       6.971539999999999E-003  1.340000000000000E-006
   1.58975820000000       5.301139999999998E-003  4.800000000000001E-007
   1.68796536000000       7.923320000000001E-003  4.800000000000001E-007
   1.10948760000000       5.343700000000002E-003  4.000000000000000E-008
  0.465269640000000       4.810400000000001E-004  0.000000000000000E+000
  0.100716360000000       4.680000000000000E-005  0.000000000000000E+000
  0.186586680000000       7.182000000000000E-005  0.000000000000000E+000
  4.625760000000000E-002  2.282000000000000E-005  0.000000000000000E+000
   6.74484132000000       0.191167180000000       2.268000000000000E-005
   6.60023328000000       0.183299240000000       2.864000000000000E-005
   6.49102044000000       0.174425420000000       1.280000000000000E-005
   5.93482020000000       0.138058540000000       1.738000000000000E-005
   4.52242476000000       6.817444000000000E-002  4.352000000000001E-005
   2.83441836000000       2.663747999999999E-002  2.160000000000000E-006
   1.30818672000000       5.852400000000000E-003  0.000000000000000E+000
  0.196942200000000       3.661000000000000E-004  0.000000000000000E+000
  6.597156000000003E-002  3.000000000000000E-005  0.000000000000000E+000
  4.085915999999999E-002  0.000000000000000E+000  0.000000000000000E+000
   9.58518072000000       0.679571580000000       5.298000000000000E-005
   9.87474600000000       0.691373640000000       2.066000000000000E-005
   9.70753872000000       0.676680180000000       4.197999999999999E-005
   9.67458564000000       0.670801300000000       2.452000000000000E-005
   10.0543468800000       0.630121680000000       5.282000000000000E-005
   7.30286124000000       0.270294160000000       3.880000000000000E-005
   3.17052780000000       4.110370000000001E-002  1.554000000000000E-005
  0.641726880000000       2.020040000000001E-003  0.000000000000000E+000
  8.116008000000001E-002  5.708000000000000E-005  0.000000000000000E+000
  4.332900000000001E-002  1.290800000000000E-004  0.000000000000000E+000
   3.13740708000000       8.487867999999998E-002  5.000000000000000E-007
   3.26915340000000       8.227346000000001E-002  4.400000000000000E-007
   3.48632832000000       9.953113999999999E-002  1.210000000000000E-005
   4.23959028000000       0.143057020000000       1.926000000000000E-005
   5.69886600000000       0.255999580000000       1.850000000000000E-005
   8.28433512000000       0.531814580000000       3.148000000000000E-005
   5.98345200000000       0.218745320000000       2.504000000000000E-005
   1.29888444000000       6.661739999999999E-003  4.800000000000001E-007
  0.112276920000000       1.092000000000000E-004  0.000000000000000E+000
  5.016816000000000E-002  2.670000000000000E-005  0.000000000000000E+000
   1.82756508000000       6.207239999999999E-003  3.000000000000000E-007
   1.90579872000000       1.188506000000000E-002  1.400000000000000E-007
   2.31075972000000       5.394920000000000E-003  4.020000000000000E-006
   2.01146088000000       3.794140000000000E-003  2.000000000000000E-006
   1.42644612000000       2.415740000000000E-003  0.000000000000000E+000
   1.08346308000000       2.171060000000000E-003  0.000000000000000E+000
  0.815828400000000       1.381860000000000E-003  5.000000000000000E-007
  0.110427600000000       1.228200000000000E-004  0.000000000000000E+000
  3.390324000000000E-002  0.000000000000000E+000  0.000000000000000E+000
  8.038355999999998E-002  1.800000000000000E-007  0.000000000000000E+000
   8.90149848000000       0.220797620000000       1.996000000000000E-005
   8.85873816000000       0.203450940000000       1.942000000000000E-005
   8.35835052000000       0.179143420000000       4.420000000000000E-006
   6.92262744000000       0.127308460000000       1.986000000000000E-005
   5.29094664000000       6.468125999999998E-002  1.184000000000000E-005
   2.63708652000000       1.421344000000000E-002  6.000000000000001E-008
   1.21810728000000       3.298540000000000E-003  0.000000000000000E+000
  0.365398680000000       3.798400000000000E-004  8.400000000000000E-007
  4.265160000000000E-002  1.926000000000000E-005  0.000000000000000E+000
  2.058468000000000E-002  0.000000000000000E+000  0.000000000000000E+000
   12.5643334800000       0.953669900000000       5.336000000000001E-005
   12.9109258800000        1.07504920000000       6.940000000000000E-006
   13.2053943600000        1.05440016000000       2.367999999999999E-005
   12.9045952800000       0.946338400000000       2.483999999999999E-005
   11.8489948800000       0.673242720000000       2.204000000000000E-005
   7.45300512000000       0.164941500000000       2.380000000000000E-005
   2.12553324000000       8.839460000000000E-003  3.400000000000000E-007
  0.647271120000000       1.947660000000001E-003  0.000000000000000E+000
  6.806688000000000E-002  8.463999999999999E-005  0.000000000000000E+000
  3.811044000000000E-002  0.000000000000000E+000  0.000000000000000E+000
   10.2502678800000       0.197363040000000       5.820000000000000E-006
   10.9627657200000       0.211505400000000       8.040000000000001E-006
   10.1818740000000       0.152720160000000       8.400000000000001E-006
   7.68959436000000       8.514911999999997E-002  3.459999999999999E-006
   5.15340804000000       2.911368000000000E-002  3.340000000000000E-006
   2.34143808000000       1.031562000000000E-002  2.800000000000000E-007
  0.984305880000000       9.889999999999999E-004  0.000000000000000E+000
  0.374913960000000       4.518600000000001E-004  0.000000000000000E+000
  9.097188000000003E-002  1.016000000000000E-005  0.000000000000000E+000
  0.344723760000000       0.000000000000000E+000  0.000000000000000E+000
