  0.404511480000000       1.363720000000000E-003  2.000000000000000E-008
  0.420316440000000       1.648400000000000E-003  0.000000000000000E+000
  0.455528640000000       1.513640000000000E-003  3.000000000000000E-007
  0.476081880000000       2.308320000000000E-003  1.640000000000000E-006
  0.533565840000000       2.458779999999999E-003  8.000000000000000E-008
  0.628769880000000       3.214159999999999E-003  0.000000000000000E+000
  0.765507360000000       4.369520000000001E-003  2.580000000000000E-006
  0.469288200000000       1.810100000000000E-003  4.080000000000001E-006
  6.171540000000000E-002  4.511999999999999E-005  0.000000000000000E+000
  2.745168000000001E-002  6.600000000000000E-007  0.000000000000000E+000
  3.969600000000000E-004  0.000000000000000E+000  0.000000000000000E+000
  5.341199999999999E-004  0.000000000000000E+000  0.000000000000000E+000
  5.182800000000001E-004  0.000000000000000E+000  0.000000000000000E+000
  1.259160000000000E-003  0.000000000000000E+000  0.000000000000000E+000
  1.596360000000000E-003  0.000000000000000E+000  0.000000000000000E+000
  5.726640000000001E-003  0.000000000000000E+000  0.000000000000000E+000
  4.758096000000001E-002  1.812000000000000E-005  0.000000000000000E+000
  0.302610240000000       7.336400000000000E-004  5.800000000000000E-007
  0.617041680000000       2.681819999999999E-003  8.000000000000000E-008
  5.597292000000000E-002  5.284000000000000E-005  0.000000000000000E+000
  0.000000000000000E+000  0.000000000000000E+000  0.000000000000000E+000
  0.000000000000000E+000  0.000000000000000E+000  0.000000000000000E+000
  0.000000000000000E+000  0.000000000000000E+000  0.000000000000000E+000
  0.000000000000000E+000  0.000000000000000E+000  0.000000000000000E+000
  0.000000000000000E+000  0.000000000000000E+000  0.000000000000000E+000
  2.364000000000000E-005  0.000000000000000E+000  0.000000000000000E+000
  1.182000000000000E-003  0.000000000000000E+000  0.000000000000000E+000
  3.857496000000000E-002  2.092000000000000E-005  0.000000000000000E+000
  0.458215560000000       1.734480000000000E-003  6.799999999999999E-007
  0.144621960000000       3.345800000000001E-004  0.000000000000000E+000
  0.000000000000000E+000  0.000000000000000E+000  0.000000000000000E+000
  0.000000000000000E+000  0.000000000000000E+000  0.000000000000000E+000
  0.000000000000000E+000  0.000000000000000E+000  0.000000000000000E+000
  0.000000000000000E+000  0.000000000000000E+000  0.000000000000000E+000
  0.000000000000000E+000  0.000000000000000E+000  0.000000000000000E+000
  0.000000000000000E+000  0.000000000000000E+000  0.000000000000000E+000
  5.400000000000000E-006  0.000000000000000E+000  0.000000000000000E+000
  3.886920000000000E-003  0.000000000000000E+000  0.000000000000000E+000
  0.204371880000000       2.266400000000001E-004  1.000000000000000E-006
  0.303212040000000       1.160760000000000E-003  2.400000000000000E-007
  0.000000000000000E+000  0.000000000000000E+000  0.000000000000000E+000
  0.000000000000000E+000  0.000000000000000E+000  0.000000000000000E+000
  0.000000000000000E+000  0.000000000000000E+000  0.000000000000000E+000
  0.000000000000000E+000  0.000000000000000E+000  0.000000000000000E+000
  0.000000000000000E+000  0.000000000000000E+000  0.000000000000000E+000
  0.000000000000000E+000  0.000000000000000E+000  0.000000000000000E+000
  0.000000000000000E+000  0.000000000000000E+000  0.000000000000000E+000
  3.668400000000000E-004  0.000000000000000E+000  0.000000000000000E+000
  8.441279999999997E-002  4.811999999999999E-005  0.000000000000000E+000
  0.508897080000000       2.282420000000000E-003  5.960000000000001E-006
   1.12335000000000       1.134154000000000E-002  1.400000000000000E-007
   1.13174436000000       8.971479999999999E-003  0.000000000000000E+000
   1.12584972000000       8.724180000000000E-003  0.000000000000000E+000
  0.649268880000000       6.650959999999999E-003  3.820000000000000E-006
  0.473117280000000       1.933420000000000E-003  0.000000000000000E+000
  7.882536000000000E-002  2.000000000000000E-008  0.000000000000000E+000
  8.472840000000001E-003  0.000000000000000E+000  0.000000000000000E+000
  4.263960000000000E-003  0.000000000000000E+000  0.000000000000000E+000
  1.069116000000000E-002  0.000000000000000E+000  0.000000000000000E+000
  1.489080000000000E-003  0.000000000000000E+000  0.000000000000000E+000
  0.110981520000000       1.864400000000000E-004  0.000000000000000E+000
  0.131396160000000       7.401999999999999E-005  0.000000000000000E+000
  0.112599480000000       1.621000000000000E-004  0.000000000000000E+000
  0.168299040000000       2.020200000000000E-004  0.000000000000000E+000
  0.310066200000000       7.859799999999999E-004  0.000000000000000E+000
  0.916114440000000       5.908000000000000E-003  0.000000000000000E+000
   1.99080036000000       2.954207999999999E-002  3.780000000000000E-006
  0.219064920000000       4.508600000000000E-004  4.200000000000000E-007
  1.153572000000000E-002  0.000000000000000E+000  0.000000000000000E+000
  0.000000000000000E+000  0.000000000000000E+000  0.000000000000000E+000
  2.913600000000000E-004  0.000000000000000E+000  0.000000000000000E+000
  1.152000000000000E-005  0.000000000000000E+000  0.000000000000000E+000
  8.722800000000000E-004  0.000000000000000E+000  0.000000000000000E+000
  1.821600000000000E-004  0.000000000000000E+000  0.000000000000000E+000
  4.561200000000000E-004  0.000000000000000E+000  0.000000000000000E+000
  6.957600000000000E-003  0.000000000000000E+000  0.000000000000000E+000
  0.163962120000000       3.234200000000000E-004  0.000000000000000E+000
   1.61505048000000       2.187216000000000E-002  1.100000000000000E-006
  1.273104000000000E-002  0.000000000000000E+000  0.000000000000000E+000
  1.654320000000000E-003  0.000000000000000E+000  0.000000000000000E+000
  0.000000000000000E+000  0.000000000000000E+000  0.000000000000000E+000
  0.000000000000000E+000  0.000000000000000E+000  0.000000000000000E+000
  0.000000000000000E+000  0.000000000000000E+000  0.000000000000000E+000
  0.000000000000000E+000  0.000000000000000E+000  0.000000000000000E+000
  0.000000000000000E+000  0.000000000000000E+000  0.000000000000000E+000
  0.000000000000000E+000  0.000000000000000E+000  0.000000000000000E+000
  2.524680000000000E-003  0.000000000000000E+000  0.000000000000000E+000
  0.436331160000000       1.315000000000000E-003  0.000000000000000E+000
  7.954332000000003E-002  1.862000000000000E-005  0.000000000000000E+000
  2.058000000000000E-004  0.000000000000000E+000  0.000000000000000E+000
  0.000000000000000E+000  0.000000000000000E+000  0.000000000000000E+000
  0.000000000000000E+000  0.000000000000000E+000  0.000000000000000E+000
  0.000000000000000E+000  0.000000000000000E+000  0.000000000000000E+000
  0.000000000000000E+000  0.000000000000000E+000  0.000000000000000E+000
  0.000000000000000E+000  0.000000000000000E+000  0.000000000000000E+000
  0.000000000000000E+000  0.000000000000000E+000  0.000000000000000E+000
  4.428000000000000E-005  0.000000000000000E+000  0.000000000000000E+000
  5.356680000000000E-002  2.382000000000000E-005  0.000000000000000E+000
  0.628594320000000       4.603420000000000E-003  0.000000000000000E+000
  0.000000000000000E+000  0.000000000000000E+000  0.000000000000000E+000
  5.023116000000000E-002  0.000000000000000E+000  0.000000000000000E+000
  1.033800000000000E-003  0.000000000000000E+000  0.000000000000000E+000
  0.101639160000000       0.000000000000000E+000  0.000000000000000E+000
  1.869864000000000E-002  0.000000000000000E+000  0.000000000000000E+000
  0.000000000000000E+000  0.000000000000000E+000  0.000000000000000E+000
  1.911456000000000E-002  0.000000000000000E+000  0.000000000000000E+000
  0.000000000000000E+000  0.000000000000000E+000  0.000000000000000E+000
  0.000000000000000E+000  0.000000000000000E+000  0.000000000000000E+000
  0.000000000000000E+000  0.000000000000000E+000  0.000000000000000E+000
  0.000000000000000E+000  0.000000000000000E+000  0.000000000000000E+000
   5.32639344000000       0.184629100000000       1.096000000000000E-005
   5.34352308000000       0.203056580000000       2.080000000000000E-006
   5.74918104000000       0.239279280000000       6.799999999999999E-007
   6.04146168000000       0.259213040000000       3.000000000000000E-005
   5.86747128000000       0.222866040000000       8.360000000000001E-006
   3.31832556000000       5.406112000000000E-002  1.676000000000000E-005
  0.160710480000000       8.799999999999999E-007  0.000000000000000E+000
  0.000000000000000E+000  0.000000000000000E+000  0.000000000000000E+000
  0.000000000000000E+000  0.000000000000000E+000  0.000000000000000E+000
  0.000000000000000E+000  0.000000000000000E+000  0.000000000000000E+000
  3.080232000000000E-002  0.000000000000000E+000  0.000000000000000E+000
  2.679228000000000E-002  9.600000000000001E-007  0.000000000000000E+000
  4.177271999999999E-002  0.000000000000000E+000  0.000000000000000E+000
  4.998036000000000E-002  3.600000000000000E-007  0.000000000000000E+000
  0.185301600000000       5.597800000000002E-004  0.000000000000000E+000
   1.09450728000000       9.116019999999999E-003  0.000000000000000E+000
   4.42694904000000       0.148413560000000       3.900000000000001E-006
  4.791516000000000E-002  0.000000000000000E+000  0.000000000000000E+000
  3.526788000000000E-002  0.000000000000000E+000  0.000000000000000E+000
  0.000000000000000E+000  0.000000000000000E+000  0.000000000000000E+000
  0.000000000000000E+000  0.000000000000000E+000  0.000000000000000E+000
  0.000000000000000E+000  0.000000000000000E+000  0.000000000000000E+000
  0.000000000000000E+000  0.000000000000000E+000  0.000000000000000E+000
  9.600000000000000E-006  0.000000000000000E+000  0.000000000000000E+000
  4.404000000000000E-004  0.000000000000000E+000  0.000000000000000E+000
  8.653559999999999E-003  0.000000000000000E+000  0.000000000000000E+000
  0.547036560000000       3.124299999999999E-003  0.000000000000000E+000
   1.76579304000000       2.485948000000000E-002  6.780000000000000E-006
  4.923000000000000E-003  0.000000000000000E+000  0.000000000000000E+000
  0.000000000000000E+000  0.000000000000000E+000  0.000000000000000E+000
  0.000000000000000E+000  0.000000000000000E+000  0.000000000000000E+000
  0.000000000000000E+000  0.000000000000000E+000  0.000000000000000E+000
  0.000000000000000E+000  0.000000000000000E+000  0.000000000000000E+000
  0.000000000000000E+000  0.000000000000000E+000  0.000000000000000E+000
  0.000000000000000E+000  0.000000000000000E+000  0.000000000000000E+000
  0.000000000000000E+000  0.000000000000000E+000  0.000000000000000E+000
  1.946676000000000E-002  0.000000000000000E+000  0.000000000000000E+000
   2.67573660000000       5.810616000000000E-002  3.800000000000000E-007
  4.098000000000000E-004  0.000000000000000E+000  0.000000000000000E+000
  1.293348000000000E-002  0.000000000000000E+000  0.000000000000000E+000
  0.119903040000000       0.000000000000000E+000  0.000000000000000E+000
  0.119947320000000       0.000000000000000E+000  0.000000000000000E+000
  0.000000000000000E+000  0.000000000000000E+000  0.000000000000000E+000
  1.382136000000000E-002  0.000000000000000E+000  0.000000000000000E+000
  0.000000000000000E+000  0.000000000000000E+000  0.000000000000000E+000
  1.080000000000000E-005  0.000000000000000E+000  0.000000000000000E+000
  0.119886360000000       0.000000000000000E+000  0.000000000000000E+000
  0.000000000000000E+000  0.000000000000000E+000  0.000000000000000E+000
  0.000000000000000E+000  0.000000000000000E+000  0.000000000000000E+000
  0.107415360000000       0.000000000000000E+000  0.000000000000000E+000
   3.79942008000000       2.846506000000000E-002  0.000000000000000E+000
   3.06524436000000       1.044464000000000E-002  0.000000000000000E+000
   2.98937016000000       1.136480000000000E-002  2.040000000000000E-006
   2.10863004000000       3.105700000000000E-003  8.000000000000000E-008
  0.905791200000000       3.038640000000000E-003  0.000000000000000E+000
  0.153575280000000       0.000000000000000E+000  0.000000000000000E+000
  1.335780000000000E-002  0.000000000000000E+000  0.000000000000000E+000
  0.000000000000000E+000  0.000000000000000E+000  0.000000000000000E+000
  0.000000000000000E+000  0.000000000000000E+000  0.000000000000000E+000
  0.000000000000000E+000  0.000000000000000E+000  0.000000000000000E+000
   2.85571908000000       4.998383999999998E-002  0.000000000000000E+000
   2.90746332000000       5.875556000000001E-002  8.739999999999999E-006
   3.56195904000000       9.010255999999998E-002  0.000000000000000E+000
   4.61151492000000       0.136200260000000       0.000000000000000E+000
   7.92881808000000       0.317162300000000       1.660000000000000E-005
   8.11322100000000       0.224448720000000       5.620000000000000E-006
  0.550017000000000       4.536000000000000E-005  0.000000000000000E+000
  2.394000000000000E-004  0.000000000000000E+000  0.000000000000000E+000
  0.000000000000000E+000  0.000000000000000E+000  0.000000000000000E+000
  0.000000000000000E+000  0.000000000000000E+000  0.000000000000000E+000
  8.540880000000002E-003  0.000000000000000E+000  0.000000000000000E+000
  9.921000000000001E-003  0.000000000000000E+000  0.000000000000000E+000
  7.899240000000000E-003  0.000000000000000E+000  0.000000000000000E+000
  2.923056000000000E-002  1.106000000000000E-005  0.000000000000000E+000
  0.111798360000000       4.582000000000000E-005  0.000000000000000E+000
   1.26308316000000       8.759280000000003E-003  0.000000000000000E+000
   7.09656924000000       0.225127980000000       1.158000000000000E-005
  7.244088000000000E-002  0.000000000000000E+000  0.000000000000000E+000
  0.000000000000000E+000  0.000000000000000E+000  0.000000000000000E+000
  3.136800000000000E-004  0.000000000000000E+000  0.000000000000000E+000
  0.000000000000000E+000  0.000000000000000E+000  0.000000000000000E+000
  0.000000000000000E+000  0.000000000000000E+000  0.000000000000000E+000
  0.000000000000000E+000  0.000000000000000E+000  0.000000000000000E+000
  0.000000000000000E+000  0.000000000000000E+000  0.000000000000000E+000
  0.000000000000000E+000  0.000000000000000E+000  0.000000000000000E+000
  9.597000000000000E-003  0.000000000000000E+000  0.000000000000000E+000
   1.77768432000000       2.847596000000000E-002  0.000000000000000E+000
  0.451956000000000       4.800000000000000E-004  0.000000000000000E+000
  0.000000000000000E+000  0.000000000000000E+000  0.000000000000000E+000
  0.000000000000000E+000  0.000000000000000E+000  0.000000000000000E+000
  0.000000000000000E+000  0.000000000000000E+000  0.000000000000000E+000
  0.203138760000000       0.000000000000000E+000  0.000000000000000E+000
  0.199185000000000       0.000000000000000E+000  0.000000000000000E+000
  0.000000000000000E+000  0.000000000000000E+000  0.000000000000000E+000
  0.000000000000000E+000  0.000000000000000E+000  0.000000000000000E+000
  0.000000000000000E+000  0.000000000000000E+000  0.000000000000000E+000
  0.000000000000000E+000  0.000000000000000E+000  0.000000000000000E+000
  0.000000000000000E+000  0.000000000000000E+000  0.000000000000000E+000
  0.000000000000000E+000  0.000000000000000E+000  0.000000000000000E+000
  0.000000000000000E+000  0.000000000000000E+000  0.000000000000000E+000
   1.44956916000000       0.000000000000000E+000  0.000000000000000E+000
   2.01975132000000       0.000000000000000E+000  0.000000000000000E+000
   1.47634092000000       0.000000000000000E+000  0.000000000000000E+000
   1.25237496000000       0.000000000000000E+000  0.000000000000000E+000
  0.427705800000000       0.000000000000000E+000  0.000000000000000E+000
  0.174995760000000       0.000000000000000E+000  0.000000000000000E+000
  0.000000000000000E+000  0.000000000000000E+000  0.000000000000000E+000
  0.000000000000000E+000  0.000000000000000E+000  0.000000000000000E+000
  7.132836000000001E-002  0.000000000000000E+000  0.000000000000000E+000
  0.000000000000000E+000  0.000000000000000E+000  0.000000000000000E+000
   17.7913520400000       0.181839720000000       4.520000000000000E-006
   16.9316708400000       0.225742640000000       1.600000000000000E-006
   15.4538127600000       0.153341920000000       9.040000000000000E-006
   12.9991309200000       7.863326000000001E-002  4.800000000000001E-007
   8.11831260000000       2.881301999999999E-002  0.000000000000000E+000
   2.83612980000000       1.890460000000000E-003  0.000000000000000E+000
  4.493687999999998E-002  0.000000000000000E+000  0.000000000000000E+000
  0.000000000000000E+000  0.000000000000000E+000  0.000000000000000E+000
  0.000000000000000E+000  0.000000000000000E+000  0.000000000000000E+000
  0.000000000000000E+000  0.000000000000000E+000  0.000000000000000E+000
   1.19049600000000       5.285580000000000E-003  0.000000000000000E+000
   1.17722412000000       9.362580000000001E-003  0.000000000000000E+000
   1.34206572000000       6.532900000000000E-003  0.000000000000000E+000
   2.38594068000000       2.620714000000000E-002  0.000000000000000E+000
   6.50379276000000       0.131762100000000       0.000000000000000E+000
   13.8433672800000       0.302805680000000       3.000000000000000E-007
   1.85757000000000       1.060000000000000E-006  3.000000000000000E-007
  0.000000000000000E+000  0.000000000000000E+000  0.000000000000000E+000
  0.000000000000000E+000  0.000000000000000E+000  0.000000000000000E+000
  0.000000000000000E+000  0.000000000000000E+000  0.000000000000000E+000
  2.211480000000000E-003  0.000000000000000E+000  0.000000000000000E+000
  1.440120000000000E-002  0.000000000000000E+000  0.000000000000000E+000
  9.967200000000002E-004  0.000000000000000E+000  0.000000000000000E+000
  8.436000000000001E-003  0.000000000000000E+000  0.000000000000000E+000
  5.447087999999998E-002  0.000000000000000E+000  0.000000000000000E+000
   1.48591236000000       1.123866000000000E-002  0.000000000000000E+000
   9.00044808000000       0.131327340000000       1.460000000000000E-006
  6.424344000000000E-002  0.000000000000000E+000  0.000000000000000E+000
  0.000000000000000E+000  0.000000000000000E+000  0.000000000000000E+000
  0.000000000000000E+000  0.000000000000000E+000  0.000000000000000E+000
  0.120000000000000       0.000000000000000E+000  0.000000000000000E+000
  0.000000000000000E+000  0.000000000000000E+000  0.000000000000000E+000
  3.733740000000000E-002  0.000000000000000E+000  0.000000000000000E+000
  0.000000000000000E+000  0.000000000000000E+000  0.000000000000000E+000
  0.120000000000000       0.000000000000000E+000  0.000000000000000E+000
  0.000000000000000E+000  0.000000000000000E+000  0.000000000000000E+000
  0.000000000000000E+000  0.000000000000000E+000  0.000000000000000E+000
  0.000000000000000E+000  0.000000000000000E+000  0.000000000000000E+000
  0.000000000000000E+000  0.000000000000000E+000  0.000000000000000E+000
  0.000000000000000E+000  0.000000000000000E+000  0.000000000000000E+000
   1.76075796000000       0.000000000000000E+000  0.000000000000000E+000
   2.06093208000000       0.000000000000000E+000  0.000000000000000E+000
  0.891252120000000       0.000000000000000E+000  0.000000000000000E+000
  0.564561840000000       0.000000000000000E+000  0.000000000000000E+000
  0.145950360000000       0.000000000000000E+000  0.000000000000000E+000
  0.111469800000000       0.000000000000000E+000  0.000000000000000E+000
  0.000000000000000E+000  0.000000000000000E+000  0.000000000000000E+000
  0.000000000000000E+000  0.000000000000000E+000  0.000000000000000E+000
  0.000000000000000E+000  0.000000000000000E+000  0.000000000000000E+000
  0.000000000000000E+000  0.000000000000000E+000  0.000000000000000E+000
   13.5729363600000       2.648802000000000E-002  5.660000000000000E-006
   14.0397426000000       3.070063999999999E-002  0.000000000000000E+000
   12.5957642400000       3.718680000000000E-003  0.000000000000000E+000
   9.10193016000000       0.000000000000000E+000  0.000000000000000E+000
   6.48410424000000       0.000000000000000E+000  0.000000000000000E+000
   1.20664704000000       0.000000000000000E+000  0.000000000000000E+000
  0.597478680000000       0.000000000000000E+000  0.000000000000000E+000
  0.000000000000000E+000  0.000000000000000E+000  0.000000000000000E+000
  0.000000000000000E+000  0.000000000000000E+000  0.000000000000000E+000
  0.000000000000000E+000  0.000000000000000E+000  0.000000000000000E+000
   14.5354006800000       0.131049080000000       0.000000000000000E+000
   16.8371930400000       9.172582000000001E-002  1.340000000000000E-006
   16.9429006800000       0.102386440000000       1.054000000000000E-005
   19.6904490000000       0.141174300000000       1.260000000000000E-006
   18.8139884400000       6.968743999999999E-002  5.000000000000000E-007
   10.0497741600000       6.518280000000000E-003  0.000000000000000E+000
   1.15896696000000       0.000000000000000E+000  0.000000000000000E+000
  5.565432000000001E-002  0.000000000000000E+000  0.000000000000000E+000
  0.000000000000000E+000  0.000000000000000E+000  0.000000000000000E+000
  0.000000000000000E+000  0.000000000000000E+000  0.000000000000000E+000
  0.338439600000000       9.419400000000001E-004  0.000000000000000E+000
  0.444369720000000       7.262000000000001E-005  0.000000000000000E+000
  0.366434280000000       9.320000000000001E-006  0.000000000000000E+000
   1.24154808000000       5.348160000000001E-003  0.000000000000000E+000
   4.66121556000000       4.485922000000000E-002  0.000000000000000E+000
   17.4514263600000       0.121866080000000       1.040000000000000E-006
   3.11938296000000       2.002520000000000E-003  0.000000000000000E+000
  0.195257760000000       0.000000000000000E+000  0.000000000000000E+000
  0.119998800000000       0.000000000000000E+000  0.000000000000000E+000
  0.000000000000000E+000  0.000000000000000E+000  0.000000000000000E+000
   12.4257448800000       0.000000000000000E+000  0.000000000000000E+000
   14.7107311200000       0.000000000000000E+000  0.000000000000000E+000
   12.2648391600000       0.000000000000000E+000  0.000000000000000E+000
   10.3753221600000       0.000000000000000E+000  0.000000000000000E+000
   3.80714184000000       0.000000000000000E+000  0.000000000000000E+000
  0.882064320000000       0.000000000000000E+000  0.000000000000000E+000
  0.000000000000000E+000  0.000000000000000E+000  0.000000000000000E+000
  0.155218920000000       0.000000000000000E+000  0.000000000000000E+000
  0.000000000000000E+000  0.000000000000000E+000  0.000000000000000E+000
  0.000000000000000E+000  0.000000000000000E+000  0.000000000000000E+000
   21.3359870400000       1.698100000000000E-002  0.000000000000000E+000
   21.0458714400000       8.003319999999998E-003  1.920000000000000E-006
   20.1946393200000       1.668380000000000E-002  0.000000000000000E+000
   18.4425668400000       1.644422000000000E-002  0.000000000000000E+000
   16.9735968000000       1.474914000000000E-002  0.000000000000000E+000
   7.43254848000000       2.162780000000000E-003  0.000000000000000E+000
   1.05476940000000       0.000000000000000E+000  0.000000000000000E+000
  0.000000000000000E+000  0.000000000000000E+000  0.000000000000000E+000
  3.677436000000000E-002  0.000000000000000E+000  0.000000000000000E+000
  0.000000000000000E+000  0.000000000000000E+000  0.000000000000000E+000
   7.95405540000000       9.750300000000000E-003  0.000000000000000E+000
   6.74740884000000       8.093260000000001E-003  0.000000000000000E+000
   9.46830672000000       1.946542000000000E-002  0.000000000000000E+000
   13.5958195200000       3.535020000000000E-002  0.000000000000000E+000
   22.0495864800000       2.597904000000001E-002  1.800000000000000E-007
   16.7521550400000       1.803158000000000E-002  3.600000000000000E-007
   2.32037184000000       0.000000000000000E+000  0.000000000000000E+000
  0.000000000000000E+000  0.000000000000000E+000  0.000000000000000E+000
  0.000000000000000E+000  0.000000000000000E+000  0.000000000000000E+000
  0.000000000000000E+000  0.000000000000000E+000  0.000000000000000E+000
   14.9333346000000       9.039999999999999E-005  0.000000000000000E+000
   17.1608850000000       1.382808000000000E-002  0.000000000000000E+000
   17.1440427600000       9.028640000000001E-003  0.000000000000000E+000
   18.7711092000000       9.764600000000001E-004  0.000000000000000E+000
   20.4601822800000       2.128400000000000E-003  0.000000000000000E+000
   14.1399261600000       1.270408000000000E-002  0.000000000000000E+000
   2.47761756000000       0.000000000000000E+000  0.000000000000000E+000
  0.120000000000000       0.000000000000000E+000  0.000000000000000E+000
  0.000000000000000E+000  0.000000000000000E+000  0.000000000000000E+000
  0.000000000000000E+000  0.000000000000000E+000  0.000000000000000E+000
