   6.0199999999999996     
   6.0399999995529647     
   6.0499999993294473     
   6.0699999988824125     
   6.0499999993294473     
   6.0399999995529647     
   6.0199999999999996     
   6.0399999995529647     
   6.0199999999999996     
   6.0399999995529647     
   6.0199999999999996     
   6.0000000004470344     
   6.0110325797604434     
   6.0210325795369259     
   6.0310325793134085     
   6.0426229054956400     
   6.0226229059426748     
   6.0126229061661922     
   5.9926229066132271     
   5.9826229068367445     
   5.9626229072837793     
   5.9426229077308141     
   5.9562898002000182     
   5.9662897999765008     
   5.9762897997529834     
   5.9662897999765008     
   5.9462898004235356     
   5.9562898002000182     
   5.9662897999765008     
   5.9862897995294659     
   5.9962897993059485     
   5.9762897997529834     
   5.9962897993059485     
   5.9794433117609689     
   5.9916387053604536     
   6.0116387049134188     
   6.0216387046899014     
   6.0116387049134188     
   6.0316387044663839     
   6.0516387040193491     
   6.0616387037958317     
   6.0716387035723143     
   6.0916387031252794     
   6.0716387035723143     
   6.0816387033487969     
   6.1016387029017620     
   6.0816387033487969     
   6.0919413096111956     
   6.0819413098347130     
   6.0919413096111956     
   6.1119413091641608     
   6.1019413093876782     
   6.0819413098347130     
   6.0619413102817479     
   6.0519413105052653     
   6.0319413109523001     
   6.0119413113993350     
   6.0219413111758175     
   6.0419413107287827     
   6.0219413111758175     
   6.0019413116228524     
   6.0219413111758175     
   6.0119413113993350     
   6.0299349141513998     
   6.0177462810901758     
   6.0062040959760106     
   5.9862040964230454     
   5.9762040966465628     
   5.9562040970935977     
   5.9462040973171151     
   5.9262040977641499     
   5.9162040979876673     
   5.9262040977641499     
   5.9460410545610598     
   5.9560410543375424     
   5.9360410547845772     
   5.9260289800031787     
   5.9460289795561438     
   5.9260289800031787     
   5.9146058019089933     
   5.9346058014619585     
   5.9246058016854759     
   5.9446058012384411     
   5.9556571213821803     
   5.9456571216056977     
   5.9356571218292151     
   5.9456571216056977     
   5.9656571211586629     
   5.9556571213821803     
   5.9656571211586629     
   5.9856571207116280     
   5.9756571209351454     
   5.9656571211586629     
   5.9456571216056977     
   5.9556571213821803     
   5.9656571211586629     
   5.9556571213821803     
   5.9710731722221677     
   5.9810731719986503     
   6.0010731715516155     
