  0.000000000000000E+000  0.000000000000000E+000  0.000000000000000E+000
  0.000000000000000E+000  0.000000000000000E+000  0.000000000000000E+000
  0.000000000000000E+000  0.000000000000000E+000  0.000000000000000E+000
  0.000000000000000E+000  0.000000000000000E+000  0.000000000000000E+000
  0.000000000000000E+000  0.000000000000000E+000  0.000000000000000E+000
  0.000000000000000E+000  0.000000000000000E+000  0.000000000000000E+000
  0.000000000000000E+000  0.000000000000000E+000  0.000000000000000E+000
  2.304000000000000E-005  0.000000000000000E+000  0.000000000000000E+000
  5.173643999999999E-002  1.846000000000000E-005  0.000000000000000E+000
  0.512708400000000       2.378860000000000E-003  2.200000000000000E-006
  0.000000000000000E+000  0.000000000000000E+000  0.000000000000000E+000
  0.000000000000000E+000  0.000000000000000E+000  0.000000000000000E+000
  0.000000000000000E+000  0.000000000000000E+000  0.000000000000000E+000
  0.000000000000000E+000  0.000000000000000E+000  0.000000000000000E+000
  0.000000000000000E+000  0.000000000000000E+000  0.000000000000000E+000
  0.000000000000000E+000  0.000000000000000E+000  0.000000000000000E+000
  0.000000000000000E+000  0.000000000000000E+000  0.000000000000000E+000
  1.925640000000000E-002  0.000000000000000E+000  0.000000000000000E+000
   1.02672060000000       9.410220000000004E-003  4.200000000000000E-006
  1.700400000000000E-002  0.000000000000000E+000  0.000000000000000E+000
  0.000000000000000E+000  0.000000000000000E+000  0.000000000000000E+000
  0.000000000000000E+000  0.000000000000000E+000  0.000000000000000E+000
  0.000000000000000E+000  0.000000000000000E+000  0.000000000000000E+000
  0.000000000000000E+000  0.000000000000000E+000  0.000000000000000E+000
  0.000000000000000E+000  0.000000000000000E+000  0.000000000000000E+000
  0.000000000000000E+000  0.000000000000000E+000  0.000000000000000E+000
  4.697040000000000E-003  0.000000000000000E+000  0.000000000000000E+000
   1.56044700000000       2.002858000000000E-002  3.400000000000000E-007
  8.265479999999999E-003  0.000000000000000E+000  0.000000000000000E+000
  1.896000000000000E-005  0.000000000000000E+000  0.000000000000000E+000
  0.000000000000000E+000  0.000000000000000E+000  0.000000000000000E+000
  0.000000000000000E+000  0.000000000000000E+000  0.000000000000000E+000
  0.000000000000000E+000  0.000000000000000E+000  0.000000000000000E+000
  0.000000000000000E+000  0.000000000000000E+000  0.000000000000000E+000
  0.000000000000000E+000  0.000000000000000E+000  0.000000000000000E+000
  3.007920000000000E-003  0.000000000000000E+000  0.000000000000000E+000
  0.501673560000000       2.153060000000000E-003  0.000000000000000E+000
   1.40657292000000       6.638659999999999E-003  1.940000000000000E-006
  6.386400000000000E-004  0.000000000000000E+000  0.000000000000000E+000
  0.000000000000000E+000  0.000000000000000E+000  0.000000000000000E+000
  0.000000000000000E+000  0.000000000000000E+000  0.000000000000000E+000
  6.000000000000000E-007  0.000000000000000E+000  0.000000000000000E+000
  0.000000000000000E+000  0.000000000000000E+000  0.000000000000000E+000
  0.000000000000000E+000  0.000000000000000E+000  0.000000000000000E+000
  4.232400000000000E-003  0.000000000000000E+000  0.000000000000000E+000
  0.230478600000000       9.150400000000000E-004  0.000000000000000E+000
   10.5300325200000       0.350137360000000       5.260000000000000E-006
  4.695228000000000E-002  0.000000000000000E+000  0.000000000000000E+000
  8.831435999999999E-002  0.000000000000000E+000  0.000000000000000E+000
  0.000000000000000E+000  0.000000000000000E+000  0.000000000000000E+000
  1.814940000000000E-002  0.000000000000000E+000  0.000000000000000E+000
  5.367696000000000E-002  0.000000000000000E+000  0.000000000000000E+000
  3.347316000000000E-002  0.000000000000000E+000  0.000000000000000E+000
  0.107214120000000       0.000000000000000E+000  0.000000000000000E+000
  0.848943120000000       5.128140000000000E-003  0.000000000000000E+000
   9.46490376000000       8.712190000000002E-002  0.000000000000000E+000
   6.29574084000000       1.557930000000000E-002  0.000000000000000E+000
  9.788796000000000E-002  0.000000000000000E+000  0.000000000000000E+000
  0.000000000000000E+000  0.000000000000000E+000  0.000000000000000E+000
  0.000000000000000E+000  0.000000000000000E+000  0.000000000000000E+000
   1.91226348000000       1.438100000000000E-003  0.000000000000000E+000
   1.40184516000000       1.953980000000000E-003  0.000000000000000E+000
   2.12959176000000       6.995159999999999E-003  0.000000000000000E+000
   4.94335296000000       2.204550000000000E-002  0.000000000000000E+000
   13.6200376800000       6.243288000000002E-002  0.000000000000000E+000
   19.7322957600000       2.329710000000000E-002  7.180000000000000E-006
   4.88463528000000       0.000000000000000E+000  0.000000000000000E+000
  3.320484000000000E-002  0.000000000000000E+000  0.000000000000000E+000
  0.000000000000000E+000  0.000000000000000E+000  0.000000000000000E+000
  0.000000000000000E+000  0.000000000000000E+000  0.000000000000000E+000
   11.1537724800000       6.489000000000000E-003  0.000000000000000E+000
   10.5300901200000       1.706000000000000E-003  0.000000000000000E+000
   11.6527749600000       1.633900000000000E-003  0.000000000000000E+000
   13.4403240000000       9.423780000000000E-003  0.000000000000000E+000
   15.9068128800000       7.064239999999999E-003  0.000000000000000E+000
   19.4339883600000       0.000000000000000E+000  0.000000000000000E+000
   3.85467900000000       0.000000000000000E+000  0.000000000000000E+000
  7.851600000000000E-003  0.000000000000000E+000  0.000000000000000E+000
  0.000000000000000E+000  0.000000000000000E+000  0.000000000000000E+000
  3.311904000000000E-002  0.000000000000000E+000  0.000000000000000E+000
   12.1301594400000       5.843000000000001E-004  0.000000000000000E+000
   11.8509891600000       6.687560000000000E-003  0.000000000000000E+000
   14.2685574000000       6.795320000000001E-003  0.000000000000000E+000
   14.8684555200000       0.000000000000000E+000  0.000000000000000E+000
   20.1068824800000       2.095200000000000E-003  0.000000000000000E+000
   14.4594517200000       0.000000000000000E+000  0.000000000000000E+000
   4.13992488000000       0.000000000000000E+000  0.000000000000000E+000
  4.186680000000000E-003  0.000000000000000E+000  0.000000000000000E+000
  6.722736000000000E-002  0.000000000000000E+000  0.000000000000000E+000
  0.000000000000000E+000  0.000000000000000E+000  0.000000000000000E+000
  0.000000000000000E+000  0.000000000000000E+000  0.000000000000000E+000
  0.000000000000000E+000  0.000000000000000E+000  0.000000000000000E+000
  0.000000000000000E+000  0.000000000000000E+000  0.000000000000000E+000
  0.000000000000000E+000  0.000000000000000E+000  0.000000000000000E+000
  0.000000000000000E+000  0.000000000000000E+000  0.000000000000000E+000
  0.000000000000000E+000  0.000000000000000E+000  0.000000000000000E+000
  0.000000000000000E+000  0.000000000000000E+000  0.000000000000000E+000
  1.238400000000000E-004  0.000000000000000E+000  0.000000000000000E+000
  5.712887999999999E-002  3.478000000000000E-005  0.000000000000000E+000
  0.502391040000000       1.829160000000000E-003  9.200000000000000E-007
  0.000000000000000E+000  0.000000000000000E+000  0.000000000000000E+000
  0.000000000000000E+000  0.000000000000000E+000  0.000000000000000E+000
  0.000000000000000E+000  0.000000000000000E+000  0.000000000000000E+000
  0.000000000000000E+000  0.000000000000000E+000  0.000000000000000E+000
  0.000000000000000E+000  0.000000000000000E+000  0.000000000000000E+000
  0.000000000000000E+000  0.000000000000000E+000  0.000000000000000E+000
  6.600000000000000E-006  0.000000000000000E+000  0.000000000000000E+000
  1.940088000000000E-002  1.600000000000000E-007  0.000000000000000E+000
   1.04267292000000       7.570379999999996E-003  2.000000000000000E-008
  1.698840000000000E-003  0.000000000000000E+000  0.000000000000000E+000
  0.000000000000000E+000  0.000000000000000E+000  0.000000000000000E+000
  0.000000000000000E+000  0.000000000000000E+000  0.000000000000000E+000
  0.000000000000000E+000  0.000000000000000E+000  0.000000000000000E+000
  0.000000000000000E+000  0.000000000000000E+000  0.000000000000000E+000
  0.000000000000000E+000  0.000000000000000E+000  0.000000000000000E+000
  0.000000000000000E+000  0.000000000000000E+000  0.000000000000000E+000
  1.484640000000000E-003  0.000000000000000E+000  0.000000000000000E+000
   1.58739132000000       1.980266000000000E-002  5.180000000000000E-006
  9.400560000000001E-003  0.000000000000000E+000  0.000000000000000E+000
  0.000000000000000E+000  0.000000000000000E+000  0.000000000000000E+000
  0.000000000000000E+000  0.000000000000000E+000  0.000000000000000E+000
  0.000000000000000E+000  0.000000000000000E+000  0.000000000000000E+000
  0.000000000000000E+000  0.000000000000000E+000  0.000000000000000E+000
  0.000000000000000E+000  0.000000000000000E+000  0.000000000000000E+000
  0.000000000000000E+000  0.000000000000000E+000  0.000000000000000E+000
  6.174000000000000E-004  0.000000000000000E+000  0.000000000000000E+000
  0.418842720000000       1.100680000000000E-003  0.000000000000000E+000
   1.43794320000000       9.456480000000000E-003  0.000000000000000E+000
  4.800000000000001E-007  0.000000000000000E+000  0.000000000000000E+000
  0.000000000000000E+000  0.000000000000000E+000  0.000000000000000E+000
  0.000000000000000E+000  0.000000000000000E+000  0.000000000000000E+000
  3.890400000000000E-004  0.000000000000000E+000  0.000000000000000E+000
  0.000000000000000E+000  0.000000000000000E+000  0.000000000000000E+000
  2.374800000000000E-004  0.000000000000000E+000  0.000000000000000E+000
  5.595120000000000E-003  0.000000000000000E+000  0.000000000000000E+000
  0.262244040000000       1.655000000000000E-004  0.000000000000000E+000
   10.5784093200000       0.336165320000000       5.980000000000000E-006
  0.110661240000000       0.000000000000000E+000  0.000000000000000E+000
  0.000000000000000E+000  0.000000000000000E+000  0.000000000000000E+000
  0.000000000000000E+000  0.000000000000000E+000  0.000000000000000E+000
  3.568776000000000E-002  0.000000000000000E+000  0.000000000000000E+000
  2.012184000000000E-002  0.000000000000000E+000  0.000000000000000E+000
  2.909172000000000E-002  0.000000000000000E+000  0.000000000000000E+000
  0.109265880000000       0.000000000000000E+000  0.000000000000000E+000
  0.690975360000000       3.579480000000000E-003  0.000000000000000E+000
   9.00088224000000       0.132286540000000       0.000000000000000E+000
   5.40982416000000       1.107286000000000E-002  0.000000000000000E+000
  0.367979040000000       0.000000000000000E+000  0.000000000000000E+000
  0.000000000000000E+000  0.000000000000000E+000  0.000000000000000E+000
  0.000000000000000E+000  0.000000000000000E+000  0.000000000000000E+000
   1.52106636000000       0.000000000000000E+000  0.000000000000000E+000
   1.62061836000000       1.343900000000000E-003  0.000000000000000E+000
   2.22564156000000       5.820860000000000E-003  0.000000000000000E+000
   5.55255456000000       1.285928000000000E-002  0.000000000000000E+000
   13.3614999600000       5.335198000000000E-002  0.000000000000000E+000
   21.3613494000000       5.668750000000000E-002  0.000000000000000E+000
   5.87272368000000       0.000000000000000E+000  0.000000000000000E+000
  7.762296000000000E-002  0.000000000000000E+000  0.000000000000000E+000
  0.000000000000000E+000  0.000000000000000E+000  0.000000000000000E+000
  0.000000000000000E+000  0.000000000000000E+000  0.000000000000000E+000
   10.8058028400000       4.836660000000000E-003  0.000000000000000E+000
   9.82297392000000       6.569040000000001E-003  0.000000000000000E+000
   11.3046589200000       1.087950000000000E-002  0.000000000000000E+000
   14.4252340800000       4.775200000000000E-003  0.000000000000000E+000
   21.0715885200000       8.009879999999999E-003  0.000000000000000E+000
   17.2599150000000       4.313060000000001E-003  0.000000000000000E+000
   3.59047548000000       1.480000000000000E-006  0.000000000000000E+000
  3.491736000000000E-002  0.000000000000000E+000  0.000000000000000E+000
  0.000000000000000E+000  0.000000000000000E+000  0.000000000000000E+000
  2.981436000000000E-002  0.000000000000000E+000  0.000000000000000E+000
   12.9219258000000       3.272600000000000E-004  0.000000000000000E+000
   11.0216905200000       0.000000000000000E+000  0.000000000000000E+000
   13.1992726800000       4.761400000000000E-003  0.000000000000000E+000
   15.8235468000000       0.000000000000000E+000  0.000000000000000E+000
   16.4856537600000       0.000000000000000E+000  0.000000000000000E+000
   15.6962006400000       0.000000000000000E+000  0.000000000000000E+000
   3.69173184000000       0.000000000000000E+000  0.000000000000000E+000
  0.348322680000000       0.000000000000000E+000  0.000000000000000E+000
  0.000000000000000E+000  0.000000000000000E+000  0.000000000000000E+000
  1.027956000000000E-002  0.000000000000000E+000  0.000000000000000E+000
  0.000000000000000E+000  0.000000000000000E+000  0.000000000000000E+000
  0.000000000000000E+000  0.000000000000000E+000  0.000000000000000E+000
  0.000000000000000E+000  0.000000000000000E+000  0.000000000000000E+000
  0.000000000000000E+000  0.000000000000000E+000  0.000000000000000E+000
  0.000000000000000E+000  0.000000000000000E+000  0.000000000000000E+000
  0.000000000000000E+000  0.000000000000000E+000  0.000000000000000E+000
  0.000000000000000E+000  0.000000000000000E+000  0.000000000000000E+000
  4.319999999999999E-005  0.000000000000000E+000  0.000000000000000E+000
  5.194896000000000E-002  4.959999999999999E-006  0.000000000000000E+000
  0.545328840000000       2.209300000000000E-003  1.156000000000000E-005
  0.000000000000000E+000  0.000000000000000E+000  0.000000000000000E+000
  0.000000000000000E+000  0.000000000000000E+000  0.000000000000000E+000
  0.000000000000000E+000  0.000000000000000E+000  0.000000000000000E+000
  0.000000000000000E+000  0.000000000000000E+000  0.000000000000000E+000
  0.000000000000000E+000  0.000000000000000E+000  0.000000000000000E+000
  0.000000000000000E+000  0.000000000000000E+000  0.000000000000000E+000
  0.000000000000000E+000  0.000000000000000E+000  0.000000000000000E+000
  1.437072000000000E-002  3.980000000000000E-006  0.000000000000000E+000
  0.960022200000000       6.888660000000000E-003  6.359999999999999E-006
  3.436560000000000E-003  0.000000000000000E+000  0.000000000000000E+000
  0.000000000000000E+000  0.000000000000000E+000  0.000000000000000E+000
  0.000000000000000E+000  0.000000000000000E+000  0.000000000000000E+000
  0.000000000000000E+000  0.000000000000000E+000  0.000000000000000E+000
  0.000000000000000E+000  0.000000000000000E+000  0.000000000000000E+000
  0.000000000000000E+000  0.000000000000000E+000  0.000000000000000E+000
  0.000000000000000E+000  0.000000000000000E+000  0.000000000000000E+000
  1.461480000000000E-003  0.000000000000000E+000  0.000000000000000E+000
   1.63912992000000       2.255734000000000E-002  9.000000000000001E-007
  1.484220000000000E-002  0.000000000000000E+000  0.000000000000000E+000
  0.000000000000000E+000  0.000000000000000E+000  0.000000000000000E+000
  0.000000000000000E+000  0.000000000000000E+000  0.000000000000000E+000
  0.000000000000000E+000  0.000000000000000E+000  0.000000000000000E+000
  0.000000000000000E+000  0.000000000000000E+000  0.000000000000000E+000
  0.000000000000000E+000  0.000000000000000E+000  0.000000000000000E+000
  3.181200000000000E-004  0.000000000000000E+000  0.000000000000000E+000
  7.344000000000001E-004  0.000000000000000E+000  0.000000000000000E+000
  0.401966400000000       1.121060000000000E-003  0.000000000000000E+000
   1.55255424000000       5.076700000000001E-003  1.360000000000000E-006
  0.000000000000000E+000  0.000000000000000E+000  0.000000000000000E+000
  0.000000000000000E+000  0.000000000000000E+000  0.000000000000000E+000
  0.000000000000000E+000  0.000000000000000E+000  0.000000000000000E+000
  0.000000000000000E+000  0.000000000000000E+000  0.000000000000000E+000
  5.568000000000000E-004  0.000000000000000E+000  0.000000000000000E+000
  2.520000000000000E-005  0.000000000000000E+000  0.000000000000000E+000
  1.700760000000000E-003  0.000000000000000E+000  0.000000000000000E+000
  0.170950800000000       1.880000000000000E-004  0.000000000000000E+000
   9.90903552000000       0.320060900000000       8.379999999999999E-006
  9.731460000000000E-002  0.000000000000000E+000  0.000000000000000E+000
  0.000000000000000E+000  0.000000000000000E+000  0.000000000000000E+000
  0.000000000000000E+000  0.000000000000000E+000  0.000000000000000E+000
  3.149340000000000E-002  0.000000000000000E+000  0.000000000000000E+000
  6.601224000000000E-002  0.000000000000000E+000  0.000000000000000E+000
  4.160472000000000E-002  0.000000000000000E+000  0.000000000000000E+000
  0.137566560000000       0.000000000000000E+000  0.000000000000000E+000
  0.768899880000000       2.004500000000000E-003  0.000000000000000E+000
   8.90294628000000       0.120383340000000       0.000000000000000E+000
   6.09709368000000       1.114426000000000E-002  0.000000000000000E+000
  0.210535680000000       0.000000000000000E+000  0.000000000000000E+000
  0.000000000000000E+000  0.000000000000000E+000  0.000000000000000E+000
  0.000000000000000E+000  0.000000000000000E+000  0.000000000000000E+000
   1.57002636000000       9.050000000000000E-005  0.000000000000000E+000
   2.14334556000000       7.288220000000000E-003  0.000000000000000E+000
   2.72930496000000       3.043880000000000E-003  0.000000000000000E+000
   5.24437260000000       2.070660000000000E-003  0.000000000000000E+000
   11.8096536000000       3.620434000000000E-002  0.000000000000000E+000
   20.6996809200000       6.249508000000001E-002  0.000000000000000E+000
   4.64524908000000       0.000000000000000E+000  0.000000000000000E+000
  0.000000000000000E+000  0.000000000000000E+000  0.000000000000000E+000
  0.000000000000000E+000  0.000000000000000E+000  0.000000000000000E+000
  0.000000000000000E+000  0.000000000000000E+000  0.000000000000000E+000
   8.79388680000000       1.999502000000000E-002  0.000000000000000E+000
   8.68528224000000       2.984560000000000E-003  0.000000000000000E+000
   11.1368875200000       3.399300000000000E-003  0.000000000000000E+000
   16.1866238400000       7.600000000000000E-007  0.000000000000000E+000
   18.3519550800000       1.300320000000000E-002  0.000000000000000E+000
   17.2068331200000       0.000000000000000E+000  0.000000000000000E+000
   4.26947172000000       0.000000000000000E+000  0.000000000000000E+000
  0.173718960000000       0.000000000000000E+000  0.000000000000000E+000
  0.000000000000000E+000  0.000000000000000E+000  0.000000000000000E+000
  0.000000000000000E+000  0.000000000000000E+000  0.000000000000000E+000
   12.0270561600000       0.000000000000000E+000  0.000000000000000E+000
   13.4876781600000       3.307920000000000E-003  0.000000000000000E+000
   15.0518359200000       0.000000000000000E+000  0.000000000000000E+000
   15.2960786400000       0.000000000000000E+000  0.000000000000000E+000
   19.4810331600000       0.000000000000000E+000  0.000000000000000E+000
   14.0367604800000       0.000000000000000E+000  0.000000000000000E+000
   2.96615724000000       0.000000000000000E+000  0.000000000000000E+000
  0.127253280000000       0.000000000000000E+000  0.000000000000000E+000
  4.735080000000000E-003  0.000000000000000E+000  0.000000000000000E+000
  0.154820280000000       0.000000000000000E+000  0.000000000000000E+000
  0.000000000000000E+000  0.000000000000000E+000  0.000000000000000E+000
  0.000000000000000E+000  0.000000000000000E+000  0.000000000000000E+000
  0.000000000000000E+000  0.000000000000000E+000  0.000000000000000E+000
  0.000000000000000E+000  0.000000000000000E+000  0.000000000000000E+000
  0.000000000000000E+000  0.000000000000000E+000  0.000000000000000E+000
  0.000000000000000E+000  0.000000000000000E+000  0.000000000000000E+000
  0.000000000000000E+000  0.000000000000000E+000  0.000000000000000E+000
  2.964000000000000E-005  0.000000000000000E+000  0.000000000000000E+000
  4.683600000000000E-002  2.958000000000000E-005  0.000000000000000E+000
  0.518157600000000       2.404480000000001E-003  4.120000000000000E-006
  0.000000000000000E+000  0.000000000000000E+000  0.000000000000000E+000
  0.000000000000000E+000  0.000000000000000E+000  0.000000000000000E+000
  0.000000000000000E+000  0.000000000000000E+000  0.000000000000000E+000
  0.000000000000000E+000  0.000000000000000E+000  0.000000000000000E+000
  0.000000000000000E+000  0.000000000000000E+000  0.000000000000000E+000
  0.000000000000000E+000  0.000000000000000E+000  0.000000000000000E+000
  0.000000000000000E+000  0.000000000000000E+000  0.000000000000000E+000
  1.933055999999999E-002  0.000000000000000E+000  0.000000000000000E+000
   1.07199672000000       9.198300000000000E-003  2.020000000000000E-006
  1.508568000000000E-002  0.000000000000000E+000  0.000000000000000E+000
  0.000000000000000E+000  0.000000000000000E+000  0.000000000000000E+000
  0.000000000000000E+000  0.000000000000000E+000  0.000000000000000E+000
  0.000000000000000E+000  0.000000000000000E+000  0.000000000000000E+000
  0.000000000000000E+000  0.000000000000000E+000  0.000000000000000E+000
  0.000000000000000E+000  0.000000000000000E+000  0.000000000000000E+000
  0.000000000000000E+000  0.000000000000000E+000  0.000000000000000E+000
  2.314440000000000E-003  0.000000000000000E+000  0.000000000000000E+000
   1.58047884000000       1.869826000000000E-002  4.299999999999999E-006
  1.986240000000000E-003  0.000000000000000E+000  0.000000000000000E+000
  0.000000000000000E+000  0.000000000000000E+000  0.000000000000000E+000
  0.000000000000000E+000  0.000000000000000E+000  0.000000000000000E+000
  0.000000000000000E+000  0.000000000000000E+000  0.000000000000000E+000
  0.000000000000000E+000  0.000000000000000E+000  0.000000000000000E+000
  0.000000000000000E+000  0.000000000000000E+000  0.000000000000000E+000
  0.000000000000000E+000  0.000000000000000E+000  0.000000000000000E+000
  6.408000000000000E-005  0.000000000000000E+000  0.000000000000000E+000
  0.430836840000000       1.143600000000000E-003  0.000000000000000E+000
   1.21010376000000       6.576459999999999E-003  0.000000000000000E+000
  0.000000000000000E+000  0.000000000000000E+000  0.000000000000000E+000
  0.000000000000000E+000  0.000000000000000E+000  0.000000000000000E+000
  1.572000000000000E-005  0.000000000000000E+000  0.000000000000000E+000
  0.000000000000000E+000  0.000000000000000E+000  0.000000000000000E+000
  1.956000000000000E-005  0.000000000000000E+000  0.000000000000000E+000
  1.477200000000000E-004  0.000000000000000E+000  0.000000000000000E+000
  2.390760000000000E-003  0.000000000000000E+000  0.000000000000000E+000
  0.279408600000000       4.462600000000001E-004  0.000000000000000E+000
   10.4234077200000       0.368313920000000       2.200000000000000E-006
  0.108305760000000       0.000000000000000E+000  0.000000000000000E+000
  0.000000000000000E+000  0.000000000000000E+000  0.000000000000000E+000
  0.000000000000000E+000  0.000000000000000E+000  0.000000000000000E+000
  1.851012000000000E-002  0.000000000000000E+000  0.000000000000000E+000
  5.590284000000000E-002  0.000000000000000E+000  0.000000000000000E+000
  9.742656000000000E-002  0.000000000000000E+000  0.000000000000000E+000
  0.149133120000000       0.000000000000000E+000  0.000000000000000E+000
  0.623003880000000       1.240360000000000E-003  0.000000000000000E+000
   9.58660572000000       0.128652320000000       0.000000000000000E+000
   6.94719096000000       9.952320000000001E-003  0.000000000000000E+000
  3.130296000000000E-002  0.000000000000000E+000  0.000000000000000E+000
  0.000000000000000E+000  0.000000000000000E+000  0.000000000000000E+000
  0.000000000000000E+000  0.000000000000000E+000  0.000000000000000E+000
   2.07408000000000       6.793940000000001E-003  0.000000000000000E+000
   1.78137960000000       5.507300000000000E-003  0.000000000000000E+000
   2.51789136000000       9.333800000000001E-004  0.000000000000000E+000
   3.82693380000000       1.597776000000000E-002  0.000000000000000E+000
   12.9242671200000       4.400124000000001E-002  4.400000000000000E-006
   22.5195073200000       5.333892000000000E-002  0.000000000000000E+000
   4.11805632000000       0.000000000000000E+000  0.000000000000000E+000
  0.354044520000000       0.000000000000000E+000  0.000000000000000E+000
  0.106437720000000       0.000000000000000E+000  0.000000000000000E+000
  0.000000000000000E+000  0.000000000000000E+000  0.000000000000000E+000
   10.0876352400000       1.471940000000000E-003  0.000000000000000E+000
   9.37892796000000       8.032380000000000E-003  0.000000000000000E+000
   10.5550424400000       8.128220000000000E-003  0.000000000000000E+000
   14.0453473200000       5.818000000000000E-003  0.000000000000000E+000
   21.1113484800000       8.195720000000000E-003  0.000000000000000E+000
   20.0667428400000       2.528600000000000E-004  0.000000000000000E+000
   2.97510072000000       0.000000000000000E+000  0.000000000000000E+000
  0.194291640000000       0.000000000000000E+000  0.000000000000000E+000
  0.000000000000000E+000  0.000000000000000E+000  0.000000000000000E+000
  0.100641000000000       0.000000000000000E+000  0.000000000000000E+000
   12.9632250000000       1.894800000000000E-004  0.000000000000000E+000
   12.1287302400000       3.784200000000000E-004  0.000000000000000E+000
   14.6106063600000       0.000000000000000E+000  0.000000000000000E+000
   14.3175669600000       2.119840000000000E-003  0.000000000000000E+000
   20.1204033600000       0.000000000000000E+000  0.000000000000000E+000
   16.2668410800000       0.000000000000000E+000  0.000000000000000E+000
   2.42718948000000       0.000000000000000E+000  0.000000000000000E+000
  0.120000000000000       0.000000000000000E+000  0.000000000000000E+000
  2.770200000000000E-002  0.000000000000000E+000  0.000000000000000E+000
  4.213896000000000E-002  0.000000000000000E+000  0.000000000000000E+000
  0.000000000000000E+000  0.000000000000000E+000  0.000000000000000E+000
  0.000000000000000E+000  0.000000000000000E+000  0.000000000000000E+000
  0.000000000000000E+000  0.000000000000000E+000  0.000000000000000E+000
  0.000000000000000E+000  0.000000000000000E+000  0.000000000000000E+000
  0.000000000000000E+000  0.000000000000000E+000  0.000000000000000E+000
  0.000000000000000E+000  0.000000000000000E+000  0.000000000000000E+000
  0.000000000000000E+000  0.000000000000000E+000  0.000000000000000E+000
  5.400000000000000E-006  0.000000000000000E+000  0.000000000000000E+000
  5.910324000000000E-002  2.511999999999999E-005  0.000000000000000E+000
  0.544449000000000       2.212460000000000E-003  3.760000000000000E-006
  0.000000000000000E+000  0.000000000000000E+000  0.000000000000000E+000
  0.000000000000000E+000  0.000000000000000E+000  0.000000000000000E+000
  0.000000000000000E+000  0.000000000000000E+000  0.000000000000000E+000
  0.000000000000000E+000  0.000000000000000E+000  0.000000000000000E+000
  0.000000000000000E+000  0.000000000000000E+000  0.000000000000000E+000
  0.000000000000000E+000  0.000000000000000E+000  0.000000000000000E+000
  0.000000000000000E+000  0.000000000000000E+000  0.000000000000000E+000
  1.674624000000000E-002  0.000000000000000E+000  0.000000000000000E+000
   1.03936908000000       9.234459999999996E-003  1.338000000000000E-005
  0.000000000000000E+000  0.000000000000000E+000  0.000000000000000E+000
  0.000000000000000E+000  0.000000000000000E+000  0.000000000000000E+000
  0.000000000000000E+000  0.000000000000000E+000  0.000000000000000E+000
  0.000000000000000E+000  0.000000000000000E+000  0.000000000000000E+000
  0.000000000000000E+000  0.000000000000000E+000  0.000000000000000E+000
  0.000000000000000E+000  0.000000000000000E+000  0.000000000000000E+000
  0.000000000000000E+000  0.000000000000000E+000  0.000000000000000E+000
  1.570080000000000E-003  0.000000000000000E+000  0.000000000000000E+000
   1.66773468000000       1.997622000000001E-002  6.200000000000000E-007
  5.400000000000000E-006  0.000000000000000E+000  0.000000000000000E+000
  0.000000000000000E+000  0.000000000000000E+000  0.000000000000000E+000
  0.000000000000000E+000  0.000000000000000E+000  0.000000000000000E+000
  0.000000000000000E+000  0.000000000000000E+000  0.000000000000000E+000
  0.000000000000000E+000  0.000000000000000E+000  0.000000000000000E+000
  0.000000000000000E+000  0.000000000000000E+000  0.000000000000000E+000
  1.935600000000000E-004  0.000000000000000E+000  0.000000000000000E+000
  2.761200000000000E-004  0.000000000000000E+000  0.000000000000000E+000
  0.486080640000000       3.373380000000000E-003  0.000000000000000E+000
   1.60959768000000       1.255810000000000E-002  0.000000000000000E+000
  0.000000000000000E+000  0.000000000000000E+000  0.000000000000000E+000
  0.000000000000000E+000  0.000000000000000E+000  0.000000000000000E+000
  2.844000000000000E-005  0.000000000000000E+000  0.000000000000000E+000
  0.000000000000000E+000  0.000000000000000E+000  0.000000000000000E+000
  2.030400000000000E-004  0.000000000000000E+000  0.000000000000000E+000
  7.080000000000000E-006  0.000000000000000E+000  0.000000000000000E+000
  6.507360000000001E-003  0.000000000000000E+000  0.000000000000000E+000
  0.241905480000000       3.872600000000001E-004  0.000000000000000E+000
   10.2735999600000       0.325046420000000       4.200000000000001E-007
  2.312604000000000E-002  0.000000000000000E+000  0.000000000000000E+000
  0.000000000000000E+000  0.000000000000000E+000  0.000000000000000E+000
  0.000000000000000E+000  0.000000000000000E+000  0.000000000000000E+000
  9.622800000000001E-003  0.000000000000000E+000  0.000000000000000E+000
  4.371191999999999E-002  0.000000000000000E+000  0.000000000000000E+000
  6.389160000000001E-002  0.000000000000000E+000  0.000000000000000E+000
  0.155745000000000       1.555400000000000E-004  0.000000000000000E+000
  0.770129640000000       2.363360000000000E-003  0.000000000000000E+000
   9.68614980000000       0.124001980000000       0.000000000000000E+000
   6.68678820000000       1.299324000000000E-002  0.000000000000000E+000
  0.000000000000000E+000  0.000000000000000E+000  0.000000000000000E+000
  0.000000000000000E+000  0.000000000000000E+000  0.000000000000000E+000
  0.000000000000000E+000  0.000000000000000E+000  0.000000000000000E+000
   2.01373956000000       2.844780000000000E-003  0.000000000000000E+000
   2.00547744000000       2.396440000000000E-003  0.000000000000000E+000
   3.06957588000000       4.873000000000000E-003  0.000000000000000E+000
   4.58610372000000       3.783899999999999E-003  0.000000000000000E+000
   12.9969672000000       4.711126000000000E-002  0.000000000000000E+000
   22.8457881600000       5.159730000000000E-002  0.000000000000000E+000
   5.13348804000000       0.000000000000000E+000  0.000000000000000E+000
  0.000000000000000E+000  0.000000000000000E+000  0.000000000000000E+000
  0.000000000000000E+000  0.000000000000000E+000  0.000000000000000E+000
  2.745840000000000E-003  0.000000000000000E+000  0.000000000000000E+000
   9.99423948000000       3.300060000000000E-003  0.000000000000000E+000
   10.2264360000000       1.259710000000000E-002  0.000000000000000E+000
   10.3027024800000       7.200000000000000E-006  0.000000000000000E+000
   15.2157895200000       6.297900000000000E-003  0.000000000000000E+000
   19.2276747600000       9.538540000000000E-003  0.000000000000000E+000
   17.9237076000000       4.997460000000000E-003  0.000000000000000E+000
   3.53535540000000       0.000000000000000E+000  0.000000000000000E+000
  0.000000000000000E+000  0.000000000000000E+000  0.000000000000000E+000
  0.000000000000000E+000  0.000000000000000E+000  0.000000000000000E+000
  0.000000000000000E+000  0.000000000000000E+000  0.000000000000000E+000
   13.0064239200000       1.240000000000000E-006  0.000000000000000E+000
   13.0277163600000       1.062540000000000E-003  0.000000000000000E+000
   13.1427428400000       0.000000000000000E+000  0.000000000000000E+000
   17.8534617600000       1.680000000000000E-006  0.000000000000000E+000
   17.4159159600000       0.000000000000000E+000  0.000000000000000E+000
   16.0116483600000       0.000000000000000E+000  0.000000000000000E+000
   3.34042668000000       0.000000000000000E+000  0.000000000000000E+000
  0.119995560000000       0.000000000000000E+000  0.000000000000000E+000
  0.184269600000000       0.000000000000000E+000  0.000000000000000E+000
  1.165740000000000E-002  0.000000000000000E+000  0.000000000000000E+000
  0.000000000000000E+000  0.000000000000000E+000  0.000000000000000E+000
  0.000000000000000E+000  0.000000000000000E+000  0.000000000000000E+000
  0.000000000000000E+000  0.000000000000000E+000  0.000000000000000E+000
  0.000000000000000E+000  0.000000000000000E+000  0.000000000000000E+000
  0.000000000000000E+000  0.000000000000000E+000  0.000000000000000E+000
  0.000000000000000E+000  0.000000000000000E+000  0.000000000000000E+000
  0.000000000000000E+000  0.000000000000000E+000  0.000000000000000E+000
  4.488000000000000E-005  0.000000000000000E+000  0.000000000000000E+000
  5.234448000000000E-002  2.238000000000000E-005  0.000000000000000E+000
  0.492873480000000       2.228920000000001E-003  3.800000000000000E-007
  0.000000000000000E+000  0.000000000000000E+000  0.000000000000000E+000
  0.000000000000000E+000  0.000000000000000E+000  0.000000000000000E+000
  0.000000000000000E+000  0.000000000000000E+000  0.000000000000000E+000
  0.000000000000000E+000  0.000000000000000E+000  0.000000000000000E+000
  0.000000000000000E+000  0.000000000000000E+000  0.000000000000000E+000
  0.000000000000000E+000  0.000000000000000E+000  0.000000000000000E+000
  2.712000000000000E-005  0.000000000000000E+000  0.000000000000000E+000
  1.853328000000001E-002  0.000000000000000E+000  0.000000000000000E+000
   1.04533020000000       9.908480000000002E-003  6.200000000000000E-007
  0.000000000000000E+000  0.000000000000000E+000  0.000000000000000E+000
  0.000000000000000E+000  0.000000000000000E+000  0.000000000000000E+000
  0.000000000000000E+000  0.000000000000000E+000  0.000000000000000E+000
  0.000000000000000E+000  0.000000000000000E+000  0.000000000000000E+000
  0.000000000000000E+000  0.000000000000000E+000  0.000000000000000E+000
  0.000000000000000E+000  0.000000000000000E+000  0.000000000000000E+000
  0.000000000000000E+000  0.000000000000000E+000  0.000000000000000E+000
  1.298400000000000E-003  0.000000000000000E+000  0.000000000000000E+000
   1.58216928000000       2.004974000000000E-002  0.000000000000000E+000
  1.257216000000000E-002  0.000000000000000E+000  0.000000000000000E+000
  0.000000000000000E+000  0.000000000000000E+000  0.000000000000000E+000
  0.000000000000000E+000  0.000000000000000E+000  0.000000000000000E+000
  0.000000000000000E+000  0.000000000000000E+000  0.000000000000000E+000
  0.000000000000000E+000  0.000000000000000E+000  0.000000000000000E+000
  0.000000000000000E+000  0.000000000000000E+000  0.000000000000000E+000
  0.000000000000000E+000  0.000000000000000E+000  0.000000000000000E+000
  1.592400000000000E-003  0.000000000000000E+000  0.000000000000000E+000
  0.442578240000000       1.680600000000000E-003  1.000000000000000E-007
   1.53395700000000       8.063700000000002E-003  0.000000000000000E+000
  0.000000000000000E+000  0.000000000000000E+000  0.000000000000000E+000
  0.000000000000000E+000  0.000000000000000E+000  0.000000000000000E+000
  0.000000000000000E+000  0.000000000000000E+000  0.000000000000000E+000
  5.995200000000000E-004  0.000000000000000E+000  0.000000000000000E+000
  0.000000000000000E+000  0.000000000000000E+000  0.000000000000000E+000
  1.291200000000000E-003  0.000000000000000E+000  0.000000000000000E+000
  1.056480000000000E-003  0.000000000000000E+000  0.000000000000000E+000
  0.281054760000000       4.232800000000001E-004  0.000000000000000E+000
   10.4804167200000       0.319574460000000       1.356000000000000E-005
  0.130894920000000       0.000000000000000E+000  0.000000000000000E+000
  0.000000000000000E+000  0.000000000000000E+000  0.000000000000000E+000
  0.000000000000000E+000  0.000000000000000E+000  0.000000000000000E+000
  4.665936000000000E-002  0.000000000000000E+000  0.000000000000000E+000
  2.453784000000000E-002  0.000000000000000E+000  0.000000000000000E+000
  3.609492000000000E-002  0.000000000000000E+000  0.000000000000000E+000
  8.332116000000001E-002  0.000000000000000E+000  0.000000000000000E+000
  0.637130760000000       4.446260000000000E-003  0.000000000000000E+000
   9.64178100000000       0.138360460000000       2.820000000000000E-006
   5.48401500000000       1.330780000000000E-003  0.000000000000000E+000
  0.236273040000000       0.000000000000000E+000  0.000000000000000E+000
  0.000000000000000E+000  0.000000000000000E+000  0.000000000000000E+000
  0.000000000000000E+000  0.000000000000000E+000  0.000000000000000E+000
   1.64864736000000       6.170000000000000E-005  0.000000000000000E+000
   1.78252668000000       2.429540000000000E-003  0.000000000000000E+000
   2.14315812000000       1.833720000000000E-003  0.000000000000000E+000
   5.15321880000000       1.506088000000000E-002  2.000000000000000E-008
   13.2562539600000       4.199210000000000E-002  0.000000000000000E+000
   20.2553979600000       7.071709999999999E-002  0.000000000000000E+000
   4.99688616000000       0.000000000000000E+000  0.000000000000000E+000
  8.172000000000000E-004  0.000000000000000E+000  0.000000000000000E+000
  0.120000000000000       0.000000000000000E+000  0.000000000000000E+000
  0.000000000000000E+000  0.000000000000000E+000  0.000000000000000E+000
   8.68049112000000       8.977360000000000E-003  0.000000000000000E+000
   10.5081076800000       9.822380000000000E-003  0.000000000000000E+000
   12.4631953200000       1.717034000000000E-002  0.000000000000000E+000
   14.5145527200000       5.015900000000000E-003  0.000000000000000E+000
   20.1667477200000       1.065902000000000E-002  0.000000000000000E+000
   17.3698221600000       5.171540000000000E-003  0.000000000000000E+000
   2.78436228000000       0.000000000000000E+000  0.000000000000000E+000
  0.120000000000000       0.000000000000000E+000  0.000000000000000E+000
  0.000000000000000E+000  0.000000000000000E+000  0.000000000000000E+000
  4.897800000000000E-002  0.000000000000000E+000  0.000000000000000E+000
   12.5950824000000       3.337000000000000E-003  0.000000000000000E+000
   13.6362830400000       0.000000000000000E+000  0.000000000000000E+000
   13.4636211600000       6.774040000000000E-003  0.000000000000000E+000
   17.1512685600000       0.000000000000000E+000  0.000000000000000E+000
   19.9303790400000       0.000000000000000E+000  0.000000000000000E+000
   15.8799651600000       0.000000000000000E+000  0.000000000000000E+000
   4.07190060000000       0.000000000000000E+000  0.000000000000000E+000
  5.128272000000000E-002  0.000000000000000E+000  0.000000000000000E+000
  2.678676000000000E-002  0.000000000000000E+000  0.000000000000000E+000
  1.348392000000000E-002  0.000000000000000E+000  0.000000000000000E+000
  0.000000000000000E+000  0.000000000000000E+000  0.000000000000000E+000
  0.000000000000000E+000  0.000000000000000E+000  0.000000000000000E+000
  0.000000000000000E+000  0.000000000000000E+000  0.000000000000000E+000
  0.000000000000000E+000  0.000000000000000E+000  0.000000000000000E+000
  0.000000000000000E+000  0.000000000000000E+000  0.000000000000000E+000
  0.000000000000000E+000  0.000000000000000E+000  0.000000000000000E+000
  0.000000000000000E+000  0.000000000000000E+000  0.000000000000000E+000
  1.848000000000000E-004  0.000000000000000E+000  0.000000000000000E+000
  5.391408000000000E-002  1.680000000000000E-005  0.000000000000000E+000
  0.506641200000000       1.790620000000000E-003  1.000000000000000E-006
  0.000000000000000E+000  0.000000000000000E+000  0.000000000000000E+000
  0.000000000000000E+000  0.000000000000000E+000  0.000000000000000E+000
  0.000000000000000E+000  0.000000000000000E+000  0.000000000000000E+000
  0.000000000000000E+000  0.000000000000000E+000  0.000000000000000E+000
  0.000000000000000E+000  0.000000000000000E+000  0.000000000000000E+000
  0.000000000000000E+000  0.000000000000000E+000  0.000000000000000E+000
  0.000000000000000E+000  0.000000000000000E+000  0.000000000000000E+000
  2.085528000000000E-002  4.400000000000000E-006  0.000000000000000E+000
   1.06227012000000       1.074546000000000E-002  2.360000000000000E-006
  1.191600000000000E-004  0.000000000000000E+000  0.000000000000000E+000
  0.000000000000000E+000  0.000000000000000E+000  0.000000000000000E+000
  0.000000000000000E+000  0.000000000000000E+000  0.000000000000000E+000
  0.000000000000000E+000  0.000000000000000E+000  0.000000000000000E+000
  0.000000000000000E+000  0.000000000000000E+000  0.000000000000000E+000
  0.000000000000000E+000  0.000000000000000E+000  0.000000000000000E+000
  0.000000000000000E+000  0.000000000000000E+000  0.000000000000000E+000
  2.154840000000000E-003  0.000000000000000E+000  0.000000000000000E+000
   1.60617720000000       2.139156000000001E-002  1.460000000000000E-006
  4.172148000000000E-002  0.000000000000000E+000  0.000000000000000E+000
  0.000000000000000E+000  0.000000000000000E+000  0.000000000000000E+000
  0.000000000000000E+000  0.000000000000000E+000  0.000000000000000E+000
  0.000000000000000E+000  0.000000000000000E+000  0.000000000000000E+000
  0.000000000000000E+000  0.000000000000000E+000  0.000000000000000E+000
  0.000000000000000E+000  0.000000000000000E+000  0.000000000000000E+000
  0.000000000000000E+000  0.000000000000000E+000  0.000000000000000E+000
  1.941600000000000E-004  0.000000000000000E+000  0.000000000000000E+000
  0.437016600000000       1.077240000000000E-003  0.000000000000000E+000
   1.38366960000000       6.362160000000000E-003  0.000000000000000E+000
  0.000000000000000E+000  0.000000000000000E+000  0.000000000000000E+000
  0.000000000000000E+000  0.000000000000000E+000  0.000000000000000E+000
  4.248000000000000E-005  0.000000000000000E+000  0.000000000000000E+000
  0.000000000000000E+000  0.000000000000000E+000  0.000000000000000E+000
  0.000000000000000E+000  0.000000000000000E+000  0.000000000000000E+000
  1.502280000000000E-003  0.000000000000000E+000  0.000000000000000E+000
  3.474480000000000E-003  0.000000000000000E+000  0.000000000000000E+000
  0.270262080000000       9.365200000000000E-004  0.000000000000000E+000
   10.3544542800000       0.351930160000000       9.880000000000000E-006
  0.293378040000000       0.000000000000000E+000  0.000000000000000E+000
  0.000000000000000E+000  0.000000000000000E+000  0.000000000000000E+000
  0.000000000000000E+000  0.000000000000000E+000  0.000000000000000E+000
  9.990239999999997E-003  0.000000000000000E+000  0.000000000000000E+000
  1.163604000000000E-002  0.000000000000000E+000  0.000000000000000E+000
  5.911608000000000E-002  0.000000000000000E+000  0.000000000000000E+000
  9.415800000000001E-002  3.483600000000000E-004  0.000000000000000E+000
  0.716595960000000       3.801320000000000E-003  0.000000000000000E+000
   9.32750040000000       0.115473800000000       0.000000000000000E+000
   6.41997660000000       1.038200000000000E-002  0.000000000000000E+000
  2.435916000000000E-002  0.000000000000000E+000  0.000000000000000E+000
  0.000000000000000E+000  0.000000000000000E+000  0.000000000000000E+000
  0.000000000000000E+000  0.000000000000000E+000  0.000000000000000E+000
   1.56468228000000       4.178800000000000E-004  0.000000000000000E+000
   2.29354308000000       2.094760000000000E-003  0.000000000000000E+000
   2.32395228000000       2.436160000000000E-003  0.000000000000000E+000
   4.58491368000000       1.595122000000000E-002  0.000000000000000E+000
   13.0800886800000       2.552702000000000E-002  0.000000000000000E+000
   19.7397477600000       4.261997999999999E-002  1.000000000000000E-007
   4.93827336000000       0.000000000000000E+000  0.000000000000000E+000
  0.121619640000000       0.000000000000000E+000  0.000000000000000E+000
  3.496260000000000E-002  0.000000000000000E+000  0.000000000000000E+000
  3.604644000000000E-002  0.000000000000000E+000  0.000000000000000E+000
   11.5817138400000       5.245940000000000E-003  0.000000000000000E+000
   11.1205114800000       1.694354000000000E-002  0.000000000000000E+000
   12.2868376800000       9.008000000000000E-003  0.000000000000000E+000
   14.3990775600000       3.162400000000000E-003  0.000000000000000E+000
   19.9960117200000       2.000000000000000E-008  0.000000000000000E+000
   19.3674409200000       9.707020000000000E-003  0.000000000000000E+000
   4.65606408000000       0.000000000000000E+000  0.000000000000000E+000
  0.000000000000000E+000  0.000000000000000E+000  0.000000000000000E+000
  0.000000000000000E+000  0.000000000000000E+000  0.000000000000000E+000
  0.000000000000000E+000  0.000000000000000E+000  0.000000000000000E+000
   13.4362651200000       4.836200000000000E-004  0.000000000000000E+000
   13.4527964400000       0.000000000000000E+000  0.000000000000000E+000
   13.0735504800000       0.000000000000000E+000  0.000000000000000E+000
   16.4765128800000       0.000000000000000E+000  0.000000000000000E+000
   17.7557942400000       5.829800000000000E-004  0.000000000000000E+000
   16.4478037200000       0.000000000000000E+000  0.000000000000000E+000
   1.79220720000000       0.000000000000000E+000  0.000000000000000E+000
  9.128904000000000E-002  0.000000000000000E+000  0.000000000000000E+000
  1.086984000000000E-002  0.000000000000000E+000  0.000000000000000E+000
  0.100214160000000       0.000000000000000E+000  0.000000000000000E+000
  0.000000000000000E+000  0.000000000000000E+000  0.000000000000000E+000
  0.000000000000000E+000  0.000000000000000E+000  0.000000000000000E+000
  0.000000000000000E+000  0.000000000000000E+000  0.000000000000000E+000
  0.000000000000000E+000  0.000000000000000E+000  0.000000000000000E+000
  0.000000000000000E+000  0.000000000000000E+000  0.000000000000000E+000
  0.000000000000000E+000  0.000000000000000E+000  0.000000000000000E+000
  0.000000000000000E+000  0.000000000000000E+000  0.000000000000000E+000
  8.400000000000001E-007  0.000000000000000E+000  0.000000000000000E+000
  4.979195999999999E-002  1.210000000000000E-005  0.000000000000000E+000
  0.469781400000000       1.824600000000000E-003  2.800000000000000E-007
  0.000000000000000E+000  0.000000000000000E+000  0.000000000000000E+000
  0.000000000000000E+000  0.000000000000000E+000  0.000000000000000E+000
  0.000000000000000E+000  0.000000000000000E+000  0.000000000000000E+000
  0.000000000000000E+000  0.000000000000000E+000  0.000000000000000E+000
  0.000000000000000E+000  0.000000000000000E+000  0.000000000000000E+000
  0.000000000000000E+000  0.000000000000000E+000  0.000000000000000E+000
  0.000000000000000E+000  0.000000000000000E+000  0.000000000000000E+000
  2.046324000000000E-002  2.920000000000000E-006  0.000000000000000E+000
   1.04824140000000       9.058160000000003E-003  8.199999999999999E-007
  6.951479999999999E-003  0.000000000000000E+000  0.000000000000000E+000
  0.000000000000000E+000  0.000000000000000E+000  0.000000000000000E+000
  0.000000000000000E+000  0.000000000000000E+000  0.000000000000000E+000
  0.000000000000000E+000  0.000000000000000E+000  0.000000000000000E+000
  0.000000000000000E+000  0.000000000000000E+000  0.000000000000000E+000
  0.000000000000000E+000  0.000000000000000E+000  0.000000000000000E+000
  0.000000000000000E+000  0.000000000000000E+000  0.000000000000000E+000
  1.191960000000000E-003  0.000000000000000E+000  0.000000000000000E+000
   1.65903480000000       2.512314000000000E-002  7.599999999999999E-007
  1.128000000000000E-005  0.000000000000000E+000  0.000000000000000E+000
  1.596000000000000E-004  0.000000000000000E+000  0.000000000000000E+000
  0.000000000000000E+000  0.000000000000000E+000  0.000000000000000E+000
  0.000000000000000E+000  0.000000000000000E+000  0.000000000000000E+000
  0.000000000000000E+000  0.000000000000000E+000  0.000000000000000E+000
  0.000000000000000E+000  0.000000000000000E+000  0.000000000000000E+000
  2.298000000000000E-004  0.000000000000000E+000  0.000000000000000E+000
  5.912400000000000E-004  0.000000000000000E+000  0.000000000000000E+000
  0.464978400000000       1.018740000000000E-003  0.000000000000000E+000
   1.32093756000000       7.168140000000000E-003  0.000000000000000E+000
  0.000000000000000E+000  0.000000000000000E+000  0.000000000000000E+000
  0.000000000000000E+000  0.000000000000000E+000  0.000000000000000E+000
  0.000000000000000E+000  0.000000000000000E+000  0.000000000000000E+000
  0.000000000000000E+000  0.000000000000000E+000  0.000000000000000E+000
  0.000000000000000E+000  0.000000000000000E+000  0.000000000000000E+000
  1.096200000000000E-003  0.000000000000000E+000  0.000000000000000E+000
  5.190000000000000E-003  0.000000000000000E+000  0.000000000000000E+000
  0.302511720000000       1.829760000000000E-003  0.000000000000000E+000
   10.0254040800000       0.312653680000000       1.640000000000000E-006
  0.124701480000000       0.000000000000000E+000  0.000000000000000E+000
  0.000000000000000E+000  0.000000000000000E+000  0.000000000000000E+000
  0.000000000000000E+000  0.000000000000000E+000  0.000000000000000E+000
  1.853148000000000E-002  0.000000000000000E+000  0.000000000000000E+000
  3.628116000000000E-002  0.000000000000000E+000  0.000000000000000E+000
  3.897132000000000E-002  0.000000000000000E+000  0.000000000000000E+000
  9.184091999999999E-002  3.432000000000000E-004  0.000000000000000E+000
  0.888768360000000       3.088880000000000E-003  0.000000000000000E+000
   9.82401048000000       0.124311220000000       4.400000000000000E-007
   5.07631920000000       5.979060000000000E-003  0.000000000000000E+000
  5.085948000000000E-002  0.000000000000000E+000  0.000000000000000E+000
  0.000000000000000E+000  0.000000000000000E+000  0.000000000000000E+000
  0.000000000000000E+000  0.000000000000000E+000  0.000000000000000E+000
   1.41712680000000       1.776600000000000E-004  0.000000000000000E+000
   1.92087408000000       7.456600000000000E-004  0.000000000000000E+000
   2.58309888000000       6.855220000000000E-003  0.000000000000000E+000
   4.85298528000000       5.870399999999999E-003  0.000000000000000E+000
   12.7251972000000       4.743862000000001E-002  0.000000000000000E+000
   21.1050826800000       5.682324000000000E-002  0.000000000000000E+000
   4.12677360000000       0.000000000000000E+000  0.000000000000000E+000
  0.000000000000000E+000  0.000000000000000E+000  0.000000000000000E+000
  0.120000000000000       0.000000000000000E+000  0.000000000000000E+000
  0.000000000000000E+000  0.000000000000000E+000  0.000000000000000E+000
   10.8222278400000       2.169408000000000E-002  0.000000000000000E+000
   8.87818380000000       4.393400000000000E-003  0.000000000000000E+000
   12.6928772400000       1.301400000000000E-002  0.000000000000000E+000
   14.7949981200000       1.218924000000000E-002  0.000000000000000E+000
   18.7885770000000       2.196360000000000E-003  0.000000000000000E+000
   17.7881602800000       0.000000000000000E+000  0.000000000000000E+000
   3.61756176000000       0.000000000000000E+000  0.000000000000000E+000
  0.256377840000000       0.000000000000000E+000  0.000000000000000E+000
  6.961223999999999E-002  0.000000000000000E+000  0.000000000000000E+000
  0.000000000000000E+000  0.000000000000000E+000  0.000000000000000E+000
   11.2612232400000       0.000000000000000E+000  0.000000000000000E+000
   14.8338552000000       2.918600000000000E-004  0.000000000000000E+000
   13.9037365200000       0.000000000000000E+000  0.000000000000000E+000
   15.4321149600000       0.000000000000000E+000  0.000000000000000E+000
   17.5993479600000       0.000000000000000E+000  0.000000000000000E+000
   13.5032700000000       0.000000000000000E+000  0.000000000000000E+000
   1.73648136000000       0.000000000000000E+000  0.000000000000000E+000
  0.120000000000000       0.000000000000000E+000  0.000000000000000E+000
  0.145245960000000       0.000000000000000E+000  0.000000000000000E+000
  6.705012000000000E-002  0.000000000000000E+000  0.000000000000000E+000
  0.000000000000000E+000  0.000000000000000E+000  0.000000000000000E+000
  0.000000000000000E+000  0.000000000000000E+000  0.000000000000000E+000
  0.000000000000000E+000  0.000000000000000E+000  0.000000000000000E+000
  0.000000000000000E+000  0.000000000000000E+000  0.000000000000000E+000
  0.000000000000000E+000  0.000000000000000E+000  0.000000000000000E+000
  0.000000000000000E+000  0.000000000000000E+000  0.000000000000000E+000
  0.000000000000000E+000  0.000000000000000E+000  0.000000000000000E+000
  3.792000000000000E-005  0.000000000000000E+000  0.000000000000000E+000
  4.975283999999999E-002  1.880000000000000E-005  0.000000000000000E+000
  0.480965880000000       2.038040000000001E-003  1.400000000000000E-007
  0.000000000000000E+000  0.000000000000000E+000  0.000000000000000E+000
  0.000000000000000E+000  0.000000000000000E+000  0.000000000000000E+000
  0.000000000000000E+000  0.000000000000000E+000  0.000000000000000E+000
  0.000000000000000E+000  0.000000000000000E+000  0.000000000000000E+000
  0.000000000000000E+000  0.000000000000000E+000  0.000000000000000E+000
  0.000000000000000E+000  0.000000000000000E+000  0.000000000000000E+000
  1.992000000000000E-005  0.000000000000000E+000  0.000000000000000E+000
  1.378644000000000E-002  0.000000000000000E+000  0.000000000000000E+000
   1.08295344000000       8.243339999999998E-003  4.839999999999999E-006
  8.031480000000001E-003  0.000000000000000E+000  0.000000000000000E+000
  0.000000000000000E+000  0.000000000000000E+000  0.000000000000000E+000
  0.000000000000000E+000  0.000000000000000E+000  0.000000000000000E+000
  0.000000000000000E+000  0.000000000000000E+000  0.000000000000000E+000
  0.000000000000000E+000  0.000000000000000E+000  0.000000000000000E+000
  0.000000000000000E+000  0.000000000000000E+000  0.000000000000000E+000
  1.339200000000000E-004  0.000000000000000E+000  0.000000000000000E+000
  1.455960000000000E-003  0.000000000000000E+000  0.000000000000000E+000
   1.60986552000000       2.283584000000000E-002  1.800000000000000E-007
  2.400000000000000E-007  0.000000000000000E+000  0.000000000000000E+000
  8.400000000000001E-006  0.000000000000000E+000  0.000000000000000E+000
  0.000000000000000E+000  0.000000000000000E+000  0.000000000000000E+000
  0.000000000000000E+000  0.000000000000000E+000  0.000000000000000E+000
  0.000000000000000E+000  0.000000000000000E+000  0.000000000000000E+000
  0.000000000000000E+000  0.000000000000000E+000  0.000000000000000E+000
  0.000000000000000E+000  0.000000000000000E+000  0.000000000000000E+000
  3.275640000000000E-003  0.000000000000000E+000  0.000000000000000E+000
  0.499428480000000       2.177860000000000E-003  0.000000000000000E+000
   1.33829172000000       7.834600000000002E-003  0.000000000000000E+000
  0.000000000000000E+000  0.000000000000000E+000  0.000000000000000E+000
  0.000000000000000E+000  0.000000000000000E+000  0.000000000000000E+000
  0.000000000000000E+000  0.000000000000000E+000  0.000000000000000E+000
  1.035600000000000E-004  0.000000000000000E+000  0.000000000000000E+000
  0.000000000000000E+000  0.000000000000000E+000  0.000000000000000E+000
  0.000000000000000E+000  0.000000000000000E+000  0.000000000000000E+000
  7.028880000000000E-003  0.000000000000000E+000  0.000000000000000E+000
  0.257866200000000       2.617600000000000E-004  0.000000000000000E+000
   10.1150653200000       0.331415180000000       9.380000000000000E-006
  0.363972120000000       0.000000000000000E+000  0.000000000000000E+000
  0.000000000000000E+000  0.000000000000000E+000  0.000000000000000E+000
  0.000000000000000E+000  0.000000000000000E+000  0.000000000000000E+000
  2.572212000000000E-002  0.000000000000000E+000  0.000000000000000E+000
  2.178828000000000E-002  0.000000000000000E+000  0.000000000000000E+000
  2.261268000000000E-002  0.000000000000000E+000  0.000000000000000E+000
  7.276668000000000E-002  3.550000000000000E-005  0.000000000000000E+000
  0.718085040000000       2.668480000000000E-003  0.000000000000000E+000
   8.48711496000000       0.100615180000000       2.240000000000000E-006
   7.40640420000000       4.909440000000000E-003  0.000000000000000E+000
  0.000000000000000E+000  0.000000000000000E+000  0.000000000000000E+000
  0.000000000000000E+000  0.000000000000000E+000  0.000000000000000E+000
  0.000000000000000E+000  0.000000000000000E+000  0.000000000000000E+000
   1.91785308000000       7.254399999999999E-004  0.000000000000000E+000
   1.76535492000000       5.082420000000000E-003  0.000000000000000E+000
   2.62410732000000       1.842280000000000E-003  0.000000000000000E+000
   4.34249388000000       8.097299999999997E-003  6.799999999999999E-007
   12.3872306400000       4.584912000000001E-002  0.000000000000000E+000
   21.7021573200000       6.711627999999999E-002  4.000000000000000E-008
   3.95433072000000       0.000000000000000E+000  0.000000000000000E+000
  0.000000000000000E+000  0.000000000000000E+000  0.000000000000000E+000
  0.000000000000000E+000  0.000000000000000E+000  0.000000000000000E+000
  0.000000000000000E+000  0.000000000000000E+000  0.000000000000000E+000
   9.86903988000000       6.278100000000000E-003  0.000000000000000E+000
   10.6449582000000       4.129379999999999E-003  0.000000000000000E+000
   12.2296296000000       8.458820000000001E-003  0.000000000000000E+000
   15.3937252800000       6.025780000000001E-003  0.000000000000000E+000
   18.7387738800000       1.929160000000000E-002  0.000000000000000E+000
   17.3523130800000       3.618760000000000E-003  0.000000000000000E+000
   2.65639752000000       0.000000000000000E+000  0.000000000000000E+000
  1.595400000000000E-002  0.000000000000000E+000  0.000000000000000E+000
  0.173209200000000       0.000000000000000E+000  0.000000000000000E+000
  0.000000000000000E+000  0.000000000000000E+000  0.000000000000000E+000
   12.0002102400000       0.000000000000000E+000  0.000000000000000E+000
   11.2834386000000       3.439080000000000E-003  0.000000000000000E+000
   14.5525090800000       7.000000000000000E-007  0.000000000000000E+000
   16.6212513600000       3.937800000000000E-004  0.000000000000000E+000
   16.5834242400000       0.000000000000000E+000  0.000000000000000E+000
   14.0056044000000       0.000000000000000E+000  0.000000000000000E+000
   2.46298164000000       0.000000000000000E+000  0.000000000000000E+000
  1.981920000000000E-003  0.000000000000000E+000  0.000000000000000E+000
  0.000000000000000E+000  0.000000000000000E+000  0.000000000000000E+000
  8.586492000000000E-002  0.000000000000000E+000  0.000000000000000E+000
  0.000000000000000E+000  0.000000000000000E+000  0.000000000000000E+000
  0.000000000000000E+000  0.000000000000000E+000  0.000000000000000E+000
  0.000000000000000E+000  0.000000000000000E+000  0.000000000000000E+000
  0.000000000000000E+000  0.000000000000000E+000  0.000000000000000E+000
  0.000000000000000E+000  0.000000000000000E+000  0.000000000000000E+000
  0.000000000000000E+000  0.000000000000000E+000  0.000000000000000E+000
  0.000000000000000E+000  0.000000000000000E+000  0.000000000000000E+000
  1.536000000000000E-005  0.000000000000000E+000  0.000000000000000E+000
  4.769184000000001E-002  1.420000000000000E-005  0.000000000000000E+000
  0.521442600000000       2.200280000000000E-003  5.719999999999999E-006
  0.000000000000000E+000  0.000000000000000E+000  0.000000000000000E+000
  0.000000000000000E+000  0.000000000000000E+000  0.000000000000000E+000
  0.000000000000000E+000  0.000000000000000E+000  0.000000000000000E+000
  0.000000000000000E+000  0.000000000000000E+000  0.000000000000000E+000
  0.000000000000000E+000  0.000000000000000E+000  0.000000000000000E+000
  0.000000000000000E+000  0.000000000000000E+000  0.000000000000000E+000
  0.000000000000000E+000  0.000000000000000E+000  0.000000000000000E+000
  1.695132000000000E-002  0.000000000000000E+000  0.000000000000000E+000
  0.986383680000000       6.862179999999998E-003  2.320000000000000E-006
  3.015600000000000E-004  0.000000000000000E+000  0.000000000000000E+000
  0.000000000000000E+000  0.000000000000000E+000  0.000000000000000E+000
  0.000000000000000E+000  0.000000000000000E+000  0.000000000000000E+000
  0.000000000000000E+000  0.000000000000000E+000  0.000000000000000E+000
  0.000000000000000E+000  0.000000000000000E+000  0.000000000000000E+000
  0.000000000000000E+000  0.000000000000000E+000  0.000000000000000E+000
  0.000000000000000E+000  0.000000000000000E+000  0.000000000000000E+000
  1.721880000000000E-003  0.000000000000000E+000  0.000000000000000E+000
   1.66658388000000       2.111231999999999E-002  4.400000000000000E-007
  5.988000000000000E-005  0.000000000000000E+000  0.000000000000000E+000
  0.000000000000000E+000  0.000000000000000E+000  0.000000000000000E+000
  0.000000000000000E+000  0.000000000000000E+000  0.000000000000000E+000
  0.000000000000000E+000  0.000000000000000E+000  0.000000000000000E+000
  0.000000000000000E+000  0.000000000000000E+000  0.000000000000000E+000
  0.000000000000000E+000  0.000000000000000E+000  0.000000000000000E+000
  0.000000000000000E+000  0.000000000000000E+000  0.000000000000000E+000
  1.109160000000000E-003  0.000000000000000E+000  0.000000000000000E+000
  0.497448360000000       1.473960000000000E-003  0.000000000000000E+000
   1.45034172000000       1.450950000000000E-002  0.000000000000000E+000
  0.000000000000000E+000  0.000000000000000E+000  0.000000000000000E+000
  0.000000000000000E+000  0.000000000000000E+000  0.000000000000000E+000
  3.774000000000000E-004  0.000000000000000E+000  0.000000000000000E+000
  0.000000000000000E+000  0.000000000000000E+000  0.000000000000000E+000
  0.000000000000000E+000  0.000000000000000E+000  0.000000000000000E+000
  8.318399999999999E-004  0.000000000000000E+000  0.000000000000000E+000
  4.862280000000000E-003  0.000000000000000E+000  0.000000000000000E+000
  0.244045200000000       3.096400000000000E-004  0.000000000000000E+000
   9.83704140000000       0.288785100000000       2.736000000000000E-005
  6.447696000000000E-002  0.000000000000000E+000  0.000000000000000E+000
  0.000000000000000E+000  0.000000000000000E+000  0.000000000000000E+000
  0.120000000000000       0.000000000000000E+000  0.000000000000000E+000
  2.292444000000000E-002  0.000000000000000E+000  0.000000000000000E+000
  5.593404000000000E-002  0.000000000000000E+000  0.000000000000000E+000
  3.672240000000000E-002  0.000000000000000E+000  0.000000000000000E+000
  8.045580000000001E-002  0.000000000000000E+000  0.000000000000000E+000
  0.649414560000000       4.717400000000001E-004  0.000000000000000E+000
   9.42605976000000       0.114460300000000       0.000000000000000E+000
   6.79583628000000       1.637856000000000E-002  0.000000000000000E+000
  0.163821240000000       0.000000000000000E+000  0.000000000000000E+000
  0.000000000000000E+000  0.000000000000000E+000  0.000000000000000E+000
  0.000000000000000E+000  0.000000000000000E+000  0.000000000000000E+000
   1.26491556000000       1.178820000000000E-003  0.000000000000000E+000
   1.96285548000000       3.653240000000000E-003  0.000000000000000E+000
   2.59965696000000       2.554980000000000E-003  0.000000000000000E+000
   4.74185688000000       8.531500000000001E-003  0.000000000000000E+000
   12.5738476800000       1.707626000000000E-002  0.000000000000000E+000
   21.1296525600000       5.465591999999999E-002  0.000000000000000E+000
   3.37067712000000       0.000000000000000E+000  0.000000000000000E+000
  0.340047720000000       0.000000000000000E+000  0.000000000000000E+000
  0.120000000000000       0.000000000000000E+000  0.000000000000000E+000
  4.716960000000000E-003  0.000000000000000E+000  0.000000000000000E+000
   10.7649148800000       6.141219999999999E-003  0.000000000000000E+000
   9.17049324000000       5.842140000000000E-003  0.000000000000000E+000
   10.5422902800000       1.476612000000000E-002  0.000000000000000E+000
   15.8313843600000       5.479200000000001E-003  0.000000000000000E+000
   18.8533206000000       4.324820000000000E-003  0.000000000000000E+000
   19.1840139600000       1.785400000000000E-003  0.000000000000000E+000
   3.80233224000000       0.000000000000000E+000  0.000000000000000E+000
  0.000000000000000E+000  0.000000000000000E+000  0.000000000000000E+000
  0.000000000000000E+000  0.000000000000000E+000  0.000000000000000E+000
  6.737796000000000E-002  0.000000000000000E+000  0.000000000000000E+000
   12.2810768400000       0.000000000000000E+000  0.000000000000000E+000
   14.6918155200000       0.000000000000000E+000  0.000000000000000E+000
   13.3672546800000       2.000000000000000E-008  0.000000000000000E+000
   15.2144964000000       7.904220000000000E-003  0.000000000000000E+000
   17.7009501600000       2.140000000000000E-006  0.000000000000000E+000
   14.6858575200000       0.000000000000000E+000  0.000000000000000E+000
   3.62093172000000       0.000000000000000E+000  0.000000000000000E+000
  0.120000000000000       0.000000000000000E+000  0.000000000000000E+000
  3.508200000000000E-003  0.000000000000000E+000  0.000000000000000E+000
  8.374800000000000E-002  0.000000000000000E+000  0.000000000000000E+000
