  0.42289340425531918        1.5964042553191489E-003   0.0000000000000000     
  0.40334489361702114        1.2323617021276594E-003   1.4042553191489362E-006
  0.45893106382978721        1.7700851063829786E-003   4.1914893617021271E-006
  0.48383578723404241        1.8023617021276598E-003   1.3191489361702128E-006
  0.51154723404255320        2.2615957446808508E-003   5.3404255319148931E-006
  0.64976961702127667        3.9437021276595751E-003   1.1914893617021276E-006
  0.80969297872340429        5.3500425531914910E-003   1.0425531914893618E-006
  0.47118038297872344        2.2111276595744686E-003   3.6170212765957455E-007
   5.2122893617021257E-002   1.1208510638297873E-004   0.0000000000000000     
   2.6069361702127654E-002   7.5191489361702113E-005   0.0000000000000000     
   5.1970212765957457E-004   0.0000000000000000        0.0000000000000000     
   4.1425531914893605E-004   0.0000000000000000        0.0000000000000000     
   7.5880851063829795E-004   0.0000000000000000        0.0000000000000000     
   5.6412765957446816E-004   0.0000000000000000        0.0000000000000000     
   1.0930212765957448E-003   0.0000000000000000        0.0000000000000000     
   7.5579574468085100E-003   0.0000000000000000        0.0000000000000000     
   4.3887063829787229E-002   2.4255319148936165E-005   0.0000000000000000     
  0.30753561702127652        9.1527659574468082E-004   3.4042553191489360E-007
  0.60491055319148912        3.1850638297872347E-003   4.0425531914893619E-007
   7.1248595744680857E-002   4.2999999999999995E-005   1.2765957446808511E-007
   0.0000000000000000        0.0000000000000000        0.0000000000000000     
   0.0000000000000000        0.0000000000000000        0.0000000000000000     
   0.0000000000000000        0.0000000000000000        0.0000000000000000     
   0.0000000000000000        0.0000000000000000        0.0000000000000000     
   0.0000000000000000        0.0000000000000000        0.0000000000000000     
   4.8510638297872341E-006   0.0000000000000000        0.0000000000000000     
   8.3502127659574449E-004   0.0000000000000000        0.0000000000000000     
   3.7484553191489356E-002   1.9148936170212767E-007   0.0000000000000000     
  0.43616948936170213        1.7549999999999994E-003   4.8510638297872341E-006
  0.12143131914893616        4.2985106382978719E-004   0.0000000000000000     
   0.0000000000000000        0.0000000000000000        0.0000000000000000     
   0.0000000000000000        0.0000000000000000        0.0000000000000000     
   0.0000000000000000        0.0000000000000000        0.0000000000000000     
   0.0000000000000000        0.0000000000000000        0.0000000000000000     
   0.0000000000000000        0.0000000000000000        0.0000000000000000     
   0.0000000000000000        0.0000000000000000        0.0000000000000000     
   3.1914893617021277E-006   0.0000000000000000        0.0000000000000000     
   2.4403404255319149E-003   0.0000000000000000        0.0000000000000000     
  0.20601510638297876        2.8493617021276593E-004   2.1276595744680850E-008
  0.27791246808510633        9.9455319148936193E-004   8.5106382978723400E-008
   0.0000000000000000        0.0000000000000000        0.0000000000000000     
   0.0000000000000000        0.0000000000000000        0.0000000000000000     
   0.0000000000000000        0.0000000000000000        0.0000000000000000     
   0.0000000000000000        0.0000000000000000        0.0000000000000000     
   0.0000000000000000        0.0000000000000000        0.0000000000000000     
   0.0000000000000000        0.0000000000000000        0.0000000000000000     
   0.0000000000000000        0.0000000000000000        0.0000000000000000     
   1.7846808510638297E-004   0.0000000000000000        0.0000000000000000     
   7.7270425531914891E-002   3.7382978723404251E-005   0.0000000000000000     
  0.51240880851063808        2.6654468085106383E-003   3.3404255319148936E-006
   1.2417875744680855        1.0215276595744680E-002   6.2340425531914900E-006
   1.2062392340425534        9.2405531914893594E-003   3.3829787234042550E-006
   1.0088006808510637        8.2711914893617046E-003   5.1914893617021277E-006
  0.82243340425531919        3.7635319148936162E-003   5.7446808510638291E-007
  0.44787919148936178        2.3307446808510635E-003   0.0000000000000000     
   8.8790936170212775E-002   1.3638297872340428E-005   0.0000000000000000     
   4.3332765957446815E-003   0.0000000000000000        0.0000000000000000     
   4.0085106382978724E-004   0.0000000000000000        0.0000000000000000     
   0.0000000000000000        0.0000000000000000        0.0000000000000000     
   0.0000000000000000        0.0000000000000000        0.0000000000000000     
  0.11091306382978723        1.4799999999999999E-004   0.0000000000000000     
  0.10803319148936169        7.8723404255319146E-005   0.0000000000000000     
  0.10377051063829788        7.4234042553191501E-005   0.0000000000000000     
  0.18226404255319148        1.3414893617021275E-004   0.0000000000000000     
  0.32009668085106385        1.2380851063829789E-003   0.0000000000000000     
  0.85158778723404260        4.6202340425531918E-003   5.7446808510638291E-007
   2.1023675744680852        3.4295851063829791E-002   1.0000000000000002E-006
  0.22561212765957453        6.4463829787234030E-004   2.6595744680851065E-006
   1.2749361702127659E-003   0.0000000000000000        0.0000000000000000     
   6.8042553191489366E-004   0.0000000000000000        0.0000000000000000     
   0.0000000000000000        0.0000000000000000        0.0000000000000000     
   2.2953191489361702E-004   0.0000000000000000        0.0000000000000000     
   4.0595744680851062E-005   0.0000000000000000        0.0000000000000000     
   1.0404255319148937E-004   0.0000000000000000        0.0000000000000000     
   1.2444255319148936E-003   0.0000000000000000        0.0000000000000000     
   6.5591489361702124E-003   0.0000000000000000        0.0000000000000000     
  0.16794319148936171        1.7623404255319146E-004   0.0000000000000000     
   1.6043720425531918        2.1477255319148937E-002   1.3297872340425535E-005
   1.2002936170212766E-002   0.0000000000000000        0.0000000000000000     
   0.0000000000000000        0.0000000000000000        0.0000000000000000     
   0.0000000000000000        0.0000000000000000        0.0000000000000000     
   0.0000000000000000        0.0000000000000000        0.0000000000000000     
   0.0000000000000000        0.0000000000000000        0.0000000000000000     
   0.0000000000000000        0.0000000000000000        0.0000000000000000     
   0.0000000000000000        0.0000000000000000        0.0000000000000000     
   0.0000000000000000        0.0000000000000000        0.0000000000000000     
   4.8481276595744686E-003   0.0000000000000000        0.0000000000000000     
  0.43370553191489358        1.2173404255319147E-003   0.0000000000000000     
   7.7192936170212778E-002   6.9170212765957444E-005   0.0000000000000000     
   0.0000000000000000        0.0000000000000000        0.0000000000000000     
   0.0000000000000000        0.0000000000000000        0.0000000000000000     
   0.0000000000000000        0.0000000000000000        0.0000000000000000     
   0.0000000000000000        0.0000000000000000        0.0000000000000000     
   0.0000000000000000        0.0000000000000000        0.0000000000000000     
   0.0000000000000000        0.0000000000000000        0.0000000000000000     
   0.0000000000000000        0.0000000000000000        0.0000000000000000     
   3.4468085106382981E-006   0.0000000000000000        0.0000000000000000     
   5.5460297872340421E-002   6.2851063829787239E-005   0.0000000000000000     
  0.70363327659574459        4.9391276595744677E-003   2.1276595744680850E-008
   1.4338595744680851E-002   0.0000000000000000        0.0000000000000000     
   6.4467574468085112E-002   0.0000000000000000        0.0000000000000000     
   5.9080851063829777E-004   0.0000000000000000        0.0000000000000000     
   9.7277872340425536E-002   0.0000000000000000        0.0000000000000000     
   1.1489361702127658E-006   0.0000000000000000        0.0000000000000000     
   2.0348936170212764E-004   0.0000000000000000        0.0000000000000000     
   0.0000000000000000        0.0000000000000000        0.0000000000000000     
   0.0000000000000000        0.0000000000000000        0.0000000000000000     
   0.0000000000000000        0.0000000000000000        0.0000000000000000     
   0.0000000000000000        0.0000000000000000        0.0000000000000000     
   0.0000000000000000        0.0000000000000000        0.0000000000000000     
   5.5082166382978714       0.21618912765957446        1.4680851063829787E-005
   5.6694075319148949       0.22086402127659566        3.1276595744680855E-006
   5.5815896170212769       0.22918351063829792        1.0382978723404257E-005
   5.8274939999999988       0.23882644680851059        7.0425531914893625E-006
   6.0986292765957435       0.24330110638297867        8.1914893617021277E-006
   3.2987272340425537        5.9490361702127674E-002   4.2553191489361699E-007
   7.4388893617021279E-002   0.0000000000000000        0.0000000000000000     
   0.0000000000000000        0.0000000000000000        0.0000000000000000     
   6.9957446808510635E-005   0.0000000000000000        0.0000000000000000     
   0.0000000000000000        0.0000000000000000        0.0000000000000000     
   2.1693319148936168E-002   3.5957446808510636E-006   0.0000000000000000     
   4.5331787234042548E-002   0.0000000000000000        0.0000000000000000     
   3.7489404255319152E-002   0.0000000000000000        0.0000000000000000     
   7.3127234042553210E-002   2.1276595744680852E-007   0.0000000000000000     
  0.17763931914893621        3.1297872340425531E-005   0.0000000000000000     
   1.0054988936170215        8.9522978723404218E-003   2.4893617021276593E-006
   4.2400330212765951       0.12920180851063831        5.0851063829787232E-006
   5.4665234042553190E-002   0.0000000000000000        0.0000000000000000     
   0.0000000000000000        0.0000000000000000        0.0000000000000000     
   6.2195744680851065E-003   0.0000000000000000        0.0000000000000000     
   0.0000000000000000        0.0000000000000000        0.0000000000000000     
   2.6374468085106384E-004   0.0000000000000000        0.0000000000000000     
   0.0000000000000000        0.0000000000000000        0.0000000000000000     
   3.0638297872340428E-005   0.0000000000000000        0.0000000000000000     
   4.1093617021276601E-004   0.0000000000000000        0.0000000000000000     
   1.5094978723404255E-002   0.0000000000000000        0.0000000000000000     
  0.57837165957446812        2.3657659574468086E-003   6.8085106382978720E-007
   1.6885234468085100        2.0096319148936167E-002   1.3829787234042553E-006
   7.4226127659574467E-002   0.0000000000000000        0.0000000000000000     
   0.0000000000000000        0.0000000000000000        0.0000000000000000     
   0.0000000000000000        0.0000000000000000        0.0000000000000000     
   0.0000000000000000        0.0000000000000000        0.0000000000000000     
   0.0000000000000000        0.0000000000000000        0.0000000000000000     
   0.0000000000000000        0.0000000000000000        0.0000000000000000     
   0.0000000000000000        0.0000000000000000        0.0000000000000000     
   0.0000000000000000        0.0000000000000000        0.0000000000000000     
   1.7495234042553195E-002   6.1702127659574471E-007   0.0000000000000000     
   2.6806986382978724        5.8428936170212761E-002   5.0212765957446813E-006
   8.9361702127659575E-006   0.0000000000000000        0.0000000000000000     
   1.6412297872340425E-002   0.0000000000000000        0.0000000000000000     
   2.9779787234042555E-002   0.0000000000000000        0.0000000000000000     
   0.0000000000000000        0.0000000000000000        0.0000000000000000     
   0.0000000000000000        0.0000000000000000        0.0000000000000000     
   0.0000000000000000        0.0000000000000000        0.0000000000000000     
   0.0000000000000000        0.0000000000000000        0.0000000000000000     
   0.0000000000000000        0.0000000000000000        0.0000000000000000     
   0.0000000000000000        0.0000000000000000        0.0000000000000000     
   8.2215319148936164E-003   0.0000000000000000        0.0000000000000000     
   0.0000000000000000        0.0000000000000000        0.0000000000000000     
   0.0000000000000000        0.0000000000000000        0.0000000000000000     
   2.9719595744680856        5.4872765957446811E-003   0.0000000000000000     
   3.5497293191489367        8.9800425531914880E-003   0.0000000000000000     
   3.5498232765957445        6.3439148936170198E-003   0.0000000000000000     
   2.0591202127659569        2.4926170212765959E-003   0.0000000000000000     
  0.84154761702127645        0.0000000000000000        0.0000000000000000     
  0.22634042553191494        0.0000000000000000        0.0000000000000000     
   0.0000000000000000        0.0000000000000000        0.0000000000000000     
   0.0000000000000000        0.0000000000000000        0.0000000000000000     
   0.0000000000000000        0.0000000000000000        0.0000000000000000     
   0.0000000000000000        0.0000000000000000        0.0000000000000000     
   2.7502108085106389        5.4808234042553181E-002   0.0000000000000000     
   3.0498376595744672        5.7935617021276593E-002   0.0000000000000000     
   3.4050257872340421        8.8127893617021280E-002   0.0000000000000000     
   4.8323230212765962       0.13784970212765957        1.4680851063829787E-006
   7.1873858297872371       0.28478208510638298        4.1489361702127661E-006
   9.0964005957446794       0.23180653191489359        1.6042553191489361E-005
  0.36294791489361700        2.5531914893617021E-007   0.0000000000000000     
   0.0000000000000000        0.0000000000000000        0.0000000000000000     
   0.0000000000000000        0.0000000000000000        0.0000000000000000     
  0.12756676595744679        0.0000000000000000        0.0000000000000000     
   1.1978297872340424E-002   0.0000000000000000        0.0000000000000000     
   1.2759829787234044E-002   0.0000000000000000        0.0000000000000000     
   9.6779999999999991E-003   0.0000000000000000        0.0000000000000000     
   1.6761191489361706E-002   1.1376595744680851E-004   0.0000000000000000     
   9.6886212765957477E-002   0.0000000000000000        0.0000000000000000     
   1.4225239148936171        1.7496042553191492E-002   0.0000000000000000     
   6.8010594893617027       0.21255714893617025        3.4042553191489360E-007
   3.5642553191489359E-004   0.0000000000000000        0.0000000000000000     
   0.0000000000000000        0.0000000000000000        0.0000000000000000     
   1.7132042553191489E-002   0.0000000000000000        0.0000000000000000     
   0.0000000000000000        0.0000000000000000        0.0000000000000000     
   0.0000000000000000        0.0000000000000000        0.0000000000000000     
   0.0000000000000000        0.0000000000000000        0.0000000000000000     
   0.0000000000000000        0.0000000000000000        0.0000000000000000     
   3.1914893617021277E-006   0.0000000000000000        0.0000000000000000     
   1.1278468085106384E-002   2.8510638297872342E-006   0.0000000000000000     
   1.7615383404255323        2.4165425531914895E-002   0.0000000000000000     
  0.61793565957446805        2.9855957446808506E-003   0.0000000000000000     
   0.0000000000000000        0.0000000000000000        0.0000000000000000     
   0.0000000000000000        0.0000000000000000        0.0000000000000000     
   0.0000000000000000        0.0000000000000000        0.0000000000000000     
   0.0000000000000000        0.0000000000000000        0.0000000000000000     
   5.9310765957446804E-002   0.0000000000000000        0.0000000000000000     
   0.0000000000000000        0.0000000000000000        0.0000000000000000     
   0.0000000000000000        0.0000000000000000        0.0000000000000000     
   3.8297872340425535E-007   0.0000000000000000        0.0000000000000000     
   0.0000000000000000        0.0000000000000000        0.0000000000000000     
   0.0000000000000000        0.0000000000000000        0.0000000000000000     
   0.0000000000000000        0.0000000000000000        0.0000000000000000     
   0.0000000000000000        0.0000000000000000        0.0000000000000000     
   2.6947125957446811        0.0000000000000000        0.0000000000000000     
   1.9929935744680849        0.0000000000000000        0.0000000000000000     
   1.2792740425531914        0.0000000000000000        0.0000000000000000     
  0.82122382978723407        1.3829787234042553E-006   0.0000000000000000     
  0.42937404255319156        0.0000000000000000        0.0000000000000000     
  0.26285872340425531        0.0000000000000000        0.0000000000000000     
  0.25524906382978724        0.0000000000000000        0.0000000000000000     
   0.0000000000000000        0.0000000000000000        0.0000000000000000     
  0.15943531914893616        0.0000000000000000        0.0000000000000000     
   0.0000000000000000        0.0000000000000000        0.0000000000000000     
   14.988830042553190       0.12967285106382975        4.2765957446808515E-006
   17.234514127659573       0.21001934042553197        0.0000000000000000     
   15.406012723404256       0.17384291489361703        3.8297872340425535E-007
   14.101311957446809       0.11740242553191484        7.6595744680851069E-007
   9.2066945106383002        6.0453446808510641E-002   0.0000000000000000     
   2.4648217021276597        1.0851063829787233E-006   0.0000000000000000     
  0.10511093617021275        0.0000000000000000        0.0000000000000000     
   9.4672340425531916E-003   0.0000000000000000        0.0000000000000000     
   0.0000000000000000        0.0000000000000000        0.0000000000000000     
   0.0000000000000000        0.0000000000000000        0.0000000000000000     
   1.2381048510638299        1.3975361702127660E-002   0.0000000000000000     
   1.0233222127659574        6.7371914893617022E-003   0.0000000000000000     
   1.3430900425531915        7.7487872340425553E-003   0.0000000000000000     
   2.4024630638297872        1.6562021276595743E-002   0.0000000000000000     
   6.5065272765957447       0.13112855319148939        0.0000000000000000     
   14.168278212765955       0.27325295744680844        0.0000000000000000     
   1.3744582978723405        0.0000000000000000        0.0000000000000000     
   0.0000000000000000        0.0000000000000000        0.0000000000000000     
   0.0000000000000000        0.0000000000000000        0.0000000000000000     
   0.0000000000000000        0.0000000000000000        0.0000000000000000     
   4.7291489361702124E-003   0.0000000000000000        0.0000000000000000     
   5.2814042553191486E-003   0.0000000000000000        0.0000000000000000     
   1.7578723404255319E-003   0.0000000000000000        0.0000000000000000     
   1.3445617021276597E-002   0.0000000000000000        0.0000000000000000     
   6.2559319148936157E-002   0.0000000000000000        0.0000000000000000     
   1.6941748085106392        1.9097936170212767E-002   0.0000000000000000     
   9.6359519999999996       0.15135759574468086        3.5744680851063835E-006
   7.5458297872340430E-002   0.0000000000000000        0.0000000000000000     
   0.0000000000000000        0.0000000000000000        0.0000000000000000     
   0.0000000000000000        0.0000000000000000        0.0000000000000000     
   0.0000000000000000        0.0000000000000000        0.0000000000000000     
   0.0000000000000000        0.0000000000000000        0.0000000000000000     
   0.0000000000000000        0.0000000000000000        0.0000000000000000     
   2.1571914893617023E-003   0.0000000000000000        0.0000000000000000     
   0.0000000000000000        0.0000000000000000        0.0000000000000000     
   0.0000000000000000        0.0000000000000000        0.0000000000000000     
   0.0000000000000000        0.0000000000000000        0.0000000000000000     
   0.0000000000000000        0.0000000000000000        0.0000000000000000     
   0.0000000000000000        0.0000000000000000        0.0000000000000000     
   0.0000000000000000        0.0000000000000000        0.0000000000000000     
   1.8132029361702127        0.0000000000000000        0.0000000000000000     
   1.7257695319148938        0.0000000000000000        0.0000000000000000     
   1.5392656595744683        0.0000000000000000        0.0000000000000000     
   1.3155337021276596        0.0000000000000000        0.0000000000000000     
  0.46871323404255322        0.0000000000000000        0.0000000000000000     
  0.23085000000000000        0.0000000000000000        0.0000000000000000     
   0.0000000000000000        0.0000000000000000        0.0000000000000000     
   0.0000000000000000        0.0000000000000000        0.0000000000000000     
   0.0000000000000000        0.0000000000000000        0.0000000000000000     
   0.0000000000000000        0.0000000000000000        0.0000000000000000     
   14.115102255319147        2.9965574468085107E-002   0.0000000000000000     
   13.903526936170213        1.1754106382978724E-002   8.5106382978723400E-008
   12.174639829787232        1.8098680851063829E-002   0.0000000000000000     
   10.391846553191490        0.0000000000000000        0.0000000000000000     
   7.6839444255319140        1.3972936170212768E-002   0.0000000000000000     
   2.1098548085106383        0.0000000000000000        0.0000000000000000     
  0.29999093617021277        0.0000000000000000        0.0000000000000000     
   6.3429446808510634E-002   0.0000000000000000        0.0000000000000000     
   0.0000000000000000        0.0000000000000000        0.0000000000000000     
   0.0000000000000000        0.0000000000000000        0.0000000000000000     
   14.966984297872346       0.12637185106382978        1.1553191489361701E-005
   16.872206680851061       0.14318087234042551        0.0000000000000000     
   16.771150723404258       0.10189387234042555        0.0000000000000000     
   17.319679276595739       0.10533965957446810        0.0000000000000000     
   17.262217787234036       0.10190151063829787        2.0851063829787235E-006
   8.1444487659574474        1.0955574468085106E-002   0.0000000000000000     
  0.89548570212765943        0.0000000000000000        0.0000000000000000     
  0.12765957446808510        0.0000000000000000        0.0000000000000000     
   0.0000000000000000        0.0000000000000000        0.0000000000000000     
   0.0000000000000000        0.0000000000000000        0.0000000000000000     
  0.37168429787234059        4.5319148936170215E-006   0.0000000000000000     
  0.46666697872340418        4.2572340425531914E-004   0.0000000000000000     
  0.56269646808510621        3.1216595744680852E-003   0.0000000000000000     
   1.0870520425531915        4.9024255319148934E-003   0.0000000000000000     
   4.6850120425531916        4.2427936170212774E-002   0.0000000000000000     
   18.081070212765962       0.17506168085106388        0.0000000000000000     
   2.6559740425531912        1.4438510638297873E-003   0.0000000000000000     
   0.0000000000000000        0.0000000000000000        0.0000000000000000     
   0.0000000000000000        0.0000000000000000        0.0000000000000000     
   0.0000000000000000        0.0000000000000000        0.0000000000000000     
   11.619595531914898        1.2152340425531916E-003   0.0000000000000000     
   13.136732297872344        8.0457021276595739E-003   0.0000000000000000     
   9.5964722553191493        0.0000000000000000        0.0000000000000000     
   9.3231517021276602        0.0000000000000000        0.0000000000000000     
   4.8176225106382971        0.0000000000000000        0.0000000000000000     
  0.99230463829787241        0.0000000000000000        0.0000000000000000     
  0.10781463829787233        0.0000000000000000        0.0000000000000000     
   0.0000000000000000        0.0000000000000000        0.0000000000000000     
   0.0000000000000000        0.0000000000000000        0.0000000000000000     
   0.0000000000000000        0.0000000000000000        0.0000000000000000     
   20.909112893617017        2.1708212765957448E-002   0.0000000000000000     
   22.435800510638298        1.4259723404255319E-002   0.0000000000000000     
   19.137123191489358        2.2077787234042551E-002   0.0000000000000000     
   19.220502000000000        3.1477851063829783E-002   0.0000000000000000     
   17.231082893617028        6.6484893617021279E-003   0.0000000000000000     
   6.0133591914893625        4.6808510638297873E-007   0.0000000000000000     
  0.45864140425531913        0.0000000000000000        0.0000000000000000     
  0.23731902127659577        0.0000000000000000        0.0000000000000000     
   0.0000000000000000        0.0000000000000000        0.0000000000000000     
   0.0000000000000000        0.0000000000000000        0.0000000000000000     
   7.5314135744680843        1.6257765957446810E-002   0.0000000000000000     
   8.0903130638297860        3.4418829787234047E-002   0.0000000000000000     
   9.8236765531914880        5.0494510638297872E-002   0.0000000000000000     
   14.176773191489366        4.8365765957446800E-002   0.0000000000000000     
   22.549057659574469        3.2466574468085103E-002   0.0000000000000000     
   18.831833872340422        5.5695255319148936E-002   1.0446808510638298E-005
   2.7086738297872341        0.0000000000000000        0.0000000000000000     
   0.0000000000000000        0.0000000000000000        0.0000000000000000     
   0.0000000000000000        0.0000000000000000        0.0000000000000000     
   0.0000000000000000        0.0000000000000000        0.0000000000000000     
   16.335521106382984        5.2423617021276599E-003   0.0000000000000000     
   15.160247361702126        7.8095744680851064E-004   0.0000000000000000     
   16.434471957446807        5.9072340425531918E-003   0.0000000000000000     
   17.322998936170208        1.0050170212765958E-002   0.0000000000000000     
   21.616276851063830        0.0000000000000000        0.0000000000000000     
   14.731243531914897        3.3957872340425531E-003   0.0000000000000000     
   1.6090794893617020        0.0000000000000000        0.0000000000000000     
  0.12765957446808510        0.0000000000000000        0.0000000000000000     
   0.0000000000000000        0.0000000000000000        0.0000000000000000     
   5.5671063829787225E-002   0.0000000000000000        0.0000000000000000     
