   1.0000000000000000       0.10000000000000002     
   1.0000000000000000       0.14592328029610852     
   1.0000000000000000       0.21293603732376648     
   1.0000000000000000       0.31072325059538597     
   1.0000000000000000       0.45341755991148464     
   1.0000000000000000       0.66164177686141112     
   1.0000000000000000       0.96548938460562994     
   1.0000000000000000        1.4088737809272458     
   1.0000000000000000        2.0558748363608470     
   1.0000000000000000        2.9999999999999996     
   3.2500000000000000       0.10000000000000002     
   3.2500000000000000       0.14592328029610852     
   3.2500000000000000       0.21293603732376648     
   3.2500000000000000       0.31072325059538597     
   3.2500000000000000       0.45341755991148464     
   3.2500000000000000       0.66164177686141112     
   3.2500000000000000       0.96548938460562994     
   3.2500000000000000        1.4088737809272458     
   3.2500000000000000        2.0558748363608470     
   3.2500000000000000        2.9999999999999996     
   5.5000000000000000       0.10000000000000002     
   5.5000000000000000       0.14592328029610852     
   5.5000000000000000       0.21293603732376648     
   5.5000000000000000       0.31072325059538597     
   5.5000000000000000       0.45341755991148464     
   5.5000000000000000       0.66164177686141112     
   5.5000000000000000       0.96548938460562994     
   5.5000000000000000        1.4088737809272458     
   5.5000000000000000        2.0558748363608470     
   5.5000000000000000        2.9999999999999996     
   7.7500000000000000       0.10000000000000002     
   7.7500000000000000       0.14592328029610852     
   7.7500000000000000       0.21293603732376648     
   7.7500000000000000       0.31072325059538597     
   7.7500000000000000       0.45341755991148464     
   7.7500000000000000       0.66164177686141112     
   7.7500000000000000       0.96548938460562994     
   7.7500000000000000        1.4088737809272458     
   7.7500000000000000        2.0558748363608470     
   7.7500000000000000        2.9999999999999996     
   10.000000000000000       0.10000000000000002     
   10.000000000000000       0.14592328029610852     
   10.000000000000000       0.21293603732376648     
   10.000000000000000       0.31072325059538597     
   10.000000000000000       0.45341755991148464     
   10.000000000000000       0.66164177686141112     
   10.000000000000000       0.96548938460562994     
   10.000000000000000        1.4088737809272458     
   10.000000000000000        2.0558748363608470     
   10.000000000000000        2.9999999999999996     
   1.0000000000000000       0.10000000000000002     
   1.0000000000000000       0.14592328029610852     
   1.0000000000000000       0.21293603732376648     
   1.0000000000000000       0.31072325059538597     
   1.0000000000000000       0.45341755991148464     
   1.0000000000000000       0.66164177686141112     
   1.0000000000000000       0.96548938460562994     
   1.0000000000000000        1.4088737809272458     
   1.0000000000000000        2.0558748363608470     
   1.0000000000000000        2.9999999999999996     
   3.2500000000000000       0.10000000000000002     
   3.2500000000000000       0.14592328029610852     
   3.2500000000000000       0.21293603732376648     
   3.2500000000000000       0.31072325059538597     
   3.2500000000000000       0.45341755991148464     
   3.2500000000000000       0.66164177686141112     
   3.2500000000000000       0.96548938460562994     
   3.2500000000000000        1.4088737809272458     
   3.2500000000000000        2.0558748363608470     
   3.2500000000000000        2.9999999999999996     
   5.5000000000000000       0.10000000000000002     
   5.5000000000000000       0.14592328029610852     
   5.5000000000000000       0.21293603732376648     
   5.5000000000000000       0.31072325059538597     
   5.5000000000000000       0.45341755991148464     
   5.5000000000000000       0.66164177686141112     
   5.5000000000000000       0.96548938460562994     
   5.5000000000000000        1.4088737809272458     
   5.5000000000000000        2.0558748363608470     
   5.5000000000000000        2.9999999999999996     
   7.7500000000000000       0.10000000000000002     
   7.7500000000000000       0.14592328029610852     
   7.7500000000000000       0.21293603732376648     
   7.7500000000000000       0.31072325059538597     
   7.7500000000000000       0.45341755991148464     
   7.7500000000000000       0.66164177686141112     
   7.7500000000000000       0.96548938460562994     
   7.7500000000000000        1.4088737809272458     
   7.7500000000000000        2.0558748363608470     
   7.7500000000000000        2.9999999999999996     
   10.000000000000000       0.10000000000000002     
   10.000000000000000       0.14592328029610852     
   10.000000000000000       0.21293603732376648     
   10.000000000000000       0.31072325059538597     
   10.000000000000000       0.45341755991148464     
   10.000000000000000       0.66164177686141112     
   10.000000000000000       0.96548938460562994     
   10.000000000000000        1.4088737809272458     
   10.000000000000000        2.0558748363608470     
   10.000000000000000        2.9999999999999996     
   1.0000000000000000       0.10000000000000002     
   1.0000000000000000       0.14592328029610852     
   1.0000000000000000       0.21293603732376648     
   1.0000000000000000       0.31072325059538597     
   1.0000000000000000       0.45341755991148464     
   1.0000000000000000       0.66164177686141112     
   1.0000000000000000       0.96548938460562994     
   1.0000000000000000        1.4088737809272458     
   1.0000000000000000        2.0558748363608470     
   1.0000000000000000        2.9999999999999996     
   3.2500000000000000       0.10000000000000002     
   3.2500000000000000       0.14592328029610852     
   3.2500000000000000       0.21293603732376648     
   3.2500000000000000       0.31072325059538597     
   3.2500000000000000       0.45341755991148464     
   3.2500000000000000       0.66164177686141112     
   3.2500000000000000       0.96548938460562994     
   3.2500000000000000        1.4088737809272458     
   3.2500000000000000        2.0558748363608470     
   3.2500000000000000        2.9999999999999996     
   5.5000000000000000       0.10000000000000002     
   5.5000000000000000       0.14592328029610852     
   5.5000000000000000       0.21293603732376648     
   5.5000000000000000       0.31072325059538597     
   5.5000000000000000       0.45341755991148464     
   5.5000000000000000       0.66164177686141112     
   5.5000000000000000       0.96548938460562994     
   5.5000000000000000        1.4088737809272458     
   5.5000000000000000        2.0558748363608470     
   5.5000000000000000        2.9999999999999996     
   7.7500000000000000       0.10000000000000002     
   7.7500000000000000       0.14592328029610852     
   7.7500000000000000       0.21293603732376648     
   7.7500000000000000       0.31072325059538597     
   7.7500000000000000       0.45341755991148464     
   7.7500000000000000       0.66164177686141112     
   7.7500000000000000       0.96548938460562994     
   7.7500000000000000        1.4088737809272458     
   7.7500000000000000        2.0558748363608470     
   7.7500000000000000        2.9999999999999996     
   10.000000000000000       0.10000000000000002     
   10.000000000000000       0.14592328029610852     
   10.000000000000000       0.21293603732376648     
   10.000000000000000       0.31072325059538597     
   10.000000000000000       0.45341755991148464     
   10.000000000000000       0.66164177686141112     
   10.000000000000000       0.96548938460562994     
   10.000000000000000        1.4088737809272458     
   10.000000000000000        2.0558748363608470     
   10.000000000000000        2.9999999999999996     
   1.0000000000000000       0.10000000000000002     
   1.0000000000000000       0.14592328029610852     
   1.0000000000000000       0.21293603732376648     
   1.0000000000000000       0.31072325059538597     
   1.0000000000000000       0.45341755991148464     
   1.0000000000000000       0.66164177686141112     
   1.0000000000000000       0.96548938460562994     
   1.0000000000000000        1.4088737809272458     
   1.0000000000000000        2.0558748363608470     
   1.0000000000000000        2.9999999999999996     
   3.2500000000000000       0.10000000000000002     
   3.2500000000000000       0.14592328029610852     
   3.2500000000000000       0.21293603732376648     
   3.2500000000000000       0.31072325059538597     
   3.2500000000000000       0.45341755991148464     
   3.2500000000000000       0.66164177686141112     
   3.2500000000000000       0.96548938460562994     
   3.2500000000000000        1.4088737809272458     
   3.2500000000000000        2.0558748363608470     
   3.2500000000000000        2.9999999999999996     
   5.5000000000000000       0.10000000000000002     
   5.5000000000000000       0.14592328029610852     
   5.5000000000000000       0.21293603732376648     
   5.5000000000000000       0.31072325059538597     
   5.5000000000000000       0.45341755991148464     
   5.5000000000000000       0.66164177686141112     
   5.5000000000000000       0.96548938460562994     
   5.5000000000000000        1.4088737809272458     
   5.5000000000000000        2.0558748363608470     
   5.5000000000000000        2.9999999999999996     
   7.7500000000000000       0.10000000000000002     
   7.7500000000000000       0.14592328029610852     
   7.7500000000000000       0.21293603732376648     
   7.7500000000000000       0.31072325059538597     
   7.7500000000000000       0.45341755991148464     
   7.7500000000000000       0.66164177686141112     
   7.7500000000000000       0.96548938460562994     
   7.7500000000000000        1.4088737809272458     
   7.7500000000000000        2.0558748363608470     
   7.7500000000000000        2.9999999999999996     
   10.000000000000000       0.10000000000000002     
   10.000000000000000       0.14592328029610852     
   10.000000000000000       0.21293603732376648     
   10.000000000000000       0.31072325059538597     
   10.000000000000000       0.45341755991148464     
   10.000000000000000       0.66164177686141112     
   10.000000000000000       0.96548938460562994     
   10.000000000000000        1.4088737809272458     
   10.000000000000000        2.0558748363608470     
   10.000000000000000        2.9999999999999996     
   1.0000000000000000       0.10000000000000002     
   1.0000000000000000       0.14592328029610852     
   1.0000000000000000       0.21293603732376648     
   1.0000000000000000       0.31072325059538597     
   1.0000000000000000       0.45341755991148464     
   1.0000000000000000       0.66164177686141112     
   1.0000000000000000       0.96548938460562994     
   1.0000000000000000        1.4088737809272458     
   1.0000000000000000        2.0558748363608470     
   1.0000000000000000        2.9999999999999996     
   3.2500000000000000       0.10000000000000002     
   3.2500000000000000       0.14592328029610852     
   3.2500000000000000       0.21293603732376648     
   3.2500000000000000       0.31072325059538597     
   3.2500000000000000       0.45341755991148464     
   3.2500000000000000       0.66164177686141112     
   3.2500000000000000       0.96548938460562994     
   3.2500000000000000        1.4088737809272458     
   3.2500000000000000        2.0558748363608470     
   3.2500000000000000        2.9999999999999996     
   5.5000000000000000       0.10000000000000002     
   5.5000000000000000       0.14592328029610852     
   5.5000000000000000       0.21293603732376648     
   5.5000000000000000       0.31072325059538597     
   5.5000000000000000       0.45341755991148464     
   5.5000000000000000       0.66164177686141112     
   5.5000000000000000       0.96548938460562994     
   5.5000000000000000        1.4088737809272458     
   5.5000000000000000        2.0558748363608470     
   5.5000000000000000        2.9999999999999996     
   7.7500000000000000       0.10000000000000002     
   7.7500000000000000       0.14592328029610852     
   7.7500000000000000       0.21293603732376648     
   7.7500000000000000       0.31072325059538597     
   7.7500000000000000       0.45341755991148464     
   7.7500000000000000       0.66164177686141112     
   7.7500000000000000       0.96548938460562994     
   7.7500000000000000        1.4088737809272458     
   7.7500000000000000        2.0558748363608470     
   7.7500000000000000        2.9999999999999996     
   10.000000000000000       0.10000000000000002     
   10.000000000000000       0.14592328029610852     
   10.000000000000000       0.21293603732376648     
   10.000000000000000       0.31072325059538597     
   10.000000000000000       0.45341755991148464     
   10.000000000000000       0.66164177686141112     
   10.000000000000000       0.96548938460562994     
   10.000000000000000        1.4088737809272458     
   10.000000000000000        2.0558748363608470     
   10.000000000000000        2.9999999999999996     
   1.0000000000000000       0.10000000000000002     
   1.0000000000000000       0.14592328029610852     
   1.0000000000000000       0.21293603732376648     
   1.0000000000000000       0.31072325059538597     
   1.0000000000000000       0.45341755991148464     
   1.0000000000000000       0.66164177686141112     
   1.0000000000000000       0.96548938460562994     
   1.0000000000000000        1.4088737809272458     
   1.0000000000000000        2.0558748363608470     
   1.0000000000000000        2.9999999999999996     
   3.2500000000000000       0.10000000000000002     
   3.2500000000000000       0.14592328029610852     
   3.2500000000000000       0.21293603732376648     
   3.2500000000000000       0.31072325059538597     
   3.2500000000000000       0.45341755991148464     
   3.2500000000000000       0.66164177686141112     
   3.2500000000000000       0.96548938460562994     
   3.2500000000000000        1.4088737809272458     
   3.2500000000000000        2.0558748363608470     
   3.2500000000000000        2.9999999999999996     
   5.5000000000000000       0.10000000000000002     
   5.5000000000000000       0.14592328029610852     
   5.5000000000000000       0.21293603732376648     
   5.5000000000000000       0.31072325059538597     
   5.5000000000000000       0.45341755991148464     
   5.5000000000000000       0.66164177686141112     
   5.5000000000000000       0.96548938460562994     
   5.5000000000000000        1.4088737809272458     
   5.5000000000000000        2.0558748363608470     
   5.5000000000000000        2.9999999999999996     
   7.7500000000000000       0.10000000000000002     
   7.7500000000000000       0.14592328029610852     
   7.7500000000000000       0.21293603732376648     
   7.7500000000000000       0.31072325059538597     
   7.7500000000000000       0.45341755991148464     
   7.7500000000000000       0.66164177686141112     
   7.7500000000000000       0.96548938460562994     
   7.7500000000000000        1.4088737809272458     
   7.7500000000000000        2.0558748363608470     
   7.7500000000000000        2.9999999999999996     
   10.000000000000000       0.10000000000000002     
   10.000000000000000       0.14592328029610852     
   10.000000000000000       0.21293603732376648     
   10.000000000000000       0.31072325059538597     
   10.000000000000000       0.45341755991148464     
   10.000000000000000       0.66164177686141112     
   10.000000000000000       0.96548938460562994     
   10.000000000000000        1.4088737809272458     
   10.000000000000000        2.0558748363608470     
   10.000000000000000        2.9999999999999996     
   5.5000000000000000       0.10000000000000002     
   5.5000000000000000       0.14592328029610852     
   5.5000000000000000       0.21293603732376648     
   5.5000000000000000       0.31072325059538597     
   5.5000000000000000       0.45341755991148464     
   5.5000000000000000       0.66164177686141112     
   5.5000000000000000       0.96548938460562994     
   5.5000000000000000        1.4088737809272458     
   5.5000000000000000        2.0558748363608470     
   5.5000000000000000        2.9999999999999996     
   7.7500000000000000       0.10000000000000002     
   7.7500000000000000       0.14592328029610852     
   7.7500000000000000       0.21293603732376648     
   7.7500000000000000       0.31072325059538597     
   7.7500000000000000       0.45341755991148464     
   7.7500000000000000       0.66164177686141112     
   7.7500000000000000       0.96548938460562994     
   7.7500000000000000        1.4088737809272458     
   7.7500000000000000        2.0558748363608470     
   7.7500000000000000        2.9999999999999996     
   10.000000000000000       0.10000000000000002     
   10.000000000000000       0.14592328029610852     
   10.000000000000000       0.21293603732376648     
   10.000000000000000       0.31072325059538597     
   10.000000000000000       0.45341755991148464     
   10.000000000000000       0.66164177686141112     
   10.000000000000000       0.96548938460562994     
   10.000000000000000        1.4088737809272458     
   10.000000000000000        2.0558748363608470     
   10.000000000000000        2.9999999999999996     
   10.000000000000000       0.10000000000000002     
   10.000000000000000       0.14592328029610852     
   10.000000000000000       0.21293603732376648     
   10.000000000000000       0.31072325059538597     
   10.000000000000000       0.45341755991148464     
   10.000000000000000       0.66164177686141112     
   10.000000000000000       0.96548938460562994     
   10.000000000000000        1.4088737809272458     
   10.000000000000000        2.0558748363608470     
   10.000000000000000        2.9999999999999996     
