   50.0000000000000     
   49.8638267179600     
   50.0000000000000     
   49.9417023083612     
   49.8295500614471     
   50.0000000000000     
   50.0000000000000     
   49.3757154259665     
   49.1900521118314     
   48.4546392524792     
   48.5638425342772     
   48.9597017947485     
   48.5703840908180     
   48.6977092579887     
   48.6204129062157     
   48.2242995607297     
   48.1164604319060     
   48.2347473284194     
   48.2834884402390     
   48.4616856101302     
   48.9262258985725     
   49.0512876277358     
   48.7474070727680     
   48.6370322936366     
   49.0538143375772     
   48.7333193791225     
   48.6923185745591     
   49.1399168129687     
   49.1352067723258     
   49.1393557612809     
   49.0235463566269     
   49.2014304863088     
   48.8576840166707     
   48.4388844000807     
   48.4301222954723     
   48.9360710919509     
   48.9298636929898     
   48.9802286230307     
   49.0963985299132     
   49.1979046542993     
   49.2291764018704     
   49.3560896184925     
   49.1288964784756     
   49.2636364687562     
   49.7556280990139     
   49.7186126720086     
   49.9569829484232     
   50.0000000000000     
   50.0000000000000     
   50.0000000000000     
   49.9883820642087     
   50.0000000000000     
   50.0000000000000     
   49.9154723752391     
   49.7781939311490     
   49.6946783542340     
   49.6858737382510     
   49.6991525064960     
   49.8591066605621     
   49.9660537287124     
   49.5339178086832     
   49.3164818348458     
   49.1777383993110     
   49.1945230391645     
   49.3421485612700     
   49.8313969505411     
   49.9831539262957     
   50.0000000000000     
   50.0000000000000     
   49.9822156571255     
   49.9719062074674     
   49.8109834985791     
   49.7448854314073     
   49.6511291482479     
   49.6511248189079     
   49.6726639040751     
   49.7516462988249     
   49.8600794479528     
   49.7260122292794     
   49.7260077411133     
   49.9065064036953     
   49.8115956195151     
   49.8298491789000     
   49.6313107332870     
   49.6313078846557     
   49.6305674677238     
   49.6549015086491     
   49.6898852661529     
   49.6992439205072     
   49.6003776661289     
   49.5924556433375     
   49.7931084969675     
   49.7765978079548     
   50.0000000000000     
   49.9518967300753     
   49.9475631684830     
   49.7550892421506     
   49.7205627256631     
   49.7535346908544     
   49.2860293628088     
   49.2536595543825     
   49.1492498572314     
   49.1688172491556     
   49.1324141740333     
   49.2559584728486     
   49.2295813484090     
   49.3289591117074     
   49.3564861786027     
   49.1049595074650     
   49.1051136698430     
   49.1093125658007     
   49.0850317025887     
   48.9909808504712     
   49.0896543429019     
   49.0353508081587     
   49.1423146474945     
   49.2957473579801     
   49.3059998182343     
   49.4694631916538     
   49.5825931103701     
   49.5916706213072     
   49.6691904779449     
   49.6445894452351     
   49.6155111065772     
   49.6281093023813     
   49.7957461463970     
   49.7924341856436     
   49.7265249086871     
   50.0000000000000     
   49.9731664167289     
   49.9660022710171     
   50.0000000000000     
   49.9999586708232     
   50.0000000000000     
   49.9133870774117     
   49.9364557014771     
   49.9364522622668     
   50.0000000000000     
   49.9850398801609     
   49.9147007676601     
   50.0000000000000     
   49.9598884140075     
   49.9472249641123     
   49.8888102436175     
   49.8888054292304     
   49.7253315145415     
   49.7251949099049     
   49.7347060330237     
   49.9178763882142     
   49.8616138606731     
   49.9143327706400     
   49.9747379213160     
   49.9666624407515     
   49.9944011008094     
   49.9681461233518     
   50.0000000000000     
   50.0000000000000     
   50.0000000000000     
   50.0000000000000     
   50.0000000000000     
   49.9999967414107     
   49.8356644799143     
   49.8426466956822     
   49.5994707651755     
   49.5920851264023     
   49.6595778009727     
   49.6211168615414     
   49.6266370669213     
   49.6427384448170     
   49.5146629473201     
   49.6215349331835     
   49.4837994099266     
   49.3626219485955     
   49.3887548133966     
   49.3987140796616     
   49.4744620009122     
   49.4757172869318     
   49.5327066741151     
   49.4845504349724     
   49.5820161633779     
   49.5912755273988     
   49.5912705827682     
   49.5908464626805     
   49.6212554568268     
   49.5513540523916     
   49.5440950151705     
   49.5987993152008     
   49.4525588433035     
   49.3914281591298     
   49.3824600934487     
   49.3813035312580     
   49.2106422065936     
   49.2125387345875     
   49.2125341446342     
   49.2125305088770     
   49.1025385773059     
   49.1012659946370     
   49.0868832257616     
   49.0832516592967     
   49.0832483068294     
   49.0307189415002     
   49.1593783349032     
   49.1593742294798     
   49.1593693910237     
   49.1607173951877     
   49.1610546583927     
   49.1610503113883     
   49.1460081496080     
   49.1460044081128     
   49.0116082170962     
   48.9902176422023     
   48.9902136577750     
   48.9902101013841     
   48.9517258399102     
   48.9517219937874     
   49.4011456182750     
   49.3688715584202     
   49.5694850947342     
   49.5657304947698     
   49.5571262209652     
   49.5211069500112     
   49.2538723841506     
   49.2538678220890     
   49.2538639081415     
   49.1949301342606     
   49.1879974777431     
   49.2063496026374     
   49.3406147947572     
   49.3342783736681     
   49.3800122598502     
   49.3800086715419     
   49.4810543261547     
   49.4813856839075     
   49.3711515913804     
   49.3672232691023     
   49.3256427131673     
   49.3230362298788     
   49.1933728563704     
   49.1912591902357     
   49.1641524068834     
   49.2441268504727     
   49.2664307818669     
   49.2664273592848     
   49.2849817503034     
   49.2849790686609     
   49.3150581200444     
   49.3296410772771     
   49.3176464188895     
   49.3176426224910     
   49.2756736507138     
   49.2713709774037     
   49.3543929772415     
   49.3593045293113     
   49.3647342358810     
   49.3949532392097     
   49.4169886041984     
   49.4177417206527     
   49.3593915937347     
   49.2737804247047     
   49.2737764961257     
   49.2584314340665     
   49.1558384001252     
   49.1560879491825     
   49.1283677915665     
   49.0572370930641     
   49.0572347349530     
   49.0162421543861     
   49.0289873334205     
   49.0291629715871     
   49.0302183903855     
   49.1193223304663     
   49.1445569858602     
   49.1445536168687     
   49.3972451586392     
   49.3972415620258     
   49.4428555937154     
   49.4275480127359     
   49.4277019960093     
   49.4302955949212     
   49.4402003389032     
   49.4401962106040     
   49.4727815972865     
   49.4672390314495     
   49.4614505264956     
   49.5161027997019     
   49.5011435801063     
   49.5637878644270     
   49.5864963986989     
   49.5864927397171     
   49.5864895122550     
   49.5868637610403     
   49.5868596811137     
   49.5868564407119     
   49.5868514876566     
   49.5868480481912     
   49.5868443566631     
   49.5670209254055     
   49.5670180084262     
   49.5670140271536     
   49.5769280196165     
   49.5024287336436     
   49.5312022578317     
   49.4994531603439     
   49.3657681489077     
   49.3657650638908     
   49.3657619926930     
   49.3657579071435     
   49.3726017063656     
   49.3401850722835     
   49.3301678196371     
   49.3301639173061     
   49.3419338748116     
   49.3419306226836     
   49.3433152025700     
   49.3726275789709     
   49.0856105169206     
   49.0769489543910     
   49.0127192147753     
   49.0127155115005     
   48.7566541259896     
   48.7566501702962     
   48.6875901910651     
   48.6875856487732     
   48.6715990637096     
   48.5959222933741     
   48.5959189518455     
   48.5959164255618     
   48.6024541720425     
   48.5068299673285     
   48.4529736601311     
   48.4529705959290     
   48.4607641511683     
   48.4607602511920     
   48.6440576942316     
   48.6355622651469     
   48.6241241926500     
   48.8090549059033     
   48.8090513675790     
   48.8238869117435     
   48.8238836761983     
   48.6767592876446     
   48.5629420798510     
   48.5896205584600     
   48.6465272866379     
   48.6480515372858     
   48.6480480674721     
   48.6287450309674     
   48.6503357163055     
   48.6503322830891     
   48.6523815469087     
   48.6523781327544     
   48.6966733802214     
   48.6966698495225     
   48.6894445822770     
   48.7041621094513     
   48.7109820077090     
   48.5996212847568     
   48.5996178916882     
   48.5782319800726     
   48.5336218754954     
   48.4490041664525     
   48.3158983455302     
   48.2237552689320     
   48.1433139105836     
   48.1368279239209     
   48.3353498951458     
   48.335000000000001     
   50.000000000000000     
   26.954831596601654     
   50.000000000000000     
   0.0000000000000000     
   1.0132308292107106     
   50.000000000000000     
   0.0000000000000000     
   50.000000000000000     
   37.747037388792620     
   24.638674067625345     
   24.535772671442736     
   15.226274591561001     
   10.280292062734480     
   9.0121294668234846     
   9.9088273284507373     
   7.8425004139263406     
   7.3827558477962665     
   6.9341098177122058     
   4.4132460947897600     
   5.2663260759468908     
   3.8170953999656518     
   3.3376955190702251     
   3.7578404646127188     
   2.9634861289232686     
   4.4376812772971714     
   3.5863112278440759     
   1.0011448455986218     
   1.0160148051181597     
   1.4878521626853110     
   2.3476000531815959     
   1.6318317541919687     
   2.0419106387030004     
   2.4299260486957173     
   1.8982889451553528     
   1.1844201821055627     
   0.0000000000000000     
  0.56697789904946805     
   1.2184648374554836     
   1.8622171848356652     
   1.2561499734745045     
   0.0000000000000000     
   0.0000000000000000     
  0.27297188319621335     
  0.12855943878684403     
   0.0000000000000000     
   5.8117383426284808E-002
  0.85387896947878850     
  0.47745430382212778     
   1.3258989534102799     
   1.3216801492399346     
  0.88767872538695347     
   5.8991604981790124E-002
  0.43562876719147986     
  0.37201616379997066     
  0.52027712539889504     
  0.27225236347675458     
  0.36724734315130336     
  0.46206619545605365     
  0.35798442561950833     
  0.17956338988310336     
   6.3420627613867644E-002
  0.11315114522438632     
  0.15923219697594973     
  0.42911903501684723     
   5.9944356389035391E-002
   0.0000000000000000     
   1.2454958788974572E-002
  0.31710784978340456     
  0.28446963008556758     
  0.20594938222375328     
   0.0000000000000000     
   0.0000000000000000     
   0.0000000000000000     
   9.0931455014963455E-002
  0.42542228163821533     
  0.38941829856088933     
  0.23428365125280190     
  0.40355964246516524     
   9.0736396871472558E-002
  0.24874232002050542     
  0.23113082035675123     
  0.16355771908369063     
  0.18254217669004449     
  0.14428488523244287     
  0.10903072722919069     
   4.9340150586413521E-002
  0.12242925815142272     
   9.8570832112337622E-002
  0.19149630000406564     
  0.16198599626557317     
  0.16788501398274167     
   9.5600537989950871E-002
  0.22362739264939274     
  0.23312974310631937     
   8.4222518429655169E-002
   4.0263810115408763E-002
  0.11711843606554254     
   2.8860944093972843E-002
   0.0000000000000000     
   7.3303379069667621E-002
   3.0518988714787212E-002
   6.5114490390351942E-002
   2.8086875665049839E-002
   0.0000000000000000     
   1.9719132201159360E-002
   0.0000000000000000     
   9.3914008934223667E-003
   1.8230214356070015E-002
   5.9870005067771438E-002
   9.7618594524003122E-002
   7.4742835791800050E-002
   0.0000000000000000     
   0.0000000000000000     
   0.0000000000000000     
   1.7841590984949435E-002
   4.5506696439094295E-003
   6.0652463462812483E-003
   0.0000000000000000     
   1.1859988051999219E-002
   0.0000000000000000     
   0.0000000000000000     
   7.1809206834341888E-002
  0.13559919108456431     
   5.6134971004090137E-002
   6.6363580236443523E-003
   6.2582443945892519E-002
   4.9460138326538436E-002
  0.11501913667058176     
   5.7397214638026599E-002
   5.7721543626396678E-002
   1.5814982370189024E-002
   1.6139030568613332E-002
   0.0000000000000000     
   7.4626144830638438E-002
   4.2066251823491843E-002
   7.0464471187271893E-002
   0.0000000000000000     
   5.0855327378145271E-002
   9.1860771829583160E-003
   6.8148595213611898E-003
   0.0000000000000000     
   2.0151129226705471E-002
   2.3464956670116964E-002
   4.5377723808234308E-002
   6.1156485887788235E-002
   6.4776028496953561E-002
   0.0000000000000000     
   0.0000000000000000     
   0.0000000000000000     
   1.5435114021042175E-002
   9.7368117241568661E-003
   1.6668789439019081E-002
   2.6910571068896699E-002
   5.1487177487472384E-003
   2.7519931112797942E-002
   4.6861874008028173E-002
   6.7616297044278059E-003
  0.12495578175414643     
  0.12471567014930923     
   4.3256192992715881E-002
   2.3858801174269868E-002
   7.9103510756631717E-002
   8.7927643843932174E-002
   3.0306209424164898E-004
   0.0000000000000000     
   0.0000000000000000     
   5.2188495092415528E-003
   3.0827828943510539E-002
   0.0000000000000000     
   2.0359415561027140E-002
   1.9960942839779006E-002
   3.3831981793881784E-003
   4.5190802496148319E-002
   2.6552315825794370E-002
   0.0000000000000000     
   0.0000000000000000     
   0.0000000000000000     
   0.0000000000000000     
   1.7601584714697947E-002
   2.6735565813575099E-002
   3.5290365364944842E-002
   3.7331693234842242E-002
   0.0000000000000000     
   0.0000000000000000     
   2.4839665552800514E-002
   1.9722515965604911E-002
   0.0000000000000000     
   4.5756730939792760E-002
   0.0000000000000000     
   0.0000000000000000     
   0.0000000000000000     
   0.0000000000000000     
   6.3145586571327827E-003
   0.0000000000000000     
   7.5185287148350571E-002
   2.1511827924561369E-002
   0.0000000000000000     
   2.8068742616039598E-002
   5.9519374931102417E-002
   6.8654008290950655E-002
   6.8328647322901392E-003
   9.2546234040107051E-003
   2.0565656439514916E-002
   0.0000000000000000     
   0.0000000000000000     
   4.9294816321732268E-004
   0.0000000000000000     
   4.9237962255353866E-003
   2.4095068078596894E-002
   3.9307931292405132E-002
   0.0000000000000000     
   0.0000000000000000     
   7.3822508051631531E-003
   1.8766914027364592E-002
   2.2728539511824516E-002
   6.6322136978872424E-003
   0.0000000000000000     
   2.0919860896241576E-002
   0.0000000000000000     
   0.0000000000000000     
   0.0000000000000000     
   4.1651516653736648E-002
   2.4363332622806884E-002
   1.0453338929027431E-002
   4.6135537477381625E-004
   2.4031076659524177E-002
   2.8473270966107130E-002
   2.4570620658854323E-002
   5.2315482963580448E-002
   4.3641449972915969E-002
   4.7844342261220626E-002
   1.9098748539185622E-002
   1.9378484510476645E-002
   5.6534636571376438E-003
   0.0000000000000000     
   0.0000000000000000     
   2.5441021048307262E-002
   4.6890914677893226E-002
   2.4395553764275761E-002
   2.7421540529331927E-002
   5.3882525935910849E-002
   1.9895821040573199E-002
   4.8556412460139087E-002
   4.0494576065555066E-002
   3.3202410535514447E-002
   0.0000000000000000     
   0.0000000000000000     
   0.0000000000000000     
   0.0000000000000000     
   0.0000000000000000     
   7.8706884336846670E-003
   9.6330949322084910E-003
   0.0000000000000000     
   2.3469571495940863E-002
   4.0882358917242040E-003
   2.3194591975414015E-003
   0.0000000000000000     
   0.0000000000000000     
   0.0000000000000000     
   0.0000000000000000     
   3.0503753424540127E-002
   2.0089353577857565E-002
   3.2172209855305153E-002
   8.2476465932520976E-003
   0.0000000000000000     
   0.0000000000000000     
   5.1505118458748403E-002
   4.4704013222952275E-002
   1.6268329645345577E-002
   2.6060595780992516E-002
   3.8413959069975905E-002
   2.2234742693503694E-002
   1.8887130144250943E-002
   1.7038331372220966E-002
   3.1493206953830278E-003
   6.6400548373043138E-003
   0.0000000000000000     
   6.6618228676787522E-003
   4.4594242062101410E-004
   0.0000000000000000     
   0.0000000000000000     
   0.0000000000000000     
   5.2600382447249719E-003
   0.0000000000000000     
   1.4404143075276441E-002
   7.8449702957695874E-003
   6.2865859803807947E-003
   1.7048820794460587E-002
   6.4530855908995991E-003
   1.9576732592532994E-002
   7.2531847628410830E-003
   0.0000000000000000     
   2.0410702030309553E-002
   0.0000000000000000     
   1.2306549042041927E-002
   1.6062473104991454E-002
   4.5029397308222700E-003
   0.0000000000000000     
   0.0000000000000000     
   2.2736498097226817E-003
   0.0000000000000000     
   0.0000000000000000     
   0.0000000000000000     
   0.0000000000000000     
   1.5012044526839202E-003
   0.0000000000000000     
   0.0000000000000000     
   1.8851739838867954E-002
   1.4755207042567060E-003
   0.0000000000000000     
   0.0000000000000000     
   6.0864553731579240E-003
   0.0000000000000000     
   0.0000000000000000     
   9.0271889984128960E-003
   0.0000000000000000     
   2.0939911453992164E-003
   0.0000000000000000     
   0.0000000000000000     
   1.1811674991663725E-002
   0.0000000000000000     
   2.1009532269244010E-002
   1.1488948527611072E-002
   1.3394982938127855E-002
   1.1659262635801582E-002
   0.0000000000000000     
   3.3602015675844709E-003
   1.1132504256206273E-002
   3.8134607431614294E-004
   1.4734593938079755E-002
   0.0000000000000000     
   1.9306105795068022E-002
   1.5794649635178230E-002
   2.6960901831461066E-002
   2.5011350751795343E-003
   1.4433892804051027E-002
   2.1956855147396731E-002
   2.1296246348743414E-002
   1.2079032690062696E-002
   1.7474017893446929E-003
   3.0737258451114672E-004
   0.0000000000000000     
   0.0000000000000000     
   6.7206675024321276E-003
   1.0106213200251582E-002
   2.4452624657493344E-002
   2.6645367305200163E-002
   0.0000000000000000     
   0.0000000000000000     
   3.1624507618379954E-002
   1.2454443230704652E-002
   0.0000000000000000     
   0.0000000000000000     
   4.3202617435563776E-003
   1.5028527303746219E-002
   3.1449952172929539E-003
   0.0000000000000000     
   0.0000000000000000     
   1.0858484806074304E-002
   1.4674167722147410E-003
   0.0000000000000000     
   0.0000000000000000     
   1.8954321862843543E-003
   0.0000000000000000     
   0.0000000000000000     
   0.0000000000000000     
   0.0000000000000000     
   1.2908326072475787E-002
   3.3414167500402742E-002
   7.5788991408385527E-003
   2.5823901253712808E-002
   2.4975951077308121E-002
   2.5489250106768693E-002
   4.0430263330356389E-002
   3.0058589203414521E-002
   2.0288649018908610E-002
   8.0457043578578032E-003
   2.3127364117984058E-002
   7.5414002701647657E-003
   9.9351908880948216E-003
   0.0000000000000000     
   3.3835441974522677E-003
   0.0000000000000000     
   0.0000000000000000     
   1.2811833182665145E-002
   3.1077049783071863E-003
   1.5915342027226533E-002
   3.2966692287005300E-002
   1.2702940312423409E-002
   6.6749153042094476E-003
   3.3086063143533211E-003
   5.2689564838898379E-003
   1.1162921932940483E-002
   0.0000000000000000     
   0.0000000000000000     
   0.0000000000000000     
   9.9042579044275724E-003
   1.2012395928818139E-002
   1.7011946175042772E-002
   1.4297814512272031E-002
   4.7377743289662398E-003
   7.0949665374469683E-003
   1.4495808109279334E-002
   7.0412488909119804E-003
   5.9461257924601288E-003
   7.0846727452598670E-003
   0.0000000000000000     
   0.0000000000000000     
   0.0000000000000000     
   1.6406483815861142E-002
   1.0279440545391400E-003
   1.1628474790212621E-002
   2.4121183915012799E-002
   9.7582159546266197E-003
   1.2301547200766164E-002
   6.7375638791655843E-003
   0.0000000000000000     
   1.6383617346709699E-002
   1.7032459620776819E-002
   1.4301900887827911E-002
   2.7530749313523870E-002
   1.6420136296712462E-002
   1.6082255063848409E-002
   1.1343541466432606E-002
   1.5862717226698804E-002
   6.9603493312125845E-003
   8.3558956582452364E-003
   0.0000000000000000     
   0.0000000000000000     
   1.5674495418397286E-002
   2.1010673479208795E-002
   1.4110248519502610E-002
   2.0562120982257938E-002
   1.1227807191073828E-002
   8.6257009996760347E-003
   5.7016891343062877E-003
   2.7684793275738525E-003
   0.0000000000000000     
   4.7542170657977377E-003
   0.0000000000000000     
   7.3588349602656828E-003
   1.7483537495133906E-002
   8.7362694889119193E-003
   1.4230049456059116E-003
   4.5813665004367683E-003
   0.0000000000000000     
   0.0000000000000000     
   0.0000000000000000     
   1.3466916533672336E-002
   1.1014483984847848E-002
   6.0425607290543193E-003
   4.6053447439531880E-003
   1.5079775552861042E-003
   0.0000000000000000     
   0.0000000000000000     
   5.6067417201242470E-005
   0.0000000000000000     
   0.0000000000000000     
   1.0874321357139652E-003
   0.0000000000000000     
   9.1590011592901591E-003
   1.1677838909008689E-002
   8.9186541745464899E-003
   1.3313069214708265E-002
   6.2824391035166795E-003
   1.0518026177657867E-002
   8.0910882747981076E-003
   7.7634349161191741E-003
   0.0000000000000000     
   0.0000000000000000     
   0.0000000000000000     
   0.0000000000000000     
   0.0000000000000000     
   1.3006773607473689E-002
   7.4726921416172140E-004
   0.0000000000000000     
   4.9058130070342276E-003
   4.6679630384727725E-003
   3.3637187480531194E-003
   3.8447813588860270E-003
   5.5450450367619183E-003
   8.6798723576110674E-003
   0.0000000000000000     
   0.0000000000000000     
   0.0000000000000000     
   0.0000000000000000     
   6.4322840718933003E-003
   3.9347430697017714E-003
   1.0147327105353154E-002
   7.5084107360242061E-003
   8.6781690510046982E-004
   0.0000000000000000     
   2.1940651158975670E-003
   2.2054788738892750E-003
   9.1777758552579521E-003
   1.2653431725091837E-002
   1.0267105643062208E-002
   4.7577640184938300E-003
   4.7842954408649895E-003
   6.1023296892224327E-003
   0.0000000000000000     
   1.5917163679940885E-003
   7.2200999041176356E-003
   5.7985361967619817E-003
   0.0000000000000000     
   7.9052165653069779E-003
   1.1722699575794249E-002
   9.4651242286219080E-003
   5.8594513892764391E-003
   3.4978699820467215E-003
   6.4185288389529476E-003
   6.0715977009745525E-003
   1.5008868914243604E-002
   3.6433875220108370E-003
   5.6118203394811186E-003
   3.6767022257333808E-003
   9.3021598596333549E-003
   0.0000000000000000     
   0.0000000000000000     
   2.7928964814598659E-003
   0.0000000000000000     
   1.0683863740237950E-003
   2.7729959454263270E-003
   0.0000000000000000     
   0.0000000000000000     
   8.3946380755542957E-004
   9.6289928184900564E-004
   0.0000000000000000     
   0.0000000000000000     
   0.0000000000000000     
   0.0000000000000000     
   6.0502579141689539E-003
   6.9674862330249294E-003
   7.7037031187704667E-003
   0.0000000000000000     
   2.2021139981148855E-004
   0.0000000000000000     
   6.5415848164791478E-003
   0.0000000000000000     
   4.7113547175962993E-003
   0.0000000000000000     
   0.0000000000000000     
   2.9530541661737281E-003
   0.0000000000000000     
   1.6530415155314240E-003
   6.0636254644128905E-003
   2.3970916856686847E-003
   1.8541024502871780E-004
   4.8029359539966034E-003
   5.1841772813661282E-003
   1.5875830231509291E-003
   0.0000000000000000     
   0.0000000000000000     
   1.3158964865491857E-002
   1.4621725731588564E-002
   6.6360708024656781E-003
   4.1968329948948880E-003
   1.6831666262356070E-003
   0.0000000000000000     
   1.6668083573865237E-003
   5.8483245213390685E-003
   7.3570835641804198E-003
   4.0080436147618605E-003
   0.0000000000000000     
   3.6712389832842963E-003
   0.0000000000000000     
   0.0000000000000000     
   4.0487771851479126E-003
   0.0000000000000000     
   6.8908437788889223E-004
   8.2055212193199497E-003
   7.9661194342823451E-003
   3.1696910627476583E-003
   0.0000000000000000     
   4.2783051963956051E-003
   0.0000000000000000     
   0.0000000000000000     
   6.2073211463675006E-003
   4.6352563158163695E-003
   3.9766261739178597E-003
   7.3199012809516519E-004
   3.1815140706135370E-003
   0.0000000000000000     
   6.4381925235046438E-003
   9.4030255756698267E-003
   3.7888797113562753E-003
   0.0000000000000000     
   2.3150037934255466E-003
   0.0000000000000000     
   4.1404783758011623E-003
   4.3998209391128288E-003
   5.1785477876942860E-003
   0.0000000000000000     
   2.7047094136085012E-003
   0.0000000000000000     
   0.0000000000000000     
   5.6403285402949702E-003
   0.0000000000000000     
   1.4409553897928565E-003
   9.7763762769983633E-003
   3.7828307587077503E-003
   3.2446445689017552E-003
   0.0000000000000000     
   0.0000000000000000     
   0.0000000000000000     
   0.0000000000000000     
   2.7093511834549461E-003
   3.3843795243478371E-003
   6.2629147930522468E-003
   4.5572831608754281E-003
   0.0000000000000000     
   0.0000000000000000     
   8.4200361671747984E-004
   0.0000000000000000     
   0.0000000000000000     
   2.3862505571954425E-003
   8.3961726635536950E-003
   0.0000000000000000     
   7.5581941026368080E-004
   0.0000000000000000     
   0.0000000000000000     
   0.0000000000000000     
   3.0920033572222941E-003
   3.3334006431788104E-003
   6.9905941118765941E-003
   1.4023221120747749E-003
   0.0000000000000000     
   3.0503736718769888E-003
   0.0000000000000000     
   3.5389189278271938E-003
   0.0000000000000000     
   1.9233721029256415E-004
   0.0000000000000000     
   5.3338311276090783E-004
   5.7672925659098945E-005
   2.6320904919718596E-003
   5.5647678998414513E-003
   1.0154067309676301E-002
   3.6512464563260121E-003
   5.9962439059259385E-004
   0.0000000000000000     
   2.2010906905594973E-003
   2.6212743221080323E-003
   3.3045259322041689E-003
   0.0000000000000000     
   0.0000000000000000     
   0.0000000000000000     
   0.0000000000000000     
   0.0000000000000000     
   0.0000000000000000     
   0.0000000000000000     
   0.0000000000000000     
   3.3512596039216424E-003
   4.0017338692419730E-003
   4.9177987912803799E-003
   0.0000000000000000     
   0.0000000000000000     
   0.0000000000000000     
   0.0000000000000000     
   5.1369527392964021E-003
   1.9120870675690647E-004
   0.0000000000000000     
   0.0000000000000000     
   2.2222811302844876E-003
   2.6455352235973000E-003
   4.0854246641701848E-003
   1.4014907577755789E-003
   0.0000000000000000     
   0.0000000000000000     
   4.9316193690949195E-003
   1.9007516024295490E-003
   7.0423247362587744E-003
   1.4593165592542111E-003
   1.9430465758657057E-003
   5.1458160268610387E-003
   0.0000000000000000     
   0.0000000000000000     
   0.0000000000000000     
   2.1709060360110659E-004
   2.3796226294349335E-003
   0.0000000000000000     
   4.0717236510099572E-007
   0.0000000000000000     
   0.0000000000000000     
   0.0000000000000000     
   6.5900766590463414E-004
   1.2838694113408195E-003
   4.6289964749323424E-003
   4.1186351659479549E-003
   4.6347353294204155E-003
   4.0317346662227778E-003
   5.2482110188534622E-003
   1.7486217489706434E-003
   0.0000000000000000     
   0.0000000000000000     
   0.0000000000000000     
   0.0000000000000000     
   5.1563296666059253E-003
   8.6958762390784480E-003
   1.8832154034619719E-003
   0.0000000000000000     
   0.0000000000000000     
   4.4631811398919436E-003
   0.0000000000000000     
   0.0000000000000000     
   6.0892355575416024E-003
   4.3204321795835172E-003
   3.7130219559031773E-003
   2.4458248454734583E-003
   1.9257991995050611E-003
   4.7154268726143731E-003
   5.6447166671013708E-003
   0.0000000000000000     
   0.0000000000000000     
   7.1048421064157730E-003
   4.7497753371127226E-003
   8.7952277095933694E-003
   7.0169615490453053E-003
   3.0076137599561008E-003
   5.8019860234159570E-003
   4.6811628638183771E-003
   3.9969385403245015E-003
   0.0000000000000000     
   0.0000000000000000     
   0.0000000000000000     
   6.2631708932182851E-004
   0.0000000000000000     
   0.0000000000000000     
   1.3605976472363507E-003
   2.6036569668212608E-004
   3.1158970519441324E-003
   0.0000000000000000     
   2.7709204074425101E-004
   1.6263879677200924E-003
   4.0968546789153706E-003
   3.7220446890718789E-003
   4.2105652232475579E-003
   7.0295177729139471E-003
   4.3630868708408798E-003
   3.8205570523248632E-003
   5.1424450363986175E-003
   0.0000000000000000     
   0.0000000000000000     
   3.7515714330728423E-003
   8.5672681958682256E-003
   6.5500070366442849E-003
   3.6759343298778837E-003
   4.2928873218673873E-003
   8.6290923525772709E-003
   8.9849190251469167E-003
   8.2428575378721419E-003
   3.4394096952030514E-003
   0.0000000000000000     
   1.8888148406702417E-003
   3.2366388174549735E-003
   5.6936771453997646E-003
   1.6676508453107933E-004
   0.0000000000000000     
   8.7507088102380614E-004
   0.0000000000000000     
   0.0000000000000000     
   0.0000000000000000     
   0.0000000000000000     
   5.0084030988689320E-003
   3.4440032019184569E-003
   3.2274632194582947E-003
   2.5547535004216168E-003
   4.2638207041255744E-003
   3.0007804764922178E-003
   7.3556592862329450E-003
   2.2430930210549935E-003
   1.9727466776195794E-003
   3.4911373906404580E-003
   0.0000000000000000     
   0.0000000000000000     
   0.0000000000000000     
   0.0000000000000000     
   2.7439729314659733E-003
   2.1990564574244356E-003
   2.9624229692789615E-003
   2.3962522509655185E-003
   4.2930795639879969E-003
   3.6427787987471367E-003
   5.6988123618093986E-003
   6.7341914609427705E-003
   6.3667188923327064E-003
   3.2591202265057147E-003
   1.7500221425714767E-004
   4.0457530205457895E-004
   0.0000000000000000     
   0.0000000000000000     
   0.0000000000000000     
   4.4107503845899115E-005
   0.0000000000000000     
   2.1108907430020516E-003
   0.0000000000000000     
   0.0000000000000000     
   0.0000000000000000     
   5.4669135872276783E-003
   4.8387781809502949E-003
   2.8547578447239968E-003
   6.8129008739545244E-003
   5.9802253205093270E-003
   4.4429946544375818E-003
   4.4990957750241636E-003
   4.8689509799067308E-004
   2.6549225685873224E-004
   2.0036834180664834E-003
   5.7655931112533913E-003
   8.1372501508028168E-003
   3.9331930724054087E-003
   4.3333584473506251E-003
   3.1156614142227356E-003
   3.3340231944309620E-003
   1.3055317702531030E-003
   2.3754146370358687E-003
   1.8327790300935827E-003
   1.1870479332875905E-003
   5.9979320519360467E-003
   8.4747440772466216E-003
   7.1167883009356451E-003
   3.6831127071580753E-003
   2.7314978838010803E-003
   1.1072705255265615E-003
   0.0000000000000000     
   0.0000000000000000     
   0.0000000000000000     
   0.0000000000000000     
   0.0000000000000000     
   4.7360435079584867E-004
   0.0000000000000000     
   4.2450068472753254E-003
   5.1208600411502964E-004
   2.0649916477472764E-003
   4.1868353510133571E-003
   2.0229889312159671E-003
   1.2720685289948431E-003
   3.0587125934217743E-003
   2.3215825055128547E-003
   0.0000000000000000     
   0.0000000000000000     
   9.2391921341792140E-004
   0.0000000000000000     
   0.0000000000000000     
   0.0000000000000000     
   0.0000000000000000     
   2.5097641843571032E-003
   6.8211475729166079E-003
   2.8656412091805066E-003
   4.5689778502999755E-003
   4.3409124625439109E-003
   3.6540435574512753E-004
   5.9620546150944594E-004
   0.0000000000000000     
   0.0000000000000000     
   6.5948416274695784E-004
   0.0000000000000000     
   0.0000000000000000     
   1.2493145032908990E-003
   4.8730331390978735E-003
   7.3645465487375515E-003
   4.4511766360378329E-003
   4.4231754827537403E-003
   5.2843422964155441E-003
   5.3149348814023516E-003
   2.2776279355565900E-003
   3.0021357707330876E-003
   1.6330060270572330E-003
   0.0000000000000000     
   0.0000000000000000     
   1.2224222140796107E-003
   0.0000000000000000     
   0.0000000000000000     
   3.4090253430083929E-003
   0.0000000000000000     
   0.0000000000000000     
   0.0000000000000000     
   0.0000000000000000     
   4.5468657302761171E-003
   6.9637139375994615E-003
   2.2502168498797241E-003
   2.3048002195523486E-004
   1.8526200199376632E-003
   6.8471707503948943E-004
   0.0000000000000000     
   0.0000000000000000     
   9.5204179694635997E-004
   1.9549207930330257E-003
   1.7328737901326327E-003
   3.3667911700143664E-003
   4.3787353443706482E-003
   4.9049069756095572E-003
   9.8208838859440740E-004
   0.0000000000000000     
   0.0000000000000000     
   0.0000000000000000     
   0.0000000000000000     
   0.0000000000000000     
   0.0000000000000000     
   9.4006284514556462E-004
   0.0000000000000000     
   1.5488366152303283E-003
   7.7986602795247577E-004
   1.9190734995522256E-003
   0.0000000000000000     
   0.0000000000000000     
   2.1446296987960499E-004
   0.0000000000000000     
   0.0000000000000000     
   0.0000000000000000     
   0.0000000000000000     
   2.7179043833535609E-003
   5.6248065598224857E-003
   2.5336598526673948E-003
   2.9573354930330304E-003
   2.5443194308350679E-003
   3.2839207253195423E-003
   4.5931971544022707E-003
   2.8877469513488956E-003
   4.6646963709034575E-003
   0.0000000000000000     
   4.3649399195036376E-005
   3.0673066515846906E-004
   0.0000000000000000     
   0.0000000000000000     
   2.6214136804633822E-003
   3.6660761283226120E-005
   4.7890852431190633E-003
   3.6416793316569906E-003
   6.5921887210560522E-003
   4.8473577868764044E-003
   4.1873963700953358E-003
   5.9212617686862767E-003
   3.6901565589814367E-003
   3.2632590993146599E-003
   0.0000000000000000     
   3.2037715410671392E-003
   8.7921523446689428E-004
   0.0000000000000000     
   5.9877990531156109E-004
   0.0000000000000000     
   0.0000000000000000     
   0.0000000000000000     
   2.1349912631648117E-003
   0.0000000000000000     
   0.0000000000000000     
   7.1742196963627881E-004
   0.0000000000000000     
   5.0223150707215522E-004
   0.0000000000000000     
   5.1940801515939204E-004
   0.0000000000000000     
   0.0000000000000000     
   0.0000000000000000     
   5.8570917285681416E-003
   2.7517671775313672E-003
   3.4240034567328812E-003
   0.0000000000000000     
   0.0000000000000000     
   3.6703318941834300E-004
   7.0498364436049092E-004
   1.1345009093581535E-003
   1.7344299142531593E-003
   0.0000000000000000     
   0.0000000000000000     
   0.0000000000000000     
   1.4751649450830402E-003
   2.7908619434504206E-003
   2.2510010888137240E-003
   1.6839600677217171E-003
   9.7340756912672310E-006
   1.1662228342014373E-003
   1.6456295182663309E-003
   0.0000000000000000     
   2.1075034749272627E-004
   0.0000000000000000     
   7.9346296853938074E-004
   0.0000000000000000     
   0.0000000000000000     
   0.0000000000000000     
   0.0000000000000000     
   0.0000000000000000     
   0.0000000000000000     
   0.0000000000000000     
   1.6952859954430003E-003
   9.0418521318801515E-004
   5.3075957530556871E-004
   0.0000000000000000     
   0.0000000000000000     
   0.0000000000000000     
   3.7426653260761540E-004
   3.4405566632149786E-003
   4.4150866324163670E-003
   3.9944513381764083E-003
   3.1705041829524355E-003
   0.0000000000000000     
   1.0742050985038869E-003
   2.6707387693035568E-003
   2.5675944409631630E-003
   0.0000000000000000     
   0.0000000000000000     
   2.2576893059145020E-004
   3.6976445753885258E-004
   0.0000000000000000     
   0.0000000000000000     
   1.7228507396434697E-003
   0.0000000000000000     
   2.9776952218399069E-003
   2.7497661087813718E-003
   3.2709977407902316E-003
   2.9057584330842920E-003
   3.6413716188123503E-004
   2.0012617141477754E-004
   1.6487163858781696E-003
   1.5928579235927835E-004
   9.5309126326500418E-004
   1.1575492473543452E-004
   0.0000000000000000     
   4.1303511539189209E-005
   1.8338604539120281E-003
   2.6475727924590705E-003
   3.8367473011282167E-003
   3.6582466597549017E-003
   1.6278985639508062E-003
   1.0765886715547010E-003
   0.0000000000000000     
   0.0000000000000000     
   8.9440880883449262E-004
   0.0000000000000000     
   0.0000000000000000     
   2.0640855247492992E-004
   1.7677130300119053E-003
   1.4133333476450286E-003
   1.1008978313502350E-003
   6.0061614830072109E-004
   0.0000000000000000     
   0.0000000000000000     
   2.9573572117714999E-003
   4.0176985817312726E-003
   4.5923703452715068E-003
   2.6498408656509807E-003
   8.6263617999255120E-004
   6.9577304075995813E-004
   2.5900717409083314E-003
   3.8193898206853334E-004
   0.0000000000000000     
   2.1648454831172089E-003
   0.0000000000000000     
   7.3624422414105028E-004
   0.0000000000000000     
   2.4761496946506274E-003
   1.8102224005530760E-003
   2.3772843789311520E-003
   1.6243841464350268E-004
   1.3480493474688168E-003
   0.0000000000000000     
   1.9692847410765261E-003
   2.4742625558881268E-003
   2.5827134583948446E-003
   0.0000000000000000     
   0.0000000000000000     
   9.0055172422807473E-004
   2.5209179546012697E-003
   1.0348130842555302E-003
   1.7757642001342210E-003
   0.0000000000000000     
   6.8272980566219926E-004
   0.0000000000000000     
   0.0000000000000000     
   8.4253410035586547E-005
   5.4461765997125956E-004
   9.0935664074973793E-004
   3.0522720342701941E-004
   2.8741423293682710E-004
   0.0000000000000000     
   0.0000000000000000     
   6.2121961665601076E-004
   1.0783008595072773E-003
   1.5577627483973839E-003
   0.0000000000000000     
   3.8860450764837225E-004
   0.0000000000000000     
   0.0000000000000000     
   0.0000000000000000     
   5.3307141865500192E-004
   0.0000000000000000     
   0.0000000000000000     
   1.8351454536093895E-003
   2.4706977068634428E-003
   1.7693121759324009E-003
   2.8558186505773554E-003
   3.9766020722359656E-003
   5.1576292135568870E-004
   1.7864541055189430E-004
   2.2073340966065323E-003
   6.8718753409798407E-004
   1.0553435772232790E-003
   7.0406578377753140E-004
   2.9901243971246764E-004
   0.0000000000000000     
   1.0373177143629456E-003
   0.0000000000000000     
   2.0986213323582895E-003
   4.0423525382534409E-003
   1.6445568116348298E-003
   0.0000000000000000     
   2.5930890807670924E-004
   0.0000000000000000     
   0.0000000000000000     
   0.0000000000000000     
   0.0000000000000000     
   1.6314817589295331E-003
   1.6162263639365362E-003
   1.7245069634480349E-003
   1.3376880212595662E-003
   8.2147114458762025E-004
   1.9600072843866385E-003
   1.3059453906633114E-003
   3.9845146003844947E-004
   4.4851940834933013E-004
   1.8776429170011132E-003
   1.9542392668573574E-003
   1.6992147935689574E-003
   4.4371242274597643E-004
   9.6192222737822490E-004
   8.8047537086817116E-004
   1.3782214268547271E-004
   9.0437147242541558E-004
   2.5679522307988862E-003
   1.4563502396151185E-003
   1.5672575133707572E-003
   0.0000000000000000     
   0.0000000000000000     
   0.0000000000000000     
   0.0000000000000000     
   1.0663498157128751E-003
   1.6185244276416722E-003
   1.7517621684130127E-003
   4.1814624810542519E-004
   6.3737724193731649E-004
   0.0000000000000000     
   8.1399795802751995E-004
   2.6471364670296138E-003
   9.4600408643081267E-004
   2.7884260423620627E-004
   0.0000000000000000     
   1.1198484543238193E-003
   2.6316299586176622E-003
   2.1812742729226298E-003
   1.6285348146142858E-004
   0.0000000000000000     
   1.1564147796132905E-003
   2.9277370193107020E-003
   2.5190121161137329E-003
   2.3205341926104835E-003
   1.7959187399502828E-003
   2.8048857960825645E-003
   1.8013744039833783E-003
   6.1158516188861058E-004
   1.2396889495355596E-003
   0.0000000000000000     
   0.0000000000000000     
   0.0000000000000000     
   0.0000000000000000     
   7.8953464681369998E-004
   1.3170637662642140E-003
   0.0000000000000000     
   9.8292933585675021E-005
   0.0000000000000000     
   0.0000000000000000     
   9.4653582262229350E-004
   1.2325655046807580E-003
   1.6410077737921012E-003
   1.6148163870075647E-003
   8.5679601068886163E-004
   0.0000000000000000     
   4.0174761642751948E-004
   9.7148461787136767E-005
   6.9582003216007689E-004
   0.0000000000000000     
   0.0000000000000000     
   0.0000000000000000     
   1.4158687962367914E-003
   7.3668239141984543E-004
   1.5695837035762628E-003
   1.2302215880333233E-003
   5.7459649900416137E-004
   0.0000000000000000     
   6.2574470027016024E-004
   0.0000000000000000     
   9.9410499136814295E-004
   1.0112181711853904E-003
   0.0000000000000000     
   3.7092966455572716E-004
   1.1299343600961818E-003
   0.0000000000000000     
   2.0340042552951807E-003
   2.0558693674710923E-003
   1.9374339272158090E-003
   9.1387689911858134E-004
   2.1558070294348992E-004
   0.0000000000000000     
   0.0000000000000000     
   0.0000000000000000     
   2.0780360316091922E-005
   1.6976946024690098E-003
   3.8029278084229252E-003
   3.6996115727886080E-003
   5.5011943614319053E-004
   5.6839404910561753E-004
   0.0000000000000000     
   0.0000000000000000     
   1.6032436814478524E-003
   2.1199423867813657E-003
   2.4656598014605874E-004
   0.0000000000000000     
   0.0000000000000000     
   0.0000000000000000     
   1.0248792428788195E-003
   0.0000000000000000     
   2.3942671361047802E-004
   0.0000000000000000     
   1.3627199814231768E-003
   2.0933701728909158E-004
   2.5463002972109954E-005
   0.0000000000000000     
   0.0000000000000000     
   0.0000000000000000     
   3.2619959224780126E-004
   0.0000000000000000     
   1.9225506472891836E-004
   8.0909170741039964E-004
   7.6844213394705238E-004
   1.1758383896699992E-003
   1.1619151998645697E-004
   9.3166215950171380E-004
   9.2553293538735315E-004
   7.9818778392618406E-004
   2.7493727977376877E-004
   8.5157954053056604E-004
   0.0000000000000000     
   1.7408181636549846E-003
   8.4795510655493551E-004
   1.1915459589043218E-003
   1.3190721474796415E-003
   1.1126544918930344E-003
   4.2884604199267711E-004
   1.1445497496980371E-003
   8.1155268977124414E-004
   1.9154405626667292E-003
   2.1851967303773276E-003
   1.6318240698409482E-003
   5.8678836945903388E-004
   0.0000000000000000     
   0.0000000000000000     
   0.0000000000000000     
   7.9583474950911085E-004
   0.0000000000000000     
   2.0625504792204674E-003
   2.1481065975611198E-003
   2.7835463681707227E-003
   1.1868561444775766E-003
   1.6781731053014564E-003
   1.8305555903348563E-003
   1.1683069987387024E-003
   1.2901044898828993E-003
   1.1683538795979795E-003
   1.2952480602717244E-003
   3.0244062329245090E-003
   3.3903430539756686E-003
   6.7829629399601991E-004
   0.0000000000000000     
   3.5919816911272736E-003
   1.1976645862820665E-003
   1.6534022660373209E-003
   8.4321034365442919E-004
   2.3032118974219843E-004
   1.1354278775722022E-003
   0.0000000000000000     
   0.0000000000000000     
   1.1663962534055662E-003
   1.3202959984969481E-003
   0.0000000000000000     
   0.0000000000000000     
   3.6765872982333218E-004
   1.0470889747228730E-003
   1.5529205516877241E-003
   2.2497110452119363E-003
   1.1975750621377010E-003
   0.0000000000000000     
   0.0000000000000000     
   1.8601632470813961E-003
   1.3460898754170674E-003
   1.3406168195131240E-003
   1.5932761308304327E-003
   3.2531880340564033E-003
   1.1795676035972770E-003
   4.7316876972708583E-004
   0.0000000000000000     
   0.0000000000000000     
   0.0000000000000000     
   0.0000000000000000     
   9.4792195574646559E-004
   4.4891433678403861E-004
   5.9514205885993678E-004
   0.0000000000000000     
   0.0000000000000000     
   2.0179725949071871E-003
   2.0923582515134562E-003
   2.5684663871561831E-003
   1.0591420502276091E-003
   1.6334375836247967E-003
   1.5710898003345975E-003
   1.4385507819018436E-003
   0.0000000000000000     
   0.0000000000000000     
   0.0000000000000000     
   0.0000000000000000     
   2.4170846093324590E-004
   1.7374315867526544E-004
   1.0526243324546119E-003
   1.2875143989010056E-004
   1.2386829788084981E-003
   1.4986959954577993E-003
   1.4283382116796219E-003
   8.7536881089763166E-004
   3.2946306786697051E-004
   1.5665038602218130E-004
   1.6308453174126189E-003
   0.0000000000000000     
   3.6685946476607624E-004
   0.0000000000000000     
   6.3830661620270577E-004
   0.0000000000000000     
   0.0000000000000000     
   5.2141201464376153E-004
   1.6766571657374448E-003
   0.0000000000000000     
   7.6534280198611913E-004
   8.7023269446998149E-004
   7.5843046394101922E-004
   0.0000000000000000     
   5.8939848733873132E-005
   0.0000000000000000     
   0.0000000000000000     
   0.0000000000000000     
   4.9714273817903635E-004
   8.6140681979501518E-004
   0.0000000000000000     
   5.3945192240536697E-004
   1.0800044805705554E-003
   1.3120514219263288E-003
   1.8428050542190616E-003
   1.3857585863538057E-003
   1.4023389951481327E-003
   1.1086954209410089E-003
   0.0000000000000000     
   8.7850441550789860E-004
   0.0000000000000000     
   0.0000000000000000     
   0.0000000000000000     
   1.4420266243897473E-004
   4.2435258579372773E-004
   1.4173827757333066E-003
   5.1112992821955149E-004
   1.4321952606723327E-004
   1.0391042426123275E-003
   1.4249942296501871E-003
   6.4939560757823229E-004
   1.6606861715695392E-003
   1.0626825477980800E-003
   5.5963062019748840E-004
   2.3852071067325996E-003
   7.5615423547771847E-004
   0.0000000000000000     
   0.0000000000000000     
   1.3535307156860882E-004
   6.5092555791528657E-004
   1.2397150536462682E-003
   1.0495279420729500E-003
   3.7533303372065229E-004
   0.0000000000000000     
   0.0000000000000000     
   1.1083413551998316E-004
   0.0000000000000000     
   0.0000000000000000     
   1.5409370856904472E-003
   2.3864295367387184E-003
   2.5164035313174271E-003
   1.9332744940581937E-003
   1.9159748301217350E-003
   3.0613699601023244E-004
   3.3577955179505271E-004
   6.4608981868105814E-004
   5.9644208994590303E-004
   6.3043531550945617E-004
   9.1726451380651284E-004
   2.5327791781622573E-003
   1.3634280907534092E-003
   0.0000000000000000     
   5.8095342070543473E-004
   0.0000000000000000     
   0.0000000000000000     
   0.0000000000000000     
   1.1506472899141585E-003
   0.0000000000000000     
   0.0000000000000000     
   2.0425676096625441E-004
   0.0000000000000000     
   0.0000000000000000     
   9.5937622396659544E-004
   1.3860864557618774E-003
   0.0000000000000000     
   6.5397272876324458E-004
   9.1166859999027407E-004
   6.8450991986565763E-004
   1.3091507928444188E-003
   6.7434962832927932E-004
   0.0000000000000000     
   0.0000000000000000     
   0.0000000000000000     
   0.0000000000000000     
   2.3626496807144909E-005
   0.0000000000000000     
   1.8593570888040872E-004
   0.0000000000000000     
   0.0000000000000000     
   0.0000000000000000     
   0.0000000000000000     
   0.0000000000000000     
   0.0000000000000000     
   5.8599295900453043E-004
   1.5577736917387775E-003
   9.8558672666623943E-004
   9.6382230950688109E-004
   0.0000000000000000     
   0.0000000000000000     
   1.1564850763332471E-003
   0.0000000000000000     
   0.0000000000000000     
   0.0000000000000000     
   0.0000000000000000     
   0.0000000000000000     
   0.0000000000000000     
   2.4282576392113000E-004
   2.3299341963328946E-004
   1.1680376424483391E-003
   1.3932454457918329E-003
   3.9678111019969217E-004
   0.0000000000000000     
   7.9172789235350824E-004
   2.3536648293187243E-004
   0.0000000000000000     
   0.0000000000000000     
   0.0000000000000000     
   3.4917888167632994E-004
   1.1807331494301950E-003
   1.3392741617153741E-003
   2.4513885056642870E-005
   1.0703368333440712E-004
   0.0000000000000000     
   0.0000000000000000     
   0.0000000000000000     
   3.9793362609960630E-004
   5.1443936320056869E-004
   4.5668372292284701E-004
   8.7086836261976832E-004
   4.3605354209285438E-005
   4.1299605879324176E-004
   9.6265616387528541E-004
   1.0865923837747632E-003
   1.3790652241998345E-003
   6.9976567263763557E-004
   1.4141135322836141E-003
   1.4883964857585229E-003
   1.1758459835415958E-003
   0.0000000000000000     
   0.0000000000000000     
   0.0000000000000000     
   4.8293833160804731E-004
   1.1049817282894688E-003
   1.1767643612365015E-003
   1.8569647533519650E-004
   0.0000000000000000     
   2.1063957468718425E-004
   0.0000000000000000     
   5.9371815714126465E-004
   0.0000000000000000     
   5.6831535368325132E-004
   9.0967245336765520E-004
   3.7317383323383260E-004
   4.4935391786779435E-004
   0.0000000000000000     
   0.0000000000000000     
   0.0000000000000000     
   0.0000000000000000     
   3.1458644879260724E-004
   0.0000000000000000     
   0.0000000000000000     
   0.0000000000000000     
   0.0000000000000000     
   0.0000000000000000     
   0.0000000000000000     
   0.0000000000000000     
   0.0000000000000000     
   0.0000000000000000     
   2.9305991028307892E-004
   0.0000000000000000     
   0.0000000000000000     
   8.8030614077812914E-005
   0.0000000000000000     
   1.3813999230589185E-004
   0.0000000000000000     
   8.6322479896520617E-004
   8.7012592056987588E-004
   7.0566308479371755E-004
   3.1706053308139964E-005
   0.0000000000000000     
   0.0000000000000000     
   3.3006313784578282E-004
   7.7012978899769556E-004
   3.9294779995210444E-004
   0.0000000000000000     
   0.0000000000000000     
   0.0000000000000000     
   0.0000000000000000     
   3.5703976323401126E-005
   0.0000000000000000     
   0.0000000000000000     
   0.0000000000000000     
   1.3125967409794333E-003
   1.2033400661865768E-003
   1.3449984987994755E-003
   1.2221244986979881E-003
   7.9331003941407116E-004
   1.2283015338510487E-003
   1.1540240161119751E-003
   1.0342172901224704E-003
   2.0332592447176645E-003
   2.1792815437299846E-003
   1.8367086927119647E-003
   2.2456138690443656E-003
   1.4370110780547543E-003
   1.8921884596666187E-003
   1.1728587925234782E-003
   1.6472746675983115E-003
   7.2494618274621093E-004
   8.4627225109888205E-004
   1.1672270313446873E-003
   1.1158322573496424E-003
   1.7153473200984483E-003
   1.4905333020387094E-003
   1.5672057597552226E-003
   1.0605516244427638E-003
   7.7328880313832604E-004
   4.9420294578407542E-004
   5.3562595547713347E-004
   0.0000000000000000     
   2.3325974533939202E-004
   0.0000000000000000     
   0.0000000000000000     
   0.0000000000000000     
   8.6544771678527402E-004
   5.2497315245426382E-004
   8.0633985948537512E-004
   2.3742551095642830E-004
   0.0000000000000000     
   4.2858343711416855E-004
   2.4663035271078762E-004
   3.3932136966737111E-004
   0.0000000000000000     
   6.4757244911417121E-004
   1.2044738834890590E-003
   8.0225906346794210E-004
   5.9963647120147635E-004
   2.5138295032171908E-004
   1.3644131600310900E-003
   1.6547374191356202E-004
   7.1675778801172363E-004
   0.0000000000000000     
   1.0584441143249370E-004
   0.0000000000000000     
   1.5753611685477613E-004
   0.0000000000000000     
   4.4931194769868101E-004
   1.8406110091488106E-004
   0.0000000000000000     
   0.0000000000000000     
   0.0000000000000000     
   6.1070540017945003E-004
   1.2591381947148160E-003
   5.6853756272983466E-004
   3.1326609491106515E-004
   5.4964366787500990E-005
   0.0000000000000000     
   4.1274200304292048E-004
   6.5730887619454303E-004
   1.6353486891617394E-005
   3.5561649202107271E-004
   0.0000000000000000     
   5.3812795620705235E-004
   6.2276227011392538E-004
   7.5832689066594652E-005
   0.0000000000000000     
   5.0252050692112399E-005
   2.2576034833423345E-004
   1.0731006633945017E-003
   8.3589621531889404E-004
   1.1973233201020242E-003
   0.0000000000000000     
   1.0488521581292205E-003
   5.7136380073510547E-004
   7.8804703410176574E-004
   0.0000000000000000     
   6.9413667552310917E-004
   5.8981314123329515E-004
   1.4395288006483187E-003
   3.0416446289375587E-004
   7.0808885401092833E-004
   1.8550324043567989E-004
   0.0000000000000000     
   0.0000000000000000     
   0.0000000000000000     
   4.8674310737898102E-004
   0.0000000000000000     
   0.0000000000000000     
   3.9150156242822302E-004
   1.7735487101113568E-004
   0.0000000000000000     
   8.9386968741478692E-004
   3.8322748233744471E-004
   7.9956123919168280E-005
   0.0000000000000000     
   0.0000000000000000     
   8.0560654334570160E-004
   0.0000000000000000     
   0.0000000000000000     
   1.0998257202943635E-003
   3.5491277589926506E-004
   1.9263449871522153E-004
   0.0000000000000000     
   0.0000000000000000     
   0.0000000000000000     
   0.0000000000000000     
   0.0000000000000000     
   0.0000000000000000     
   4.0846664408874579E-004
   5.0388581330943069E-004
   5.5995209403487045E-004
   2.3871165595712392E-004
   9.8254618102969074E-005
   5.6516955220619355E-004
   0.0000000000000000     
   1.8111717221830161E-004
   5.4470487341504029E-004
   0.0000000000000000     
