  0.416443080000000       1.418440000000001E-003  0.000000000000000E+000
  0.430473360000000       1.367400000000000E-003  4.400000000000000E-007
  0.445579920000000       1.602440000000001E-003  7.799999999999999E-007
  0.458574480000000       1.690620000000000E-003  0.000000000000000E+000
  0.535032720000000       2.523620000000000E-003  4.000000000000000E-007
  0.683717760000000       3.978700000000000E-003  1.800000000000000E-007
  0.762807360000000       4.514140000000000E-003  1.040000000000000E-006
  0.435019920000000       2.021179999999999E-003  0.000000000000000E+000
  6.047220000000000E-002  4.726000000000000E-005  0.000000000000000E+000
  3.735276000000000E-002  8.200000000000000E-007  0.000000000000000E+000
  3.220800000000000E-004  0.000000000000000E+000  0.000000000000000E+000
  5.664000000000000E-004  0.000000000000000E+000  0.000000000000000E+000
  9.068400000000001E-004  0.000000000000000E+000  0.000000000000000E+000
  1.018560000000000E-003  0.000000000000000E+000  0.000000000000000E+000
  1.627680000000000E-003  0.000000000000000E+000  0.000000000000000E+000
  6.782160000000001E-003  0.000000000000000E+000  0.000000000000000E+000
  5.300976000000000E-002  2.362000000000000E-005  0.000000000000000E+000
  0.309738960000000       6.867199999999999E-004  2.800000000000000E-007
  0.593822280000000       3.046039999999999E-003  9.000000000000000E-007
  6.553355999999999E-002  1.162200000000000E-004  0.000000000000000E+000
  0.000000000000000E+000  0.000000000000000E+000  0.000000000000000E+000
  0.000000000000000E+000  0.000000000000000E+000  0.000000000000000E+000
  0.000000000000000E+000  0.000000000000000E+000  0.000000000000000E+000
  0.000000000000000E+000  0.000000000000000E+000  0.000000000000000E+000
  0.000000000000000E+000  0.000000000000000E+000  0.000000000000000E+000
  1.080000000000000E-006  0.000000000000000E+000  0.000000000000000E+000
  1.454520000000000E-003  0.000000000000000E+000  0.000000000000000E+000
  4.063224000000001E-002  1.028000000000000E-005  0.000000000000000E+000
  0.434506440000000       1.487920000000000E-003  2.160000000000000E-006
  0.126028680000000       4.690600000000000E-004  1.500000000000000E-006
  0.000000000000000E+000  0.000000000000000E+000  0.000000000000000E+000
  0.000000000000000E+000  0.000000000000000E+000  0.000000000000000E+000
  0.000000000000000E+000  0.000000000000000E+000  0.000000000000000E+000
  0.000000000000000E+000  0.000000000000000E+000  0.000000000000000E+000
  0.000000000000000E+000  0.000000000000000E+000  0.000000000000000E+000
  0.000000000000000E+000  0.000000000000000E+000  0.000000000000000E+000
  2.436000000000000E-005  0.000000000000000E+000  0.000000000000000E+000
  4.206720000000001E-003  0.000000000000000E+000  0.000000000000000E+000
  0.218116560000000       5.197799999999999E-004  2.600000000000000E-007
  0.277705560000000       8.867600000000000E-004  0.000000000000000E+000
  0.000000000000000E+000  0.000000000000000E+000  0.000000000000000E+000
  0.000000000000000E+000  0.000000000000000E+000  0.000000000000000E+000
  0.000000000000000E+000  0.000000000000000E+000  0.000000000000000E+000
  0.000000000000000E+000  0.000000000000000E+000  0.000000000000000E+000
  0.000000000000000E+000  0.000000000000000E+000  0.000000000000000E+000
  0.000000000000000E+000  0.000000000000000E+000  0.000000000000000E+000
  0.000000000000000E+000  0.000000000000000E+000  0.000000000000000E+000
  2.270400000000000E-004  0.000000000000000E+000  0.000000000000000E+000
  8.368571999999996E-002  5.507999999999999E-005  0.000000000000000E+000
  0.440659680000000       1.702740000000000E-003  6.400000000000000E-007
   1.23122040000000       9.836879999999999E-003  1.720000000000000E-006
   1.14059892000000       8.457599999999999E-003  0.000000000000000E+000
   1.03734528000000       1.012418000000000E-002  0.000000000000000E+000
  0.928179120000000       8.225180000000000E-003  0.000000000000000E+000
  0.551215080000000       2.528880000000001E-003  0.000000000000000E+000
  7.548299999999998E-002  3.400000000000000E-007  0.000000000000000E+000
  2.475564000000000E-002  0.000000000000000E+000  0.000000000000000E+000
  1.200000000000000E-007  0.000000000000000E+000  0.000000000000000E+000
  3.294000000000000E-004  0.000000000000000E+000  0.000000000000000E+000
  0.000000000000000E+000  0.000000000000000E+000  0.000000000000000E+000
  0.102274680000000       2.454000000000000E-005  0.000000000000000E+000
  0.107740560000000       8.930000000000000E-005  0.000000000000000E+000
  0.129279840000000       9.820000000000000E-005  0.000000000000000E+000
  0.175922640000000       4.092600000000000E-004  0.000000000000000E+000
  0.333909480000000       8.108200000000002E-004  0.000000000000000E+000
  0.901645680000000       6.938479999999996E-003  0.000000000000000E+000
   2.04336600000000       3.559322000000000E-002  1.520000000000000E-006
  0.193139760000000       2.913600000000000E-004  0.000000000000000E+000
  2.374920000000000E-003  0.000000000000000E+000  2.200000000000000E-007
  6.280800000000000E-004  0.000000000000000E+000  0.000000000000000E+000
  3.312000000000000E-005  0.000000000000000E+000  0.000000000000000E+000
  1.147200000000000E-004  0.000000000000000E+000  0.000000000000000E+000
  3.648000000000000E-005  0.000000000000000E+000  0.000000000000000E+000
  2.448000000000000E-004  0.000000000000000E+000  0.000000000000000E+000
  2.400000000000000E-004  0.000000000000000E+000  0.000000000000000E+000
  5.539920000000000E-003  0.000000000000000E+000  0.000000000000000E+000
  0.155958120000000       2.026000000000000E-004  8.799999999999999E-007
   1.55949984000000       2.052332000000001E-002  8.799999999999999E-007
  1.837680000000000E-003  0.000000000000000E+000  0.000000000000000E+000
  1.384440000000000E-003  0.000000000000000E+000  0.000000000000000E+000
  0.000000000000000E+000  0.000000000000000E+000  0.000000000000000E+000
  0.000000000000000E+000  0.000000000000000E+000  0.000000000000000E+000
  0.000000000000000E+000  0.000000000000000E+000  0.000000000000000E+000
  0.000000000000000E+000  0.000000000000000E+000  0.000000000000000E+000
  0.000000000000000E+000  0.000000000000000E+000  0.000000000000000E+000
  9.600000000000001E-007  0.000000000000000E+000  0.000000000000000E+000
  1.278600000000000E-003  0.000000000000000E+000  0.000000000000000E+000
  0.438448680000000       1.323060000000000E-003  0.000000000000000E+000
  4.213860000000000E-002  2.280000000000000E-005  0.000000000000000E+000
  1.080000000000000E-006  0.000000000000000E+000  0.000000000000000E+000
  0.000000000000000E+000  0.000000000000000E+000  0.000000000000000E+000
  0.000000000000000E+000  0.000000000000000E+000  0.000000000000000E+000
  0.000000000000000E+000  0.000000000000000E+000  0.000000000000000E+000
  0.000000000000000E+000  0.000000000000000E+000  0.000000000000000E+000
  0.000000000000000E+000  0.000000000000000E+000  0.000000000000000E+000
  0.000000000000000E+000  0.000000000000000E+000  0.000000000000000E+000
  4.248000000000000E-005  0.000000000000000E+000  0.000000000000000E+000
  6.015599999999999E-002  3.167999999999999E-005  0.000000000000000E+000
  0.655275600000000       3.594460000000000E-003  3.000000000000000E-007
  2.579039999999999E-003  0.000000000000000E+000  0.000000000000000E+000
  4.669164000000001E-002  0.000000000000000E+000  0.000000000000000E+000
  1.393188000000000E-002  0.000000000000000E+000  0.000000000000000E+000
  1.674240000000000E-002  0.000000000000000E+000  0.000000000000000E+000
  0.108187800000000       0.000000000000000E+000  0.000000000000000E+000
  0.000000000000000E+000  0.000000000000000E+000  0.000000000000000E+000
  2.090280000000000E-003  0.000000000000000E+000  0.000000000000000E+000
  0.000000000000000E+000  0.000000000000000E+000  0.000000000000000E+000
  0.000000000000000E+000  0.000000000000000E+000  0.000000000000000E+000
  0.000000000000000E+000  0.000000000000000E+000  0.000000000000000E+000
  0.000000000000000E+000  0.000000000000000E+000  0.000000000000000E+000
   5.36401932000000       0.220588500000000       4.200000000000000E-006
   5.49045384000000       0.231058120000000       1.060000000000000E-006
   5.73992112000000       0.247215160000000       6.900000000000000E-006
   5.92771548000000       0.237093960000000       8.720000000000000E-006
   5.87918832000000       0.220489980000000       2.204000000000000E-005
   3.05761932000000       5.041907999999999E-002  4.000000000000000E-008
  0.223994040000000       0.000000000000000E+000  0.000000000000000E+000
  3.660588000000000E-002  0.000000000000000E+000  0.000000000000000E+000
  0.000000000000000E+000  0.000000000000000E+000  0.000000000000000E+000
  0.000000000000000E+000  0.000000000000000E+000  0.000000000000000E+000
  3.128760000000000E-002  0.000000000000000E+000  0.000000000000000E+000
  3.237167999999999E-002  5.160000000000000E-006  0.000000000000000E+000
  3.691236000000000E-002  0.000000000000000E+000  0.000000000000000E+000
  5.244515999999996E-002  3.860000000000000E-006  0.000000000000000E+000
  0.152210160000000       1.962200000000000E-004  0.000000000000000E+000
   1.00613808000000       1.041886000000000E-002  0.000000000000000E+000
   4.32756972000000       0.141408020000000       1.618000000000000E-005
  4.480404000000000E-002  0.000000000000000E+000  0.000000000000000E+000
  1.140000000000000E-005  0.000000000000000E+000  0.000000000000000E+000
  0.000000000000000E+000  0.000000000000000E+000  0.000000000000000E+000
  0.000000000000000E+000  0.000000000000000E+000  0.000000000000000E+000
  0.000000000000000E+000  0.000000000000000E+000  0.000000000000000E+000
  2.400000000000000E-007  0.000000000000000E+000  0.000000000000000E+000
  1.352400000000000E-004  0.000000000000000E+000  0.000000000000000E+000
  7.730400000000000E-004  0.000000000000000E+000  0.000000000000000E+000
  7.731120000000000E-003  0.000000000000000E+000  0.000000000000000E+000
  0.533317680000000       2.859280000000000E-003  0.000000000000000E+000
   1.58518128000000       1.775724000000000E-002  0.000000000000000E+000
  7.560000000000000E-006  0.000000000000000E+000  0.000000000000000E+000
  3.092388000000000E-002  0.000000000000000E+000  0.000000000000000E+000
  0.000000000000000E+000  0.000000000000000E+000  0.000000000000000E+000
  0.000000000000000E+000  0.000000000000000E+000  0.000000000000000E+000
  0.000000000000000E+000  0.000000000000000E+000  0.000000000000000E+000
  0.000000000000000E+000  0.000000000000000E+000  0.000000000000000E+000
  0.000000000000000E+000  0.000000000000000E+000  0.000000000000000E+000
  2.356800000000000E-004  0.000000000000000E+000  0.000000000000000E+000
  1.203228000000000E-002  0.000000000000000E+000  0.000000000000000E+000
   2.59342944000000       5.257520000000002E-002  3.600000000000000E-007
  4.295400000000000E-003  0.000000000000000E+000  0.000000000000000E+000
  0.000000000000000E+000  0.000000000000000E+000  0.000000000000000E+000
  1.400400000000000E-004  0.000000000000000E+000  0.000000000000000E+000
  8.400000000000000E-007  0.000000000000000E+000  0.000000000000000E+000
  0.239075040000000       0.000000000000000E+000  0.000000000000000E+000
  0.000000000000000E+000  0.000000000000000E+000  0.000000000000000E+000
  1.819740000000000E-002  0.000000000000000E+000  0.000000000000000E+000
  0.119748480000000       0.000000000000000E+000  0.000000000000000E+000
  0.000000000000000E+000  0.000000000000000E+000  0.000000000000000E+000
  2.736000000000000E-005  0.000000000000000E+000  0.000000000000000E+000
  0.000000000000000E+000  0.000000000000000E+000  0.000000000000000E+000
  0.000000000000000E+000  0.000000000000000E+000  0.000000000000000E+000
   3.57295344000000       1.030168000000000E-002  0.000000000000000E+000
   3.61583832000000       1.068094000000000E-002  0.000000000000000E+000
   3.06644928000000       1.247382000000000E-002  0.000000000000000E+000
   1.78748112000000       7.285600000000000E-003  0.000000000000000E+000
  0.912819360000000       1.228760000000000E-003  0.000000000000000E+000
  0.334619160000000       0.000000000000000E+000  0.000000000000000E+000
  0.167149680000000       0.000000000000000E+000  0.000000000000000E+000
  0.000000000000000E+000  0.000000000000000E+000  0.000000000000000E+000
  0.000000000000000E+000  0.000000000000000E+000  0.000000000000000E+000
  0.000000000000000E+000  0.000000000000000E+000  0.000000000000000E+000
   2.86247784000000       5.183310000000001E-002  0.000000000000000E+000
   2.93522652000000       6.023146000000002E-002  0.000000000000000E+000
   3.45991872000000       7.935351999999998E-002  1.380000000000000E-006
   4.56475896000000       0.131495380000000       6.280000000000000E-006
   7.57474392000000       0.338433240000000       4.400000000000001E-007
   8.94670260000000       0.238495140000000       5.499999999999999E-006
  0.372958440000000       0.000000000000000E+000  0.000000000000000E+000
  2.752860000000000E-002  0.000000000000000E+000  0.000000000000000E+000
  0.000000000000000E+000  0.000000000000000E+000  0.000000000000000E+000
  0.000000000000000E+000  0.000000000000000E+000  0.000000000000000E+000
  6.475079999999999E-003  0.000000000000000E+000  0.000000000000000E+000
  5.918040000000000E-003  0.000000000000000E+000  0.000000000000000E+000
  8.502480000000001E-003  0.000000000000000E+000  0.000000000000000E+000
  2.580743999999999E-002  0.000000000000000E+000  0.000000000000000E+000
  0.111087480000000       2.820000000000000E-005  0.000000000000000E+000
   1.35694404000000       1.218848000000000E-002  0.000000000000000E+000
   7.13818152000000       0.253157260000000       1.770000000000000E-005
  5.916576000000000E-002  0.000000000000000E+000  0.000000000000000E+000
  0.000000000000000E+000  0.000000000000000E+000  0.000000000000000E+000
  0.000000000000000E+000  0.000000000000000E+000  0.000000000000000E+000
  0.000000000000000E+000  0.000000000000000E+000  0.000000000000000E+000
  0.000000000000000E+000  0.000000000000000E+000  0.000000000000000E+000
  0.000000000000000E+000  0.000000000000000E+000  0.000000000000000E+000
  0.000000000000000E+000  0.000000000000000E+000  0.000000000000000E+000
  1.474800000000000E-004  0.000000000000000E+000  0.000000000000000E+000
  1.030332000000000E-002  0.000000000000000E+000  0.000000000000000E+000
   1.89471972000000       2.960526000000000E-002  2.980000000000000E-006
  0.647551920000000       8.607199999999999E-004  0.000000000000000E+000
  0.000000000000000E+000  0.000000000000000E+000  0.000000000000000E+000
  0.000000000000000E+000  0.000000000000000E+000  0.000000000000000E+000
  1.500000000000000E-005  0.000000000000000E+000  0.000000000000000E+000
  4.471044000000000E-002  0.000000000000000E+000  0.000000000000000E+000
  0.000000000000000E+000  0.000000000000000E+000  0.000000000000000E+000
  0.000000000000000E+000  0.000000000000000E+000  0.000000000000000E+000
  0.119999880000000       0.000000000000000E+000  0.000000000000000E+000
  0.000000000000000E+000  0.000000000000000E+000  0.000000000000000E+000
  0.000000000000000E+000  0.000000000000000E+000  0.000000000000000E+000
  0.000000000000000E+000  0.000000000000000E+000  0.000000000000000E+000
  0.000000000000000E+000  0.000000000000000E+000  0.000000000000000E+000
  0.000000000000000E+000  0.000000000000000E+000  0.000000000000000E+000
   2.10404628000000       0.000000000000000E+000  0.000000000000000E+000
   1.82017716000000       0.000000000000000E+000  0.000000000000000E+000
   2.28593868000000       0.000000000000000E+000  0.000000000000000E+000
   1.04864388000000       0.000000000000000E+000  0.000000000000000E+000
  0.382310760000000       0.000000000000000E+000  0.000000000000000E+000
  0.130876800000000       0.000000000000000E+000  0.000000000000000E+000
  0.119968320000000       0.000000000000000E+000  0.000000000000000E+000
  0.000000000000000E+000  0.000000000000000E+000  0.000000000000000E+000
  0.000000000000000E+000  0.000000000000000E+000  0.000000000000000E+000
  0.000000000000000E+000  0.000000000000000E+000  0.000000000000000E+000
   16.8949179600000       0.158501220000000       5.600000000000000E-007
   13.9133830800000       0.142108780000000       0.000000000000000E+000
   15.4181974800000       0.180119860000000       0.000000000000000E+000
   13.3092782400000       9.941017999999997E-002  4.620000000000000E-006
   8.04191268000000       3.483563999999999E-002  0.000000000000000E+000
   1.86898920000000       2.718800000000000E-004  0.000000000000000E+000
  7.507392000000000E-002  0.000000000000000E+000  0.000000000000000E+000
  1.109712000000000E-002  0.000000000000000E+000  0.000000000000000E+000
  0.000000000000000E+000  0.000000000000000E+000  0.000000000000000E+000
  0.000000000000000E+000  0.000000000000000E+000  0.000000000000000E+000
   1.18833468000000       6.148900000000000E-003  0.000000000000000E+000
   1.18286472000000       4.266580000000000E-003  0.000000000000000E+000
   1.72684284000000       1.081648000000000E-002  0.000000000000000E+000
   2.44815072000000       2.732496000000000E-002  0.000000000000000E+000
   6.29612208000000       0.144159680000000       0.000000000000000E+000
   12.6451530000000       0.274220060000000       0.000000000000000E+000
   1.13270556000000       4.844160000000000E-003  0.000000000000000E+000
  0.000000000000000E+000  0.000000000000000E+000  0.000000000000000E+000
  0.119957400000000       0.000000000000000E+000  0.000000000000000E+000
  0.000000000000000E+000  0.000000000000000E+000  0.000000000000000E+000
  8.389800000000001E-003  0.000000000000000E+000  0.000000000000000E+000
  1.951920000000000E-003  0.000000000000000E+000  0.000000000000000E+000
  2.901240000000000E-003  0.000000000000000E+000  0.000000000000000E+000
  1.958784000000000E-002  0.000000000000000E+000  0.000000000000000E+000
  8.385708000000001E-002  0.000000000000000E+000  0.000000000000000E+000
   1.65254904000000       1.419230000000000E-002  0.000000000000000E+000
   9.17838252000000       0.140616620000000       4.200000000000000E-007
  4.600332000000001E-002  0.000000000000000E+000  0.000000000000000E+000
  0.000000000000000E+000  0.000000000000000E+000  0.000000000000000E+000
  0.120000000000000       0.000000000000000E+000  0.000000000000000E+000
  9.163776000000000E-002  0.000000000000000E+000  0.000000000000000E+000
  0.153133200000000       0.000000000000000E+000  0.000000000000000E+000
  0.000000000000000E+000  0.000000000000000E+000  0.000000000000000E+000
  0.000000000000000E+000  0.000000000000000E+000  0.000000000000000E+000
  0.000000000000000E+000  0.000000000000000E+000  0.000000000000000E+000
  4.225476000000000E-002  0.000000000000000E+000  0.000000000000000E+000
  0.000000000000000E+000  0.000000000000000E+000  0.000000000000000E+000
  0.000000000000000E+000  0.000000000000000E+000  0.000000000000000E+000
  0.000000000000000E+000  0.000000000000000E+000  0.000000000000000E+000
  0.000000000000000E+000  0.000000000000000E+000  0.000000000000000E+000
   2.27616408000000       0.000000000000000E+000  0.000000000000000E+000
   1.28432292000000       0.000000000000000E+000  0.000000000000000E+000
   1.57563612000000       0.000000000000000E+000  0.000000000000000E+000
   1.08688932000000       0.000000000000000E+000  0.000000000000000E+000
  0.438494040000000       0.000000000000000E+000  0.000000000000000E+000
  0.219345360000000       0.000000000000000E+000  0.000000000000000E+000
  0.110073600000000       0.000000000000000E+000  0.000000000000000E+000
  0.000000000000000E+000  0.000000000000000E+000  0.000000000000000E+000
  0.000000000000000E+000  0.000000000000000E+000  0.000000000000000E+000
  0.000000000000000E+000  0.000000000000000E+000  0.000000000000000E+000
   14.5361349600000       2.220106000000000E-002  1.400000000000000E-007
   15.0980818800000       2.166986000000000E-002  0.000000000000000E+000
   12.3337372800000       4.950460000000000E-003  0.000000000000000E+000
   10.6677194400000       5.333020000000001E-003  0.000000000000000E+000
   6.01171056000000       4.400000000000000E-007  0.000000000000000E+000
   2.07600996000000       0.000000000000000E+000  0.000000000000000E+000
  0.132475920000000       0.000000000000000E+000  0.000000000000000E+000
  0.000000000000000E+000  0.000000000000000E+000  0.000000000000000E+000
  3.704568000000000E-002  0.000000000000000E+000  0.000000000000000E+000
  0.000000000000000E+000  0.000000000000000E+000  0.000000000000000E+000
   16.3165184400000       0.116811800000000       2.600000000000000E-006
   16.8435201600000       9.035170000000001E-002  1.020000000000000E-006
   16.3702138800000       0.127722600000000       5.600000000000000E-007
   17.9042667600000       0.117581840000000       0.000000000000000E+000
   18.5601981600000       7.576361999999998E-002  0.000000000000000E+000
   10.9034098800000       1.303186000000000E-002  0.000000000000000E+000
  0.482733240000000       0.000000000000000E+000  0.000000000000000E+000
  0.119999400000000       0.000000000000000E+000  0.000000000000000E+000
  0.000000000000000E+000  0.000000000000000E+000  0.000000000000000E+000
  0.000000000000000E+000  0.000000000000000E+000  0.000000000000000E+000
  0.457669320000000       1.049600000000000E-004  0.000000000000000E+000
  0.419792040000000       3.816120000000000E-003  0.000000000000000E+000
  0.601902840000000       2.210840000000000E-003  0.000000000000000E+000
  0.962578080000000       4.977780000000000E-003  0.000000000000000E+000
   4.93676868000000       4.100720000000001E-002  0.000000000000000E+000
   17.6181560400000       0.161224060000000       4.000000000000000E-008
   3.19138704000000       4.252420000000000E-003  1.860000000000000E-006
  0.000000000000000E+000  0.000000000000000E+000  0.000000000000000E+000
  0.000000000000000E+000  0.000000000000000E+000  0.000000000000000E+000
  0.000000000000000E+000  0.000000000000000E+000  0.000000000000000E+000
   10.3147032000000       0.000000000000000E+000  0.000000000000000E+000
   12.4992279600000       7.244319999999999E-003  0.000000000000000E+000
   9.06348336000000       2.217220000000000E-003  0.000000000000000E+000
   9.33986784000000       0.000000000000000E+000  0.000000000000000E+000
   3.95261124000000       0.000000000000000E+000  0.000000000000000E+000
   1.37665752000000       0.000000000000000E+000  0.000000000000000E+000
  0.178146000000000       0.000000000000000E+000  0.000000000000000E+000
  7.199160000000000E-003  0.000000000000000E+000  0.000000000000000E+000
  0.000000000000000E+000  0.000000000000000E+000  0.000000000000000E+000
  0.000000000000000E+000  0.000000000000000E+000  0.000000000000000E+000
   23.3324695200000       1.650506000000000E-002  1.460000000000000E-006
   21.1775522400000       9.353279999999999E-003  0.000000000000000E+000
   22.2776889600000       2.073650000000000E-002  0.000000000000000E+000
   17.0682034800000       1.240418000000000E-002  0.000000000000000E+000
   18.0072120000000       1.273932000000000E-002  0.000000000000000E+000
   8.29530228000000       0.000000000000000E+000  0.000000000000000E+000
  0.887840400000000       0.000000000000000E+000  0.000000000000000E+000
  0.000000000000000E+000  0.000000000000000E+000  0.000000000000000E+000
  0.000000000000000E+000  0.000000000000000E+000  0.000000000000000E+000
  0.000000000000000E+000  0.000000000000000E+000  0.000000000000000E+000
   7.75083948000000       2.283812000000000E-002  0.000000000000000E+000
   8.63883012000000       1.288018000000000E-002  0.000000000000000E+000
   11.4046846800000       1.774307999999999E-002  0.000000000000000E+000
   14.8571196000000       5.152716000000000E-002  0.000000000000000E+000
   22.3557268800000       6.093090000000000E-002  0.000000000000000E+000
   17.8324942800000       1.937014000000000E-002  0.000000000000000E+000
   2.98799796000000       0.000000000000000E+000  0.000000000000000E+000
  7.139520000000000E-003  0.000000000000000E+000  0.000000000000000E+000
  0.000000000000000E+000  0.000000000000000E+000  0.000000000000000E+000
  0.000000000000000E+000  0.000000000000000E+000  0.000000000000000E+000
   14.4471158400000       8.146940000000000E-003  0.000000000000000E+000
   16.0157490000000       1.489448000000000E-002  0.000000000000000E+000
   14.4779583600000       3.669400000000000E-004  0.000000000000000E+000
   17.8378210800000       1.006080000000000E-002  0.000000000000000E+000
   17.9346774000000       7.726700000000000E-003  0.000000000000000E+000
   13.9206432000000       0.000000000000000E+000  0.000000000000000E+000
   2.34229992000000       0.000000000000000E+000  0.000000000000000E+000
  0.000000000000000E+000  0.000000000000000E+000  0.000000000000000E+000
  0.000000000000000E+000  0.000000000000000E+000  0.000000000000000E+000
  3.849468000000000E-002  0.000000000000000E+000  0.000000000000000E+000
