9.980115671462860050e+00
1.000000000000000000e+01
2.706193736410809958e+00
1.000000000000000000e+01
1.000000000000000000e+01
1.000000000000000000e+01
8.525247101939119609e-01
1.000000000000000000e+01
1.000000000000000000e+01
5.055752693012609544e-01
1.000000000000000000e+01
1.000000000000000000e+01
2.181741797223369916e-01
1.000000000000000000e+01
1.000000000000000000e+01
1.000000000000000000e+01
1.000000000000000000e+01
6.379713071328559915e-01
4.508589887429190313e+00
0.000000000000000000e+00
2.796300843768781061e-02
