  6.333372000000001E-002  4.838000000000001E-005  0.000000000000000E+000
  6.563627999999999E-002  5.162000000000001E-005  0.000000000000000E+000
  6.788952000000001E-002  2.236000000000000E-005  0.000000000000000E+000
  6.847031999999999E-002  4.094000000000000E-005  0.000000000000000E+000
  7.639511999999998E-002  2.176000000000001E-005  0.000000000000000E+000
  9.401436000000001E-002  7.466000000000001E-005  0.000000000000000E+000
  0.124014120000000       7.344000000000000E-005  0.000000000000000E+000
  0.168651360000000       2.125000000000000E-004  2.000000000000000E-008
  0.205304400000000       3.063000000000000E-004  7.200000000000000E-007
  0.239901240000000       4.339599999999999E-004  1.060000000000000E-006
  2.687760000000000E-003  0.000000000000000E+000  0.000000000000000E+000
  2.654879999999999E-003  0.000000000000000E+000  0.000000000000000E+000
  3.526560000000000E-003  0.000000000000000E+000  0.000000000000000E+000
  3.417720000000000E-003  0.000000000000000E+000  0.000000000000000E+000
  4.702560000000001E-003  0.000000000000000E+000  0.000000000000000E+000
  8.262719999999999E-003  1.540000000000000E-006  0.000000000000000E+000
  1.983744000000000E-002  4.640000000000000E-006  0.000000000000000E+000
  5.516856000000000E-002  2.370000000000001E-005  0.000000000000000E+000
  0.123204000000000       1.359800000000000E-004  2.000000000000000E-008
  0.204084960000000       3.491800000000000E-004  8.199999999999999E-007
  7.032000000000000E-005  0.000000000000000E+000  0.000000000000000E+000
  5.544000000000000E-005  0.000000000000000E+000  0.000000000000000E+000
  1.347600000000000E-004  0.000000000000000E+000  0.000000000000000E+000
  1.178400000000000E-004  0.000000000000000E+000  0.000000000000000E+000
  2.409600000000000E-004  0.000000000000000E+000  0.000000000000000E+000
  8.100000000000001E-004  0.000000000000000E+000  0.000000000000000E+000
  2.110920000000000E-003  0.000000000000000E+000  0.000000000000000E+000
  1.621260000000000E-002  3.200000000000000E-006  0.000000000000000E+000
  7.004484000000001E-002  2.806000000000000E-005  0.000000000000000E+000
  0.167990280000000       2.373000000000000E-004  0.000000000000000E+000
  0.000000000000000E+000  0.000000000000000E+000  0.000000000000000E+000
  4.560000000000000E-006  0.000000000000000E+000  0.000000000000000E+000
  0.000000000000000E+000  0.000000000000000E+000  0.000000000000000E+000
  2.040000000000000E-006  0.000000000000000E+000  0.000000000000000E+000
  0.000000000000000E+000  0.000000000000000E+000  0.000000000000000E+000
  1.020000000000000E-005  0.000000000000000E+000  0.000000000000000E+000
  4.485600000000001E-004  0.000000000000000E+000  0.000000000000000E+000
  3.971400000000001E-003  0.000000000000000E+000  0.000000000000000E+000
  3.738216000000000E-002  1.848000000000000E-005  0.000000000000000E+000
  0.147616920000000       1.743600000000000E-004  2.480000000000000E-006
  0.000000000000000E+000  0.000000000000000E+000  0.000000000000000E+000
  0.000000000000000E+000  0.000000000000000E+000  0.000000000000000E+000
  0.000000000000000E+000  0.000000000000000E+000  0.000000000000000E+000
  0.000000000000000E+000  0.000000000000000E+000  0.000000000000000E+000
  0.000000000000000E+000  0.000000000000000E+000  0.000000000000000E+000
  1.200000000000000E-007  0.000000000000000E+000  0.000000000000000E+000
  1.320000000000000E-005  0.000000000000000E+000  0.000000000000000E+000
  1.297440000000000E-003  0.000000000000000E+000  0.000000000000000E+000
  1.899912000000000E-002  2.920000000000000E-006  0.000000000000000E+000
  0.120691080000000       1.135600000000000E-004  0.000000000000000E+000
  0.781732080000000       5.048880000000002E-003  1.920000000000000E-006
  0.786608880000000       5.241419999999999E-003  4.100000000000000E-006
  0.789322320000000       4.941780000000002E-003  1.740000000000000E-006
  0.832727040000000       5.710900000000000E-003  4.800000000000001E-007
  0.807266400000000       5.340319999999999E-003  4.020000000000000E-006
  0.848956560000000       5.538519999999999E-003  5.260000000000000E-006
  0.283398360000000       9.011999999999999E-004  4.540000000000000E-006
  3.912959999999999E-002  2.624000000000000E-005  0.000000000000000E+000
  2.883684000000000E-002  2.482000000000000E-005  0.000000000000000E+000
  4.999584000000001E-002  8.332000000000000E-005  5.199999999999999E-006
  7.994520000000001E-002  3.864000000000000E-005  0.000000000000000E+000
  7.361447999999997E-002  8.587999999999998E-005  0.000000000000000E+000
  7.381619999999998E-002  3.357999999999999E-005  0.000000000000000E+000
  8.877624000000001E-002  6.334000000000000E-005  0.000000000000000E+000
  0.105655440000000       1.214600000000000E-004  0.000000000000000E+000
  0.169596120000000       2.637600000000000E-004  0.000000000000000E+000
  0.338178120000000       8.192999999999999E-004  4.600000000000000E-007
  0.622408680000000       3.247219999999999E-003  5.220000000000000E-006
  5.356523999999999E-002  6.074000000000000E-005  0.000000000000000E+000
  2.976696000000000E-002  4.262000000000000E-005  0.000000000000000E+000
  5.022599999999999E-003  0.000000000000000E+000  0.000000000000000E+000
  5.130000000000000E-003  0.000000000000000E+000  0.000000000000000E+000
  3.505560000000000E-003  0.000000000000000E+000  0.000000000000000E+000
  5.075880000000001E-003  0.000000000000000E+000  0.000000000000000E+000
  9.196440000000000E-003  2.120000000000000E-006  0.000000000000000E+000
  1.837872000000000E-002  1.780000000000000E-006  0.000000000000000E+000
  7.356443999999999E-002  6.640000000000000E-005  0.000000000000000E+000
  0.276769800000000       6.659600000000001E-004  0.000000000000000E+000
  0.267299280000000       1.059560000000000E-003  2.000000000000000E-008
  3.847728000000000E-002  3.917999999999999E-005  0.000000000000000E+000
  1.298400000000000E-004  0.000000000000000E+000  0.000000000000000E+000
  1.304400000000000E-004  0.000000000000000E+000  0.000000000000000E+000
  3.960000000000001E-004  0.000000000000000E+000  0.000000000000000E+000
  3.909600000000000E-004  0.000000000000000E+000  0.000000000000000E+000
  4.521599999999999E-004  0.000000000000000E+000  0.000000000000000E+000
  2.225280000000000E-003  0.000000000000000E+000  0.000000000000000E+000
  1.134132000000000E-002  8.000000000000000E-008  0.000000000000000E+000
  9.986016000000002E-002  3.382000000000000E-005  0.000000000000000E+000
  0.490530000000000       1.828259999999999E-003  4.299999999999999E-006
  2.065524000000001E-002  3.400000000000000E-006  0.000000000000000E+000
  7.200000000000000E-007  0.000000000000000E+000  0.000000000000000E+000
  0.000000000000000E+000  0.000000000000000E+000  0.000000000000000E+000
  1.200000000000000E-006  0.000000000000000E+000  0.000000000000000E+000
  5.268000000000000E-005  0.000000000000000E+000  0.000000000000000E+000
  0.000000000000000E+000  0.000000000000000E+000  0.000000000000000E+000
  3.684000000000000E-005  0.000000000000000E+000  0.000000000000000E+000
  1.674840000000000E-003  0.000000000000000E+000  0.000000000000000E+000
  3.254640000000000E-002  1.218000000000000E-005  0.000000000000000E+000
  0.360213240000000       1.040340000000000E-003  9.400000000000001E-007
  3.649572000000000E-002  2.726000000000000E-005  0.000000000000000E+000
   1.52238396000000       1.794768000000000E-002  1.854000000000000E-005
   1.50831000000000       1.849813999999999E-002  1.740000000000000E-006
   1.39328160000000       1.529990000000000E-002  6.420000000000000E-006
   1.12725816000000       1.068962000000000E-002  2.980000000000000E-006
  0.834760200000000       6.604200000000000E-003  4.760000000000000E-006
  0.367713720000000       1.919179999999999E-003  3.880000000000000E-006
  0.170507280000000       3.852400000000000E-004  0.000000000000000E+000
  0.117155040000000       3.098600000000000E-004  0.000000000000000E+000
  0.133302240000000       4.215400000000000E-004  0.000000000000000E+000
  8.889852000000001E-002  1.454600000000000E-004  4.000000000000000E-008
  0.984540840000000       8.591700000000002E-003  0.000000000000000E+000
  0.992129160000000       8.228960000000000E-003  2.600000000000001E-006
  0.988594560000000       8.145339999999999E-003  5.620000000000000E-006
   1.06394196000000       9.247999999999999E-003  2.040000000000000E-006
   1.30399752000000       1.363662000000000E-002  4.000000000000000E-008
   1.57819500000000       2.062034000000000E-002  6.580000000000001E-006
   1.83223452000000       2.689118000000000E-002  1.012000000000000E-005
  0.269844120000000       1.219940000000000E-003  8.000000000000000E-008
  9.986268000000000E-002  1.358600000000000E-004  1.820000000000000E-006
  6.259104000000001E-002  1.296200000000000E-004  0.000000000000000E+000
  0.106841640000000       9.382000000000002E-005  0.000000000000000E+000
  0.112102800000000       1.301000000000000E-004  0.000000000000000E+000
  0.114413760000000       1.558600000000000E-004  0.000000000000000E+000
  0.145054080000000       2.273000000000000E-004  0.000000000000000E+000
  0.192089520000000       2.771000000000001E-004  0.000000000000000E+000
  0.384868680000000       1.403380000000000E-003  2.000000000000000E-008
  0.901384200000000       6.821100000000000E-003  1.460000000000000E-006
   1.42621416000000       1.732256000000000E-002  1.934000000000000E-005
  8.513567999999999E-002  3.045799999999999E-004  8.000000000000000E-008
  6.695808000000000E-002  2.568000000000000E-004  0.000000000000000E+000
  8.026920000000003E-003  0.000000000000000E+000  0.000000000000000E+000
  6.216480000000000E-003  0.000000000000000E+000  0.000000000000000E+000
  8.298479999999999E-003  0.000000000000000E+000  0.000000000000000E+000
  1.363416000000000E-002  0.000000000000000E+000  0.000000000000000E+000
  1.858488000000000E-002  0.000000000000000E+000  0.000000000000000E+000
  5.322600000000000E-002  2.234000000000000E-005  0.000000000000000E+000
  0.245928240000000       4.715000000000000E-004  0.000000000000000E+000
   1.10444748000000       1.009156000000000E-002  8.219999999999999E-006
  0.141961440000000       4.029800000000000E-004  2.460000000000000E-006
  9.645828000000002E-002  2.277200000000000E-004  0.000000000000000E+000
  1.716000000000000E-004  0.000000000000000E+000  0.000000000000000E+000
  3.181200000000000E-004  0.000000000000000E+000  0.000000000000000E+000
  3.709200000000000E-004  0.000000000000000E+000  0.000000000000000E+000
  3.058800000000000E-004  0.000000000000000E+000  0.000000000000000E+000
  8.706000000000002E-004  0.000000000000000E+000  0.000000000000000E+000
  6.310679999999998E-003  0.000000000000000E+000  0.000000000000000E+000
  5.150628000000002E-002  2.282000000000000E-005  0.000000000000000E+000
  0.522265680000000       2.027340000000000E-003  9.400000000000001E-007
  0.244694400000000       9.394400000000002E-004  1.018000000000000E-005
  6.824904000000002E-002  6.938000000000000E-005  0.000000000000000E+000
   1.08575556000000       7.289720000000000E-003  2.740000000000000E-006
   1.11019812000000       6.031040000000000E-003  1.800000000000000E-006
  0.995783519999999       5.909080000000000E-003  1.374000000000000E-005
  0.813996960000000       4.189099999999999E-003  2.000000000000000E-008
  0.676497720000000       3.400820000000001E-003  1.920000000000000E-006
  0.386359080000000       1.205700000000000E-003  4.839999999999999E-006
  0.187832880000000       1.488420000000000E-003  4.840000000000000E-006
  0.212889120000000       4.196199999999999E-004  3.820000000000000E-006
  0.111203880000000       4.795199999999999E-004  1.220000000000000E-006
  0.120409680000000       2.476600000000000E-004  2.000000000000000E-008
   4.57799112000000       0.163833660000000       2.480000000000000E-005
   4.56939312000000       0.171149440000000       1.646000000000000E-005
   4.60155240000000       0.163834320000000       4.114000000000000E-005
   4.40893956000000       0.160655100000000       2.630000000000000E-005
   4.41690984000000       0.149623620000000       2.916000000000000E-005
   3.68881992000000       0.102440740000000       2.358000000000000E-005
   1.55284260000000       1.909050000000000E-002  3.800000000000000E-007
  0.332628840000000       8.690599999999999E-004  2.840000000000000E-006
  0.173036880000000       5.200000000000001E-004  0.000000000000000E+000
  0.124250160000000       6.259600000000002E-004  0.000000000000000E+000
   1.40333676000000       1.536978000000000E-002  0.000000000000000E+000
   1.39487856000000       1.701630000000000E-002  1.140000000000000E-006
   1.51785048000000       1.815144000000000E-002  1.480000000000000E-006
   1.71429312000000       2.494211999999999E-002  5.680000000000001E-006
   2.10847788000000       3.820599999999999E-002  6.280000000000001E-006
   2.91790632000000       7.123572000000000E-002  2.520000000000000E-006
   3.45175596000000       0.100383680000000       2.056000000000000E-005
  0.680656440000000       4.027640000000002E-003  6.620000000000000E-006
  0.141452640000000       2.078400000000000E-004  0.000000000000000E+000
  0.101562960000000       2.270400000000000E-004  0.000000000000000E+000
  0.185083680000000       2.929600000000000E-004  0.000000000000000E+000
  0.171810120000000       2.858800000000000E-004  2.600000000000000E-007
  0.194646840000000       4.420999999999999E-004  0.000000000000000E+000
  0.244493760000000       4.962400000000000E-004  0.000000000000000E+000
  0.386941200000000       1.194880000000000E-003  1.200000000000000E-007
  0.814446960000000       5.834740000000001E-003  9.000000000000001E-007
   2.23721820000000       4.106719999999999E-002  2.460000000000000E-005
   2.19737892000000       3.873763999999999E-002  7.120000000000000E-006
  0.114492600000000       1.478200000000000E-004  0.000000000000000E+000
  8.705603999999999E-002  1.228200000000000E-004  0.000000000000000E+000
  1.498751999999999E-002  0.000000000000000E+000  0.000000000000000E+000
  1.364736000000000E-002  1.700000000000000E-006  0.000000000000000E+000
  1.855823999999999E-002  0.000000000000000E+000  0.000000000000000E+000
  2.339124000000000E-002  6.000000000000001E-008  0.000000000000000E+000
  3.992616000000000E-002  1.800000000000000E-007  0.000000000000000E+000
  0.146999640000000       1.332400000000000E-004  0.000000000000000E+000
  0.772069560000000       4.649100000000001E-003  0.000000000000000E+000
   2.68889988000000       5.687943999999999E-002  3.182000000000000E-005
  0.202685280000000       4.726800000000000E-004  0.000000000000000E+000
  9.588779999999997E-002  8.098000000000001E-005  0.000000000000000E+000
  0.565659240000000       1.744620000000000E-003  4.000000000000000E-008
  0.540371160000000       1.203340000000000E-003  0.000000000000000E+000
  0.492365280000000       1.500680000000000E-003  3.800000000000000E-007
  0.505738920000000       1.554200000000000E-003  4.000000000000000E-008
  0.355392360000000       5.883000000000000E-004  0.000000000000000E+000
  0.223213560000000       2.304400000000000E-004  4.000000000000000E-007
  0.130245000000000       1.453000000000000E-004  0.000000000000000E+000
  8.695524000000000E-002  2.712000000000000E-005  0.000000000000000E+000
  6.416160000000000E-002  8.620000000000000E-006  0.000000000000000E+000
  8.223120000000000E-002  4.630000000000001E-005  0.000000000000000E+000
   4.77676836000000       0.124895220000000       1.462000000000000E-005
   4.37155332000000       0.103301980000000       1.494000000000000E-005
   4.57301232000000       0.104095340000000       1.528000000000000E-005
   3.90475764000000       7.465208000000000E-002  2.556000000000000E-005
   3.40579440000000       5.296483999999998E-002  1.264000000000000E-005
   2.40159444000000       2.879380000000001E-002  2.634000000000001E-005
  0.908978640000000       3.577999999999999E-003  0.000000000000000E+000
  0.132584400000000       2.509600000000000E-004  0.000000000000000E+000
  0.105035280000000       2.469200000000000E-004  0.000000000000000E+000
  7.829651999999998E-002  2.882000000000000E-005  0.000000000000000E+000
   6.83724252000000       0.376670400000000       2.632000000000001E-005
   6.80040660000000       0.369688100000000       5.053999999999999E-005
   6.95385552000000       0.398126740000000       4.301999999999999E-005
   7.12972968000000       0.393101900000000       3.234000000000001E-005
   6.97582140000000       0.370572940000000       3.732000000000000E-005
   6.10793340000000       0.245773100000000       3.465999999999999E-005
   3.23292396000000       5.777972000000000E-002  8.400000000000001E-006
  0.378967200000000       7.523600000000000E-004  2.720000000000000E-006
  0.104997240000000       1.210800000000000E-004  0.000000000000000E+000
  7.404863999999999E-002  1.188000000000000E-005  0.000000000000000E+000
   2.12781516000000       3.532568000000001E-002  1.300000000000000E-006
   2.23959084000000       4.246803999999998E-002  6.160000000000000E-006
   2.26819944000000       4.221436000000001E-002  2.360000000000000E-006
   2.67829224000000       5.604504000000000E-002  2.180000000000000E-006
   3.59919684000000       9.896572000000002E-002  5.640000000000000E-006
   5.19614964000000       0.215652900000000       1.416000000000000E-005
   5.43804468000000       0.219605940000000       2.106000000000000E-005
   1.41536484000000       1.198350000000000E-002  4.560000000000000E-006
  0.184815360000000       4.838400000000000E-004  2.000000000000000E-008
  6.485207999999999E-002  4.382000000000000E-005  0.000000000000000E+000
  0.310564440000000       6.974400000000000E-004  0.000000000000000E+000
  0.288538440000000       8.373600000000001E-004  0.000000000000000E+000
  0.346630680000000       8.837600000000001E-004  0.000000000000000E+000
  0.439855560000000       1.962720000000001E-003  0.000000000000000E+000
  0.718035480000000       3.764640000000000E-003  0.000000000000000E+000
   1.75552428000000       2.419932000000000E-002  2.900000000000000E-006
   4.64212704000000       0.177477580000000       1.848000000000000E-005
   2.84169720000000       5.174434000000001E-002  1.026000000000000E-005
  0.136795200000000       1.960200000000000E-004  0.000000000000000E+000
  8.758535999999997E-002  8.293999999999999E-005  0.000000000000000E+000
  0.277929840000000       2.374600000000000E-004  0.000000000000000E+000
  0.311992080000000       4.989400000000000E-004  0.000000000000000E+000
  0.320715120000000       5.040200000000000E-004  5.400000000000000E-007
  0.228379560000000       2.021400000000000E-004  0.000000000000000E+000
  0.179047560000000       3.132599999999999E-004  0.000000000000000E+000
  0.140054640000000       2.672200000000000E-004  0.000000000000000E+000
  6.267588000000000E-002  2.188000000000000E-005  0.000000000000000E+000
  5.328924000000002E-002  1.138000000000000E-005  0.000000000000000E+000
  3.237588000000000E-002  0.000000000000000E+000  0.000000000000000E+000
  3.006084000000001E-002  1.334400000000000E-004  0.000000000000000E+000
   1.95282900000000       8.764499999999998E-003  0.000000000000000E+000
   1.79179056000000       6.933840000000002E-003  2.440000000000000E-006
   1.83752964000000       9.696240000000000E-003  6.000000000000001E-008
   1.57536816000000       5.654580000000000E-003  7.400000000000000E-007
   1.51282272000000       7.133880000000000E-003  8.000000000000000E-008
  0.947818080000000       3.196720000000000E-003  2.200000000000000E-007
  0.443624280000000       6.586000000000002E-004  2.400000000000000E-007
  0.101171640000000       1.501200000000000E-004  0.000000000000000E+000
  8.207003999999998E-002  6.502000000000000E-005  0.000000000000000E+000
  4.645068000000000E-002  0.000000000000000E+000  0.000000000000000E+000
   6.92295456000000       0.177627700000000       2.674000000000000E-005
   7.01179692000000       0.174774200000000       3.209999999999999E-005
   6.53855136000000       0.166355880000000       7.940000000000000E-006
   5.49485556000000       0.109639200000000       2.684000000000000E-005
   4.70134704000000       7.236524000000001E-002  1.886000000000000E-005
   2.90108256000000       2.531674000000000E-002  1.996000000000001E-005
   1.65953808000000       1.156590000000000E-002  0.000000000000000E+000
  0.379760400000000       4.906200000000000E-004  0.000000000000000E+000
  7.394208000000001E-002  2.583800000000000E-004  0.000000000000000E+000
  4.115052000000000E-002  7.100000000000000E-006  0.000000000000000E+000
   9.42702564000000       0.660371140000000       2.572000000000000E-005
   9.58247076000000       0.679284160000000       5.088000000000001E-005
   9.65465472000000       0.683954760000000       1.704000000000000E-005
   9.80065883999999       0.659843960000000       4.282000000000000E-005
   9.62263332000000       0.588893780000000       1.772000000000000E-005
   7.38768732000000       0.274676520000000       9.780000000000000E-006
   3.49657560000000       4.303398000000000E-002  2.920000000000000E-006
  0.681499680000000       1.807100000000000E-003  0.000000000000000E+000
  8.611187999999999E-002  4.064000000000000E-005  0.000000000000000E+000
  0.112592760000000       4.785999999999999E-005  0.000000000000000E+000
   3.02096580000000       7.344130000000000E-002  6.200000000000000E-007
   3.18364440000000       8.224016000000001E-002  7.020000000000001E-006
   3.40586772000000       9.634537999999999E-002  5.920000000000000E-006
   4.24480884000000       0.150398900000000       6.359999999999999E-006
   5.77142472000000       0.274025120000000       1.942000000000000E-005
   8.46249132000000       0.555685680000000       4.496000000000000E-005
   6.63171396000000       0.233002340000000       8.360000000000001E-006
   1.44302640000000       7.534640000000000E-003  4.800000000000000E-006
  0.120001080000000       2.025200000000000E-004  0.000000000000000E+000
  6.236064000000002E-002  1.792600000000000E-004  0.000000000000000E+000
   1.84684956000000       5.745480000000001E-003  2.600000000000000E-007
   2.29278576000000       7.314820000000001E-003  5.000000000000000E-007
   1.79523036000000       6.102660000000001E-003  3.200000000000001E-007
   1.49505420000000       3.904000000000000E-003  4.000000000000000E-007
   1.29428832000000       7.866240000000000E-003  0.000000000000000E+000
   1.44976932000000       3.383620000000000E-003  7.400000000000000E-007
  0.827930520000000       2.242900000000000E-003  0.000000000000000E+000
  0.125432760000000       1.222600000000000E-004  0.000000000000000E+000
  3.382104000000000E-002  0.000000000000000E+000  0.000000000000000E+000
  2.166840000000000E-002  0.000000000000000E+000  0.000000000000000E+000
   8.73784584000000       0.189173680000000       9.280000000000001E-006
   8.86942020000000       0.197748060000000       1.444000000000000E-005
   8.80937232000000       0.212625620000000       1.338000000000000E-005
   6.83804124000000       0.114824060000000       3.880000000000000E-006
   4.74305820000000       5.792969999999999E-002  1.056000000000000E-005
   2.50385964000000       1.264146000000000E-002  5.059999999999999E-006
   1.72518036000000       4.769680000000001E-003  0.000000000000000E+000
  0.386388600000000       4.708800000000000E-004  0.000000000000000E+000
  6.218135999999999E-002  1.960000000000000E-006  0.000000000000000E+000
  2.044152000000000E-002  0.000000000000000E+000  0.000000000000000E+000
   12.8273031600000        1.02150198000000       1.722000000000000E-005
   12.9977137200000        1.04042170000000       4.137999999999999E-005
   12.8420246400000        1.01079314000000       3.354000000000000E-005
   12.9760688400000       0.950642060000000       2.928000000000000E-005
   12.1990249200000       0.708268720000000       3.386000000000000E-005
   7.55815752000000       0.188840700000000       3.836000000000000E-005
   2.32706184000000       1.007610000000000E-002  4.420000000000000E-006
  0.637547400000000       2.415959999999999E-003  2.600000000000000E-007
  0.189078960000000       4.884000000000000E-005  0.000000000000000E+000
  2.121263999999999E-002  0.000000000000000E+000  0.000000000000000E+000
   11.4300478800000       0.216769800000000       2.640000000000000E-006
   10.5937449600000       0.176926880000000       1.016000000000000E-005
   10.1349283200000       0.169769760000000       6.800000000000000E-006
   8.21547012000000       0.101266800000000       3.020000000000000E-006
   5.79242712000000       4.970314000000001E-002  1.600000000000000E-007
   2.31692172000000       3.035500000000000E-003  4.600000000000000E-007
   1.27927092000000       3.667660000000000E-003  0.000000000000000E+000
  0.279023400000000       4.042399999999999E-004  0.000000000000000E+000
  9.417504000000002E-002  0.000000000000000E+000  0.000000000000000E+000
  0.255355320000000       0.000000000000000E+000  0.000000000000000E+000
