   8.2656852634416078E-002
   10.000000000000000     
   4.0521692896531798     
   9.6883718862018000     
   10.000000000000000     
   10.000000000000000     
   9.8128927303582003     
   9.5621507669957495     
   10.000000000000000     
   10.000000000000000     
   10.000000000000000     
  0.88542013553144805     
  0.18613999421404701     
   10.000000000000000     
   9.6890941717784305     
  0.49771670900676346     
   10.000000000000000     
   4.6447162472282058     
   9.1994487375597078     
   10.000000000000000     
   10.000000000000000     
   9.2604949723561774     
   9.6059356902961746     
   10.000000000000000     
   10.000000000000000     
   10.000000000000000     
  0.91080674258264627     
  0.60195963953969334     
   10.000000000000000     
   9.7201847546005880     
  0.91277656537911089     
   10.000000000000000     
   5.2372632048032317     
   8.7105255889176156     
   10.000000000000000     
   10.000000000000000     
   8.7080972143541544     
   9.6497206135965996     
   10.000000000000000     
   10.000000000000000     
   10.000000000000000     
  0.93619334963384437     
   1.0177792848653395     
   10.000000000000000     
   9.7512753374227437     
   1.3278364217514580     
   10.000000000000000     
   5.8298101623782577     
   8.2216024402755234     
   10.000000000000000     
   10.000000000000000     
   8.1556994563521314     
   9.6935055368970247     
   10.000000000000000     
   10.000000000000000     
   10.000000000000000     
  0.96157995668504259     
   1.4335989301909857     
   10.000000000000000     
   9.7823659202449011     
   1.7428962781238055     
   10.000000000000000     
   6.4223571199532845     
   7.7326792916334322     
   10.000000000000000     
   10.000000000000000     
   7.6033016983501085     
   9.7372904601974497     
   10.000000000000000     
   10.000000000000000     
   10.000000000000000     
  0.98696656373624081     
   1.8494185755166321     
   10.000000000000000     
   9.8134565030670586     
   2.1579561344961529     
   10.000000000000000     
   7.0149040775283105     
   7.2437561429913400     
   10.000000000000000     
   10.000000000000000     
   7.0509039403480855     
   9.7810753834978748     
   10.000000000000000     
   10.000000000000000     
   10.000000000000000     
   1.0123531707874389     
   2.2652382208422783     
   10.000000000000000     
   9.8445470858892143     
   2.5730159908685000     
   10.000000000000000     
   7.6074510351033364     
   6.7548329943492487     
   10.000000000000000     
   10.000000000000000     
   6.4985061823460626     
   9.8248603067982998     
   10.000000000000000     
   10.000000000000000     
   10.000000000000000     
   1.0377397778386372     
   2.6810578661679245     
   10.000000000000000     
   9.8756376687113718     
   2.9880758472408475     
   10.000000000000000     
   8.1999979926783624     
   6.2659098457071565     
   10.000000000000000     
   10.000000000000000     
   5.9461084243440396     
   9.8686452300987249     
   10.000000000000000     
   10.000000000000000     
   10.000000000000000     
   1.0631263848898354     
   3.0968775114935707     
   10.000000000000000     
   9.9067282515335293     
   3.4031357036131951     
   10.000000000000000     
   8.7925449502533883     
   5.7769866970650643     
   10.000000000000000     
   10.000000000000000     
   5.3937106663420158     
   9.9124301533991499     
   10.000000000000000     
   10.000000000000000     
   10.000000000000000     
   1.0885129919410335     
   3.5126971568192173     
   10.000000000000000     
   9.9378188343556868     
   3.8181955599855426     
   10.000000000000000     
   9.3850919078284143     
   5.2880635484229721     
   10.000000000000000     
   10.000000000000000     
   4.8413129083399928     
   9.9562150766995750     
   10.000000000000000     
   10.000000000000000     
   10.000000000000000     
   1.1138995989922318     
   3.9285168021448635     
   10.000000000000000     
   9.9689094171778425     
   4.2332554163578902     
   10.000000000000000     
   9.9776388654034402     
   4.7991403997808799     
   10.000000000000000     
   10.000000000000000     
   4.2889151503379699     
   10.000000000000000     
   10.000000000000000     
   10.000000000000000     
   10.000000000000000     
   1.1392862060434299     
   4.3443364474705097     
   10.000000000000000     
   10.000000000000000     
   4.0351621609360624     
   10.000000000000000     
   9.2372499314013936     
   5.3165300920920302     
   9.9929900876938564     
   10.000000000000000     
   4.8600236353041728     
   9.2568407826677195     
   10.000000000000000     
   10.000000000000000     
   10.000000000000000     
   1.3265855537183708     
   4.1272684789576086     
   10.000000000000000     
   10.000000000000000     
   3.8370689055142342     
   10.000000000000000     
   8.4968609973993487     
   5.8339197844031796     
   9.9859801753877147     
   10.000000000000000     
   5.4311321202703757     
   8.5136815653354390     
   10.000000000000000     
   10.000000000000000     
   10.000000000000000     
   1.5138849013933120     
   3.9102005104447075     
   10.000000000000000     
   10.000000000000000     
   3.6389756500924060     
   10.000000000000000     
   7.7564720633973021     
   6.3513094767143299     
   9.9789702630815711     
   10.000000000000000     
   6.0022406052365787     
   7.7705223480031602     
   10.000000000000000     
   10.000000000000000     
   10.000000000000000     
   1.7011842490682529     
   3.6931325419318068     
   10.000000000000000     
   10.000000000000000     
   3.4408823946705782     
   10.000000000000000     
   7.0160831293952555     
   6.8686991690254793     
   9.9719603507754275     
   10.000000000000000     
   6.5733490902027825     
   7.0273631306708797     
   10.000000000000000     
   10.000000000000000     
   10.000000000000000     
   1.8884835967431939     
   3.4760645734189057     
   10.000000000000000     
   10.000000000000000     
   3.2427891392487500     
   10.000000000000000     
   6.2756941953932106     
   7.3860888613366296     
   9.9649504384692840     
   10.000000000000000     
   7.1444575751689854     
   6.2842039133386001     
   10.000000000000000     
   10.000000000000000     
   10.000000000000000     
   2.0757829444181350     
   3.2589966049060051     
   10.000000000000000     
   10.000000000000000     
   3.0446958838269218     
   10.000000000000000     
   5.5353052613911640     
   7.9034785536477798     
   9.9579405261631422     
   10.000000000000000     
   7.7155660601351883     
   5.5410446960063204     
   10.000000000000000     
   10.000000000000000     
   10.000000000000000     
   2.2630822920930758     
   3.0419286363931040     
   10.000000000000000     
   10.000000000000000     
   2.8466026284050940     
   10.000000000000000     
   4.7949163273891182     
   8.4208682459589284     
   9.9509306138569986     
   10.000000000000000     
   8.2866745451013912     
   4.7978854786740408     
   10.000000000000000     
   10.000000000000000     
   10.000000000000000     
   2.4503816397680169     
   2.8248606678802028     
   10.000000000000000     
   10.000000000000000     
   2.6485093729832658     
   10.000000000000000     
   4.0545273933870716     
   8.9382579382700804     
   9.9439207015508551     
   10.000000000000000     
   8.8577830300675942     
   4.0547262613417594     
   10.000000000000000     
   10.000000000000000     
   10.000000000000000     
   2.6376809874429581     
   2.6077926993673017     
   10.000000000000000     
   10.000000000000000     
   2.4504161175614376     
   10.000000000000000     
   3.3141384593850258     
   9.4556476305812289     
   9.9369107892447133     
   10.000000000000000     
   9.4288915150337971     
   3.3115670440094798     
   10.000000000000000     
   10.000000000000000     
   10.000000000000000     
   2.8249803351178988     
   2.3907247308544006     
   10.000000000000000     
   10.000000000000000     
   2.2523228621396099     
   10.000000000000000     
   2.5737495253829801     
   9.9730373228923792     
   9.9299008769385697     
   10.000000000000000     
   10.000000000000000     
   2.5684078266772001     
   10.000000000000000     
   10.000000000000000     
   10.000000000000000     
   3.0122796827928400     
   2.1736567623415000     
   10.000000000000000     
   10.000000000000000     
   2.0270905759256488     
   9.0000000000000000     
   2.3163745728446821     
   8.9757335906031415     
   8.9369107892447133     
   9.0000000000000000     
   9.0000000000000000     
   2.3115670440094802     
   9.0000000000000000     
   9.0000000000000000     
   9.0000000000000000     
   2.7110517145135562     
   1.9562910861073499     
   9.0000000000000000     
   9.0000000000000000     
   1.8018582897116879     
   8.0000000000000000     
   2.0589996203063841     
   7.9784298583139037     
   7.9439207015508559     
   8.0000000000000000     
   8.0000000000000000     
   2.0547262613417603     
   8.0000000000000000     
   8.0000000000000000     
   8.0000000000000000     
   2.4098237462342720     
   1.7389254098731999     
   8.0000000000000000     
   8.0000000000000000     
   1.5766260034977271     
   7.0000000000000000     
   1.8016246677680861     
   6.9811261260246660     
   6.9509306138569986     
   7.0000000000000000     
   7.0000000000000000     
   1.7978854786740401     
   7.0000000000000000     
   7.0000000000000000     
   7.0000000000000000     
   2.1085957779549878     
   1.5215597336390498     
   7.0000000000000000     
   7.0000000000000000     
   1.3513937172837660     
   6.0000000000000000     
   1.5442497152297880     
   5.9838223937354273     
   5.9579405261631422     
   6.0000000000000000     
   6.0000000000000000     
   1.5410446960063200     
   6.0000000000000000     
   6.0000000000000000     
   6.0000000000000000     
   1.8073678096757040     
   1.3041940574048998     
   6.0000000000000000     
   6.0000000000000000     
   1.1261614310698049     
   5.0000000000000000     
   1.2868747626914900     
   4.9865186614461896     
   4.9649504384692849     
   5.0000000000000000     
   5.0000000000000000     
   1.2842039133386001     
   5.0000000000000000     
   5.0000000000000000     
   5.0000000000000000     
   1.5061398413964200     
   1.0868283811707500     
   5.0000000000000000     
   5.0000000000000000     
  0.90092914485584408     
   4.0000000000000000     
   1.0294998101531920     
   3.9892149291569519     
   3.9719603507754284     
   4.0000000000000000     
   4.0000000000000000     
   1.0273631306708801     
   4.0000000000000000     
   4.0000000000000000     
   4.0000000000000000     
   1.2049118731171360     
  0.86946270493659994     
   4.0000000000000000     
   4.0000000000000000     
  0.67569685864188300     
   3.0000000000000000     
  0.77212485761489424     
   2.9919111968677141     
   2.9789702630815711     
   3.0000000000000000     
   3.0000000000000000     
  0.77052234800316022     
   3.0000000000000000     
   3.0000000000000000     
   3.0000000000000000     
  0.90368390483785221     
  0.65209702870245012     
   3.0000000000000000     
   3.0000000000000000     
  0.45046457242792193     
   2.0000000000000000     
  0.51474990507659601     
   1.9946074645784755     
   1.9859801753877138     
   2.0000000000000000     
   2.0000000000000000     
  0.51368156533543985     
   2.0000000000000000     
   2.0000000000000000     
   2.0000000000000000     
  0.60245593655856799     
  0.43473135246829986     
   2.0000000000000000     
   2.0000000000000000     
  0.22523228621396107     
   1.0000000000000000     
  0.25737495253829801     
  0.99730373228923774     
  0.99299008769385644     
   1.0000000000000000     
   1.0000000000000000     
  0.25684078266771992     
   1.0000000000000000     
   1.0000000000000000     
   1.0000000000000000     
  0.30122796827928378     
  0.21736567623415004     
   1.0000000000000000     
   1.0000000000000000     
   0.0000000000000000     
   0.0000000000000000     
   0.0000000000000000     
   0.0000000000000000     
   0.0000000000000000     
   0.0000000000000000     
   0.0000000000000000     
   0.0000000000000000     
   0.0000000000000000     
   0.0000000000000000     
   0.0000000000000000     
   0.0000000000000000     
   0.0000000000000000     
   0.0000000000000000     
   0.0000000000000000     
   8.2656852634416078E-002
   10.000000000000000     
   4.0521692896531798     
   9.6883718862018000     
   10.000000000000000     
   10.000000000000000     
   9.8128927303582003     
   9.5621507669957495     
   10.000000000000000     
   10.000000000000000     
   10.000000000000000     
  0.88542013553144805     
  0.18613999421404701     
   10.000000000000000     
   9.6890941717784305     
  0.49771670900676346     
   10.000000000000000     
   4.6447162472282058     
   9.1994487375597078     
   10.000000000000000     
   10.000000000000000     
   9.2604949723561774     
   9.6059356902961746     
   10.000000000000000     
   10.000000000000000     
   10.000000000000000     
  0.91080674258264627     
  0.60195963953969334     
   10.000000000000000     
   9.7201847546005880     
  0.91277656537911089     
   10.000000000000000     
   5.2372632048032317     
   8.7105255889176156     
   10.000000000000000     
   10.000000000000000     
   8.7080972143541544     
   9.6497206135965996     
   10.000000000000000     
   10.000000000000000     
   10.000000000000000     
  0.93619334963384437     
   1.0177792848653395     
   10.000000000000000     
   9.7512753374227437     
   1.3278364217514580     
   10.000000000000000     
   5.8298101623782577     
   8.2216024402755234     
   10.000000000000000     
   10.000000000000000     
   8.1556994563521314     
   9.6935055368970247     
   10.000000000000000     
   10.000000000000000     
   10.000000000000000     
  0.96157995668504259     
   1.4335989301909857     
   10.000000000000000     
   9.7823659202449011     
   1.7428962781238055     
   10.000000000000000     
   6.4223571199532845     
   7.7326792916334322     
   10.000000000000000     
   10.000000000000000     
   7.6033016983501085     
   9.7372904601974497     
   10.000000000000000     
   10.000000000000000     
   10.000000000000000     
  0.98696656373624081     
   1.8494185755166321     
   10.000000000000000     
   9.8134565030670586     
   2.1579561344961529     
   10.000000000000000     
   7.0149040775283105     
   7.2437561429913400     
   10.000000000000000     
   10.000000000000000     
   7.0509039403480855     
   9.7810753834978748     
   10.000000000000000     
   10.000000000000000     
   10.000000000000000     
   1.0123531707874389     
   2.2652382208422783     
   10.000000000000000     
   9.8445470858892143     
   2.5730159908685000     
   10.000000000000000     
   7.6074510351033364     
   6.7548329943492487     
   10.000000000000000     
   10.000000000000000     
   6.4985061823460626     
   9.8248603067982998     
   10.000000000000000     
   10.000000000000000     
   10.000000000000000     
   1.0377397778386372     
   2.6810578661679245     
   10.000000000000000     
   9.8756376687113718     
   2.9880758472408475     
   10.000000000000000     
   8.1999979926783624     
   6.2659098457071565     
   10.000000000000000     
   10.000000000000000     
   5.9461084243440396     
   9.8686452300987249     
   10.000000000000000     
   10.000000000000000     
   10.000000000000000     
   1.0631263848898354     
   3.0968775114935707     
   10.000000000000000     
   9.9067282515335293     
   3.4031357036131951     
   10.000000000000000     
   8.7925449502533883     
   5.7769866970650643     
   10.000000000000000     
   10.000000000000000     
   5.3937106663420158     
   9.9124301533991499     
   10.000000000000000     
   10.000000000000000     
   10.000000000000000     
   1.0885129919410335     
   3.5126971568192173     
   10.000000000000000     
   9.9378188343556868     
   3.8181955599855426     
   10.000000000000000     
   9.3850919078284143     
   5.2880635484229721     
   10.000000000000000     
   10.000000000000000     
   4.8413129083399928     
   9.9562150766995750     
   10.000000000000000     
   10.000000000000000     
   10.000000000000000     
   1.1138995989922318     
   3.9285168021448635     
   10.000000000000000     
   9.9689094171778425     
   4.2332554163578902     
   10.000000000000000     
   9.9776388654034402     
   4.7991403997808799     
   10.000000000000000     
   10.000000000000000     
   4.2889151503379699     
   10.000000000000000     
   10.000000000000000     
   10.000000000000000     
   10.000000000000000     
   1.1392862060434299     
   4.3443364474705097     
   10.000000000000000     
   10.000000000000000     
   4.0351621609360624     
   10.000000000000000     
   9.2372499314013936     
   5.3165300920920302     
   9.9929900876938564     
   10.000000000000000     
   4.8600236353041728     
   9.2568407826677195     
   10.000000000000000     
   10.000000000000000     
   10.000000000000000     
   1.3265855537183708     
   4.1272684789576086     
   10.000000000000000     
   10.000000000000000     
   3.8370689055142342     
   10.000000000000000     
   8.4968609973993487     
   5.8339197844031796     
   9.9859801753877147     
   10.000000000000000     
   5.4311321202703757     
   8.5136815653354390     
   10.000000000000000     
   10.000000000000000     
   10.000000000000000     
   1.5138849013933120     
   3.9102005104447075     
   10.000000000000000     
   10.000000000000000     
   3.6389756500924060     
   10.000000000000000     
   7.7564720633973021     
   6.3513094767143299     
   9.9789702630815711     
   10.000000000000000     
   6.0022406052365787     
   7.7705223480031602     
   10.000000000000000     
   10.000000000000000     
   10.000000000000000     
   1.7011842490682529     
   3.6931325419318068     
   10.000000000000000     
   10.000000000000000     
   3.4408823946705782     
   10.000000000000000     
   7.0160831293952555     
   6.8686991690254793     
   9.9719603507754275     
   10.000000000000000     
   6.5733490902027825     
   7.0273631306708797     
   10.000000000000000     
   10.000000000000000     
   10.000000000000000     
   1.8884835967431939     
   3.4760645734189057     
   10.000000000000000     
   10.000000000000000     
   3.2427891392487500     
   10.000000000000000     
   6.2756941953932106     
   7.3860888613366296     
   9.9649504384692840     
   10.000000000000000     
   7.1444575751689854     
   6.2842039133386001     
   10.000000000000000     
   10.000000000000000     
   10.000000000000000     
   2.0757829444181350     
   3.2589966049060051     
   10.000000000000000     
   10.000000000000000     
   3.0446958838269218     
   10.000000000000000     
   5.5353052613911640     
   7.9034785536477798     
   9.9579405261631422     
   10.000000000000000     
   7.7155660601351883     
   5.5410446960063204     
   10.000000000000000     
   10.000000000000000     
   10.000000000000000     
   2.2630822920930758     
   3.0419286363931040     
   10.000000000000000     
   10.000000000000000     
   2.8466026284050940     
   10.000000000000000     
   4.7949163273891182     
   8.4208682459589284     
   9.9509306138569986     
   10.000000000000000     
   8.2866745451013912     
   4.7978854786740408     
   10.000000000000000     
   10.000000000000000     
   10.000000000000000     
   2.4503816397680169     
   2.8248606678802028     
   10.000000000000000     
   10.000000000000000     
   2.6485093729832658     
   10.000000000000000     
   4.0545273933870716     
   8.9382579382700804     
   9.9439207015508551     
   10.000000000000000     
   8.8577830300675942     
   4.0547262613417594     
   10.000000000000000     
   10.000000000000000     
   10.000000000000000     
   2.6376809874429581     
   2.6077926993673017     
   10.000000000000000     
   10.000000000000000     
   2.4504161175614376     
   10.000000000000000     
   3.3141384593850258     
   9.4556476305812289     
   9.9369107892447133     
   10.000000000000000     
   9.4288915150337971     
   3.3115670440094798     
   10.000000000000000     
   10.000000000000000     
   10.000000000000000     
   2.8249803351178988     
   2.3907247308544006     
   10.000000000000000     
   10.000000000000000     
   2.2523228621396099     
   10.000000000000000     
   2.5737495253829801     
   9.9730373228923792     
   9.9299008769385697     
   10.000000000000000     
   10.000000000000000     
   2.5684078266772001     
   10.000000000000000     
   10.000000000000000     
   10.000000000000000     
   3.0122796827928400     
   2.1736567623415000     
   10.000000000000000     
   10.000000000000000     
   2.0270905759256488     
   9.0000000000000000     
   2.3163745728446821     
   8.9757335906031415     
   8.9369107892447133     
   9.0000000000000000     
   9.0000000000000000     
   2.3115670440094802     
   9.0000000000000000     
   9.0000000000000000     
   9.0000000000000000     
   2.7110517145135562     
   1.9562910861073499     
   9.0000000000000000     
   9.0000000000000000     
   1.8018582897116879     
   8.0000000000000000     
   2.0589996203063841     
   7.9784298583139037     
   7.9439207015508559     
   8.0000000000000000     
   8.0000000000000000     
   2.0547262613417603     
   8.0000000000000000     
   8.0000000000000000     
   8.0000000000000000     
   2.4098237462342720     
   1.7389254098731999     
   8.0000000000000000     
   8.0000000000000000     
   1.5766260034977271     
   7.0000000000000000     
   1.8016246677680861     
   6.9811261260246660     
   6.9509306138569986     
   7.0000000000000000     
   7.0000000000000000     
   1.7978854786740401     
   7.0000000000000000     
   7.0000000000000000     
   7.0000000000000000     
   2.1085957779549878     
   1.5215597336390498     
   7.0000000000000000     
   7.0000000000000000     
   1.3513937172837660     
   6.0000000000000000     
   1.5442497152297880     
   5.9838223937354273     
   5.9579405261631422     
   6.0000000000000000     
   6.0000000000000000     
   1.5410446960063200     
   6.0000000000000000     
   6.0000000000000000     
   6.0000000000000000     
   1.8073678096757040     
   1.3041940574048998     
   6.0000000000000000     
   6.0000000000000000     
   1.1261614310698049     
   5.0000000000000000     
   1.2868747626914900     
   4.9865186614461896     
   4.9649504384692849     
   5.0000000000000000     
   5.0000000000000000     
   1.2842039133386001     
   5.0000000000000000     
   5.0000000000000000     
   5.0000000000000000     
   1.5061398413964200     
   1.0868283811707500     
   5.0000000000000000     
   5.0000000000000000     
  0.90092914485584408     
   4.0000000000000000     
   1.0294998101531920     
   3.9892149291569519     
   3.9719603507754284     
   4.0000000000000000     
   4.0000000000000000     
   1.0273631306708801     
   4.0000000000000000     
   4.0000000000000000     
   4.0000000000000000     
   1.2049118731171360     
  0.86946270493659994     
   4.0000000000000000     
   4.0000000000000000     
  0.67569685864188300     
   3.0000000000000000     
  0.77212485761489424     
   2.9919111968677141     
   2.9789702630815711     
   3.0000000000000000     
   3.0000000000000000     
  0.77052234800316022     
   3.0000000000000000     
   3.0000000000000000     
   3.0000000000000000     
  0.90368390483785221     
  0.65209702870245012     
   3.0000000000000000     
   3.0000000000000000     
  0.45046457242792193     
   2.0000000000000000     
  0.51474990507659601     
   1.9946074645784755     
   1.9859801753877138     
   2.0000000000000000     
   2.0000000000000000     
  0.51368156533543985     
   2.0000000000000000     
   2.0000000000000000     
   2.0000000000000000     
  0.60245593655856799     
  0.43473135246829986     
   2.0000000000000000     
   2.0000000000000000     
  0.22523228621396107     
   1.0000000000000000     
  0.25737495253829801     
  0.99730373228923774     
  0.99299008769385644     
   1.0000000000000000     
   1.0000000000000000     
  0.25684078266771992     
   1.0000000000000000     
   1.0000000000000000     
   1.0000000000000000     
  0.30122796827928378     
  0.21736567623415004     
   1.0000000000000000     
   1.0000000000000000     
   0.0000000000000000     
   0.0000000000000000     
   0.0000000000000000     
   0.0000000000000000     
   0.0000000000000000     
   0.0000000000000000     
   0.0000000000000000     
   0.0000000000000000     
   0.0000000000000000     
   0.0000000000000000     
   0.0000000000000000     
   0.0000000000000000     
   0.0000000000000000     
   0.0000000000000000     
   0.0000000000000000     
   8.2656852634416078E-002
   10.000000000000000     
   4.0521692896531798     
   9.6883718862018000     
   10.000000000000000     
   10.000000000000000     
   9.8128927303582003     
   9.5621507669957495     
   10.000000000000000     
   10.000000000000000     
   10.000000000000000     
  0.88542013553144805     
  0.18613999421404701     
   10.000000000000000     
   9.6890941717784305     
  0.49771670900676346     
   10.000000000000000     
   4.6447162472282058     
   9.1994487375597078     
   10.000000000000000     
   10.000000000000000     
   9.2604949723561774     
   9.6059356902961746     
   10.000000000000000     
   10.000000000000000     
   10.000000000000000     
  0.91080674258264627     
  0.60195963953969334     
   10.000000000000000     
   9.7201847546005880     
  0.91277656537911089     
   10.000000000000000     
   5.2372632048032317     
   8.7105255889176156     
   10.000000000000000     
   10.000000000000000     
   8.7080972143541544     
   9.6497206135965996     
   10.000000000000000     
   10.000000000000000     
   10.000000000000000     
  0.93619334963384437     
   1.0177792848653395     
   10.000000000000000     
   9.7512753374227437     
   1.3278364217514580     
   10.000000000000000     
   5.8298101623782577     
   8.2216024402755234     
   10.000000000000000     
   10.000000000000000     
   8.1556994563521314     
   9.6935055368970247     
   10.000000000000000     
   10.000000000000000     
   10.000000000000000     
  0.96157995668504259     
   1.4335989301909857     
   10.000000000000000     
   9.7823659202449011     
   1.7428962781238055     
   10.000000000000000     
   6.4223571199532845     
   7.7326792916334322     
   10.000000000000000     
   10.000000000000000     
   7.6033016983501085     
   9.7372904601974497     
   10.000000000000000     
   10.000000000000000     
   10.000000000000000     
  0.98696656373624081     
   1.8494185755166321     
   10.000000000000000     
   9.8134565030670586     
   2.1579561344961529     
   10.000000000000000     
   7.0149040775283105     
   7.2437561429913400     
   10.000000000000000     
   10.000000000000000     
   7.0509039403480855     
   9.7810753834978748     
   10.000000000000000     
   10.000000000000000     
   10.000000000000000     
   1.0123531707874389     
   2.2652382208422783     
   10.000000000000000     
   9.8445470858892143     
   2.5730159908685000     
   10.000000000000000     
   7.6074510351033364     
   6.7548329943492487     
   10.000000000000000     
   10.000000000000000     
   6.4985061823460626     
   9.8248603067982998     
   10.000000000000000     
   10.000000000000000     
   10.000000000000000     
   1.0377397778386372     
   2.6810578661679245     
   10.000000000000000     
   9.8756376687113718     
   2.9880758472408475     
   10.000000000000000     
   8.1999979926783624     
   6.2659098457071565     
   10.000000000000000     
   10.000000000000000     
   5.9461084243440396     
   9.8686452300987249     
   10.000000000000000     
   10.000000000000000     
   10.000000000000000     
   1.0631263848898354     
   3.0968775114935707     
   10.000000000000000     
   9.9067282515335293     
   3.4031357036131951     
   10.000000000000000     
   8.7925449502533883     
   5.7769866970650643     
   10.000000000000000     
   10.000000000000000     
   5.3937106663420158     
   9.9124301533991499     
   10.000000000000000     
   10.000000000000000     
   10.000000000000000     
   1.0885129919410335     
   3.5126971568192173     
   10.000000000000000     
   9.9378188343556868     
   3.8181955599855426     
   10.000000000000000     
   9.3850919078284143     
   5.2880635484229721     
   10.000000000000000     
   10.000000000000000     
   4.8413129083399928     
   9.9562150766995750     
   10.000000000000000     
   10.000000000000000     
   10.000000000000000     
   1.1138995989922318     
   3.9285168021448635     
   10.000000000000000     
   9.9689094171778425     
   4.2332554163578902     
   10.000000000000000     
   9.9776388654034402     
   4.7991403997808799     
   10.000000000000000     
   10.000000000000000     
   4.2889151503379699     
   10.000000000000000     
   10.000000000000000     
   10.000000000000000     
   10.000000000000000     
   1.1392862060434299     
   4.3443364474705097     
   10.000000000000000     
   10.000000000000000     
   4.0351621609360624     
   10.000000000000000     
   9.2372499314013936     
   5.3165300920920302     
   9.9929900876938564     
   10.000000000000000     
   4.8600236353041728     
   9.2568407826677195     
   10.000000000000000     
   10.000000000000000     
   10.000000000000000     
   1.3265855537183708     
   4.1272684789576086     
   10.000000000000000     
   10.000000000000000     
   3.8370689055142342     
   10.000000000000000     
   8.4968609973993487     
   5.8339197844031796     
   9.9859801753877147     
   10.000000000000000     
   5.4311321202703757     
   8.5136815653354390     
   10.000000000000000     
   10.000000000000000     
   10.000000000000000     
   1.5138849013933120     
   3.9102005104447075     
   10.000000000000000     
   10.000000000000000     
   3.6389756500924060     
   10.000000000000000     
   7.7564720633973021     
   6.3513094767143299     
   9.9789702630815711     
   10.000000000000000     
   6.0022406052365787     
   7.7705223480031602     
   10.000000000000000     
   10.000000000000000     
   10.000000000000000     
   1.7011842490682529     
   3.6931325419318068     
   10.000000000000000     
   10.000000000000000     
   3.4408823946705782     
   10.000000000000000     
   7.0160831293952555     
   6.8686991690254793     
   9.9719603507754275     
   10.000000000000000     
   6.5733490902027825     
   7.0273631306708797     
   10.000000000000000     
   10.000000000000000     
   10.000000000000000     
   1.8884835967431939     
   3.4760645734189057     
   10.000000000000000     
   10.000000000000000     
   3.2427891392487500     
   10.000000000000000     
   6.2756941953932106     
   7.3860888613366296     
   9.9649504384692840     
   10.000000000000000     
   7.1444575751689854     
   6.2842039133386001     
   10.000000000000000     
   10.000000000000000     
   10.000000000000000     
   2.0757829444181350     
   3.2589966049060051     
   10.000000000000000     
   10.000000000000000     
   3.0446958838269218     
   10.000000000000000     
   5.5353052613911640     
   7.9034785536477798     
   9.9579405261631422     
   10.000000000000000     
   7.7155660601351883     
   5.5410446960063204     
   10.000000000000000     
   10.000000000000000     
   10.000000000000000     
   2.2630822920930758     
   3.0419286363931040     
   10.000000000000000     
   10.000000000000000     
   2.8466026284050940     
   10.000000000000000     
   4.7949163273891182     
   8.4208682459589284     
   9.9509306138569986     
   10.000000000000000     
   8.2866745451013912     
   4.7978854786740408     
   10.000000000000000     
   10.000000000000000     
   10.000000000000000     
   2.4503816397680169     
   2.8248606678802028     
   10.000000000000000     
   10.000000000000000     
   2.6485093729832658     
   10.000000000000000     
   4.0545273933870716     
   8.9382579382700804     
   9.9439207015508551     
   10.000000000000000     
   8.8577830300675942     
   4.0547262613417594     
   10.000000000000000     
   10.000000000000000     
   10.000000000000000     
   2.6376809874429581     
   2.6077926993673017     
   10.000000000000000     
   10.000000000000000     
   2.4504161175614376     
   10.000000000000000     
   3.3141384593850258     
   9.4556476305812289     
   9.9369107892447133     
   10.000000000000000     
   9.4288915150337971     
   3.3115670440094798     
   10.000000000000000     
   10.000000000000000     
   10.000000000000000     
   2.8249803351178988     
   2.3907247308544006     
   10.000000000000000     
   10.000000000000000     
   2.2523228621396099     
   10.000000000000000     
   2.5737495253829801     
   9.9730373228923792     
   9.9299008769385697     
   10.000000000000000     
   10.000000000000000     
   2.5684078266772001     
   10.000000000000000     
   10.000000000000000     
   10.000000000000000     
   3.0122796827928400     
   2.1736567623415000     
   10.000000000000000     
   10.000000000000000     
   2.0270905759256488     
   9.0000000000000000     
   2.3163745728446821     
   8.9757335906031415     
   8.9369107892447133     
   9.0000000000000000     
   9.0000000000000000     
   2.3115670440094802     
   9.0000000000000000     
   9.0000000000000000     
   9.0000000000000000     
   2.7110517145135562     
   1.9562910861073499     
   9.0000000000000000     
   9.0000000000000000     
   1.8018582897116879     
   8.0000000000000000     
   2.0589996203063841     
   7.9784298583139037     
   7.9439207015508559     
   8.0000000000000000     
   8.0000000000000000     
   2.0547262613417603     
   8.0000000000000000     
   8.0000000000000000     
   8.0000000000000000     
   2.4098237462342720     
   1.7389254098731999     
   8.0000000000000000     
   8.0000000000000000     
   1.5766260034977271     
   7.0000000000000000     
   1.8016246677680861     
   6.9811261260246660     
   6.9509306138569986     
   7.0000000000000000     
   7.0000000000000000     
   1.7978854786740401     
   7.0000000000000000     
   7.0000000000000000     
   7.0000000000000000     
   2.1085957779549878     
   1.5215597336390498     
   7.0000000000000000     
   7.0000000000000000     
   1.3513937172837660     
   6.0000000000000000     
   1.5442497152297880     
   5.9838223937354273     
   5.9579405261631422     
   6.0000000000000000     
   6.0000000000000000     
   1.5410446960063200     
   6.0000000000000000     
   6.0000000000000000     
   6.0000000000000000     
   1.8073678096757040     
   1.3041940574048998     
   6.0000000000000000     
   6.0000000000000000     
   1.1261614310698049     
   5.0000000000000000     
   1.2868747626914900     
   4.9865186614461896     
   4.9649504384692849     
   5.0000000000000000     
   5.0000000000000000     
   1.2842039133386001     
   5.0000000000000000     
   5.0000000000000000     
   5.0000000000000000     
   1.5061398413964200     
   1.0868283811707500     
   5.0000000000000000     
   5.0000000000000000     
  0.90092914485584408     
   4.0000000000000000     
   1.0294998101531920     
   3.9892149291569519     
   3.9719603507754284     
   4.0000000000000000     
   4.0000000000000000     
   1.0273631306708801     
   4.0000000000000000     
   4.0000000000000000     
   4.0000000000000000     
   1.2049118731171360     
  0.86946270493659994     
   4.0000000000000000     
   4.0000000000000000     
  0.67569685864188300     
   3.0000000000000000     
  0.77212485761489424     
   2.9919111968677141     
   2.9789702630815711     
   3.0000000000000000     
   3.0000000000000000     
  0.77052234800316022     
   3.0000000000000000     
   3.0000000000000000     
   3.0000000000000000     
  0.90368390483785221     
  0.65209702870245012     
   3.0000000000000000     
   3.0000000000000000     
  0.45046457242792193     
   2.0000000000000000     
  0.51474990507659601     
   1.9946074645784755     
   1.9859801753877138     
   2.0000000000000000     
   2.0000000000000000     
  0.51368156533543985     
   2.0000000000000000     
   2.0000000000000000     
   2.0000000000000000     
  0.60245593655856799     
  0.43473135246829986     
   2.0000000000000000     
   2.0000000000000000     
  0.22523228621396107     
   1.0000000000000000     
  0.25737495253829801     
  0.99730373228923774     
  0.99299008769385644     
   1.0000000000000000     
   1.0000000000000000     
  0.25684078266771992     
   1.0000000000000000     
   1.0000000000000000     
   1.0000000000000000     
  0.30122796827928378     
  0.21736567623415004     
   1.0000000000000000     
   1.0000000000000000     
   0.0000000000000000     
   0.0000000000000000     
   0.0000000000000000     
   0.0000000000000000     
   0.0000000000000000     
   0.0000000000000000     
   0.0000000000000000     
   0.0000000000000000     
   0.0000000000000000     
   0.0000000000000000     
   0.0000000000000000     
   0.0000000000000000     
   0.0000000000000000     
   0.0000000000000000     
   0.0000000000000000     
