       0.2594E+00       0.3172E+00       0.3599E-01       0.3613E-01
       0.2483E+00       0.3362E+00       0.3542E-01       0.3476E-01
       0.2381E+00       0.3716E+00       0.3476E-01       0.3401E-01
       0.2360E+00       0.3796E+00       0.3417E-01       0.3330E-01
       0.2380E+00       0.3755E+00       0.3420E-01       0.3274E-01
       0.2398E+00       0.3688E+00       0.3396E-01       0.3177E-01
       0.2507E+00       0.3348E+00       0.3371E-01       0.3095E-01
       0.2627E+00       0.3168E+00       0.3461E-01       0.3099E-01
       0.2707E+00       0.2812E+00       0.3510E-01       0.3026E-01
       0.2844E+00       0.2586E+00       0.3495E-01       0.2941E-01
       0.2903E+00       0.2495E+00       0.3587E-01       0.2937E-01
       0.2878E+00       0.2545E+00       0.3459E-01       0.2903E-01
       0.2901E+00       0.2487E+00       0.3381E-01       0.2903E-01
       0.2807E+00       0.2523E+00       0.3185E-01       0.2827E-01
       0.2730E+00       0.2469E+00       0.3119E-01       0.2719E-01
       0.2761E+00       0.2434E+00       0.3166E-01       0.2792E-01
       0.2801E+00       0.2155E+00       0.3189E-01       0.2642E-01
       0.2772E+00       0.1885E+00       0.3060E-01       0.2422E-01
       0.2776E+00       0.1610E+00       0.2972E-01       0.2172E-01
       0.2711E+00       0.1428E+00       0.2811E-01       0.1897E-01
       0.2559E+00       0.1260E+00       0.2666E-01       0.1613E-01
       0.1339E+00       0.5035E-01       0.1093E-01       0.6828E-02
       0.3701E-01       0.9598E-02       0.2224E-02       0.1311E-02
       0.4498E-02       0.1010E-02       0.2070E-03       0.1134E-03
       0.3371E-03       0.5721E-04       0.9488E-05       0.4300E-05
       0.2262E-05       0.2500E-07       0.0000E+00       0.0000E+00
       0.0000E+00       0.0000E+00       0.0000E+00       0.0000E+00
       0.0000E+00       0.0000E+00       0.0000E+00       0.0000E+00
       0.0000E+00       0.0000E+00       0.0000E+00       0.0000E+00
       0.0000E+00       0.0000E+00       0.0000E+00       0.0000E+00
       0.0000E+00       0.0000E+00       0.0000E+00       0.0000E+00
       0.2587E+00       0.3104E+00       0.3600E-01       0.3573E-01
       0.2515E+00       0.3409E+00       0.3562E-01       0.3526E-01
       0.2389E+00       0.3678E+00       0.3468E-01       0.3418E-01
       0.2342E+00       0.3832E+00       0.3435E-01       0.3339E-01
       0.2357E+00       0.3819E+00       0.3419E-01       0.3272E-01
       0.2384E+00       0.3704E+00       0.3390E-01       0.3208E-01
       0.2488E+00       0.3532E+00       0.3525E-01       0.3209E-01
       0.2640E+00       0.3147E+00       0.3488E-01       0.3102E-01
       0.2729E+00       0.2780E+00       0.3457E-01       0.2984E-01
       0.2835E+00       0.2516E+00       0.3461E-01       0.2868E-01
       0.2873E+00       0.2441E+00       0.3561E-01       0.2894E-01
       0.2937E+00       0.2505E+00       0.3509E-01       0.2912E-01
       0.2867E+00       0.2483E+00       0.3306E-01       0.2827E-01
       0.2837E+00       0.2584E+00       0.3320E-01       0.2922E-01
       0.2763E+00       0.2506E+00       0.3220E-01       0.2875E-01
       0.2789E+00       0.2435E+00       0.3225E-01       0.2828E-01
       0.2757E+00       0.2149E+00       0.3088E-01       0.2611E-01
       0.2792E+00       0.1884E+00       0.3117E-01       0.2434E-01
       0.2787E+00       0.1640E+00       0.3059E-01       0.2169E-01
       0.2717E+00       0.1435E+00       0.2859E-01       0.1881E-01
       0.2586E+00       0.1255E+00       0.2614E-01       0.1603E-01
       0.1360E+00       0.5229E-01       0.1155E-01       0.6866E-02
       0.3913E-01       0.1102E-01       0.2444E-02       0.1463E-02
       0.5472E-02       0.1179E-02       0.2322E-03       0.1390E-03
       0.2990E-03       0.4104E-04       0.1330E-04       0.1200E-05
       0.8438E-05       0.0000E+00       0.0000E+00       0.0000E+00
       0.0000E+00       0.0000E+00       0.0000E+00       0.0000E+00
       0.0000E+00       0.0000E+00       0.0000E+00       0.0000E+00
       0.0000E+00       0.0000E+00       0.0000E+00       0.0000E+00
       0.0000E+00       0.0000E+00       0.0000E+00       0.0000E+00
       0.0000E+00       0.0000E+00       0.0000E+00       0.0000E+00
       0.2609E+00       0.3062E+00       0.3584E-01       0.3527E-01
       0.2465E+00       0.3426E+00       0.3456E-01       0.3449E-01
       0.2438E+00       0.3690E+00       0.3541E-01       0.3498E-01
       0.2350E+00       0.3917E+00       0.3496E-01       0.3390E-01
       0.2331E+00       0.3789E+00       0.3365E-01       0.3211E-01
       0.2393E+00       0.3645E+00       0.3365E-01       0.3171E-01
       0.2491E+00       0.3453E+00       0.3454E-01       0.3166E-01
       0.2631E+00       0.3095E+00       0.3428E-01       0.3037E-01
       0.2764E+00       0.2766E+00       0.3451E-01       0.3000E-01
       0.2811E+00       0.2570E+00       0.3491E-01       0.2932E-01
       0.2839E+00       0.2552E+00       0.3566E-01       0.2953E-01
       0.2878E+00       0.2453E+00       0.3378E-01       0.2838E-01
       0.2886E+00       0.2544E+00       0.3372E-01       0.2913E-01
       0.2816E+00       0.2558E+00       0.3244E-01       0.2836E-01
       0.2779E+00       0.2528E+00       0.3201E-01       0.2859E-01
       0.2755E+00       0.2346E+00       0.3149E-01       0.2791E-01
       0.2825E+00       0.2167E+00       0.3152E-01       0.2625E-01
       0.2780E+00       0.1866E+00       0.3098E-01       0.2412E-01
       0.2793E+00       0.1688E+00       0.3054E-01       0.2225E-01
       0.2731E+00       0.1416E+00       0.2850E-01       0.1894E-01
       0.2558E+00       0.1213E+00       0.2536E-01       0.1552E-01
       0.1370E+00       0.5311E-01       0.1141E-01       0.6886E-02
       0.3923E-01       0.1074E-01       0.2491E-02       0.1493E-02
       0.4934E-02       0.1039E-02       0.2185E-03       0.1088E-03
       0.2509E-03       0.5474E-04       0.9975E-05       0.3375E-06
       0.4400E-05       0.0000E+00       0.0000E+00       0.0000E+00
       0.0000E+00       0.0000E+00       0.0000E+00       0.0000E+00
       0.0000E+00       0.0000E+00       0.0000E+00       0.0000E+00
       0.0000E+00       0.0000E+00       0.0000E+00       0.0000E+00
       0.0000E+00       0.0000E+00       0.0000E+00       0.0000E+00
       0.0000E+00       0.0000E+00       0.0000E+00       0.0000E+00
