  6.216599999999999E-002  3.691999999999999E-005  6.200000000000000E-007
  6.349392000000000E-002  5.394000000000000E-005  1.200000000000000E-007
  6.593892000000000E-002  1.090000000000000E-005  0.000000000000000E+000
  7.262879999999999E-002  4.905999999999999E-005  0.000000000000000E+000
  8.134667999999999E-002  4.222000000000001E-005  0.000000000000000E+000
  9.767724000000001E-002  7.131999999999999E-005  0.000000000000000E+000
  0.123769320000000       1.261600000000000E-004  2.600000000000000E-007
  0.168798960000000       2.172000000000001E-004  3.000000000000000E-007
  0.208765920000000       3.201600000000001E-004  1.240000000000000E-006
  0.230307840000000       4.633999999999999E-004  1.700000000000000E-006
  2.608800000000000E-003  0.000000000000000E+000  0.000000000000000E+000
  2.297760000000000E-003  0.000000000000000E+000  0.000000000000000E+000
  2.981640000000000E-003  0.000000000000000E+000  0.000000000000000E+000
  3.298080000000001E-003  3.400000000000000E-007  0.000000000000000E+000
  5.093520000000002E-003  0.000000000000000E+000  0.000000000000000E+000
  8.760240000000001E-003  2.000000000000000E-008  0.000000000000000E+000
  1.874064000000000E-002  6.000000000000001E-008  0.000000000000000E+000
  5.358636000000001E-002  3.472000000000000E-005  0.000000000000000E+000
  0.117708120000000       1.074200000000000E-004  0.000000000000000E+000
  0.199233960000000       3.401800000000000E-004  9.200000000000000E-007
  1.324800000000000E-004  0.000000000000000E+000  0.000000000000000E+000
  1.160400000000000E-004  0.000000000000000E+000  0.000000000000000E+000
  5.639999999999999E-005  0.000000000000000E+000  0.000000000000000E+000
  1.491600000000000E-004  0.000000000000000E+000  0.000000000000000E+000
  2.389200000000000E-004  0.000000000000000E+000  0.000000000000000E+000
  3.968400000000000E-004  0.000000000000000E+000  0.000000000000000E+000
  1.913040000000001E-003  0.000000000000000E+000  0.000000000000000E+000
  1.541832000000000E-002  4.000000000000000E-008  0.000000000000000E+000
  7.053108000000000E-002  3.754000000000000E-005  0.000000000000000E+000
  0.165702600000000       2.413200000000000E-004  4.000000000000000E-008
  1.332000000000000E-005  0.000000000000000E+000  0.000000000000000E+000
  0.000000000000000E+000  0.000000000000000E+000  0.000000000000000E+000
  0.000000000000000E+000  0.000000000000000E+000  0.000000000000000E+000
  0.000000000000000E+000  0.000000000000000E+000  0.000000000000000E+000
  0.000000000000000E+000  0.000000000000000E+000  0.000000000000000E+000
  4.236000000000000E-005  0.000000000000000E+000  0.000000000000000E+000
  1.288800000000000E-004  0.000000000000000E+000  0.000000000000000E+000
  3.948959999999999E-003  0.000000000000000E+000  0.000000000000000E+000
  4.124039999999999E-002  6.479999999999999E-006  0.000000000000000E+000
  0.136953120000000       1.616200000000001E-004  0.000000000000000E+000
  0.000000000000000E+000  0.000000000000000E+000  0.000000000000000E+000
  0.000000000000000E+000  0.000000000000000E+000  0.000000000000000E+000
  0.000000000000000E+000  0.000000000000000E+000  0.000000000000000E+000
  0.000000000000000E+000  0.000000000000000E+000  0.000000000000000E+000
  4.560000000000000E-006  0.000000000000000E+000  0.000000000000000E+000
  1.800000000000000E-006  0.000000000000000E+000  0.000000000000000E+000
  3.828000000000001E-005  0.000000000000000E+000  0.000000000000000E+000
  7.068000000000000E-004  0.000000000000000E+000  0.000000000000000E+000
  1.990236000000000E-002  8.280000000000000E-006  0.000000000000000E+000
  0.115932720000000       1.003200000000000E-004  0.000000000000000E+000
  0.774243360000000       5.103780000000003E-003  3.860000000000000E-006
  0.769254480000000       4.790779999999999E-003  4.700000000000000E-006
  0.777169440000000       4.556580000000000E-003  2.600000000000000E-007
  0.810472200000000       5.432480000000001E-003  3.780000000000000E-006
  0.845290800000000       5.913059999999999E-003  6.079999999999999E-006
  0.829645680000000       5.880619999999998E-003  1.792000000000000E-005
  0.224853360000000       5.263400000000000E-004  1.040000000000000E-006
  5.475347999999999E-002  1.740000000000000E-005  0.000000000000000E+000
  4.392360000000000E-002  1.025800000000000E-004  1.600000000000000E-007
  3.699840000000001E-002  1.407400000000000E-004  0.000000000000000E+000
  6.692195999999999E-002  3.568000000000000E-005  0.000000000000000E+000
  7.686756000000000E-002  3.126000000000000E-005  0.000000000000000E+000
  7.425275999999999E-002  4.192000000000000E-005  0.000000000000000E+000
  8.740872000000000E-002  6.934000000000000E-005  0.000000000000000E+000
  0.106749360000000       5.800000000000001E-005  1.140000000000000E-006
  0.174117480000000       2.118600000000001E-004  0.000000000000000E+000
  0.329195640000000       7.626800000000001E-004  4.000000000000000E-008
  0.626190360000000       3.349440000000000E-003  6.440000000000000E-006
  5.197007999999999E-002  2.684000000000000E-005  0.000000000000000E+000
  3.449388000000000E-002  4.808000000000000E-005  0.000000000000000E+000
  4.806119999999999E-003  0.000000000000000E+000  0.000000000000000E+000
  3.664320000000000E-003  0.000000000000000E+000  0.000000000000000E+000
  4.125600000000000E-003  0.000000000000000E+000  0.000000000000000E+000
  6.381840000000000E-003  0.000000000000000E+000  0.000000000000000E+000
  9.041160000000001E-003  1.760000000000000E-006  0.000000000000000E+000
  2.127672000000001E-002  4.600000000000000E-007  0.000000000000000E+000
  7.623096000000000E-002  1.053000000000000E-004  0.000000000000000E+000
  0.277814040000000       5.863800000000000E-004  3.200000000000000E-007
  0.247928040000000       8.125000000000001E-004  8.780000000000001E-006
  2.922984000000000E-002  3.978000000000000E-005  0.000000000000000E+000
  2.242800000000000E-004  0.000000000000000E+000  0.000000000000000E+000
  2.001600000000000E-004  0.000000000000000E+000  0.000000000000000E+000
  1.650000000000000E-004  0.000000000000000E+000  0.000000000000000E+000
  5.547600000000001E-004  0.000000000000000E+000  0.000000000000000E+000
  8.703599999999999E-004  0.000000000000000E+000  0.000000000000000E+000
  1.624800000000000E-003  0.000000000000000E+000  0.000000000000000E+000
  1.068948000000000E-002  0.000000000000000E+000  0.000000000000000E+000
  0.101974200000000       5.958000000000001E-005  0.000000000000000E+000
  0.511812480000000       1.903720000000000E-003  5.020000000000000E-006
  2.399520000000001E-002  5.926000000000001E-005  0.000000000000000E+000
  0.000000000000000E+000  0.000000000000000E+000  0.000000000000000E+000
  1.908000000000000E-005  0.000000000000000E+000  0.000000000000000E+000
  0.000000000000000E+000  0.000000000000000E+000  0.000000000000000E+000
  1.680000000000000E-005  0.000000000000000E+000  0.000000000000000E+000
  3.504000000000000E-005  0.000000000000000E+000  0.000000000000000E+000
  2.258400000000000E-004  0.000000000000000E+000  0.000000000000000E+000
  1.886640000000000E-003  0.000000000000000E+000  0.000000000000000E+000
  3.024072000000000E-002  1.634000000000000E-005  0.000000000000000E+000
  0.343229640000000       1.055920000000000E-003  7.400000000000000E-007
  3.133728000000000E-002  1.654000000000000E-005  0.000000000000000E+000
   1.48730112000000       1.655576000000000E-002  1.844000000000000E-005
   1.61676804000000       1.971338000000000E-002  7.140000000000000E-006
   1.43336100000000       1.687698000000000E-002  8.780000000000001E-006
   1.22738940000000       1.204510000000000E-002  9.960000000000001E-006
  0.943962840000000       8.114619999999999E-003  1.060000000000000E-006
  0.420453960000000       1.989620000000000E-003  9.120000000000001E-006
  0.140415000000000       2.646200000000000E-004  2.800000000000000E-007
  0.132983880000000       2.387400000000000E-004  0.000000000000000E+000
  8.607504000000001E-002  2.608800000000000E-004  2.000000000000000E-008
  8.990664000000001E-002  1.869400000000000E-004  0.000000000000000E+000
   1.01823000000000       8.173120000000001E-003  4.000000000000000E-008
  0.956333400000000       7.939320000000001E-003  4.060000000000000E-006
   1.00508268000000       8.445140000000000E-003  3.900000000000000E-006
   1.07886288000000       1.012904000000000E-002  2.140000000000000E-006
   1.25327280000000       1.307970000000000E-002  7.720000000000001E-006
   1.63064604000000       2.286504000000000E-002  8.220000000000001E-006
   1.83427848000000       2.754054000000001E-002  2.658000000000000E-005
  0.248285880000000       5.727799999999998E-004  1.000000000000000E-007
  8.277744000000002E-002  1.814400000000000E-004  0.000000000000000E+000
  9.266292000000000E-002  1.696800000000000E-004  0.000000000000000E+000
  0.107137320000000       1.852400000000000E-004  0.000000000000000E+000
  0.115851720000000       1.667200000000000E-004  0.000000000000000E+000
  0.107418360000000       6.686000000000001E-005  0.000000000000000E+000
  0.139560120000000       1.288400000000000E-004  0.000000000000000E+000
  0.192864120000000       4.269000000000000E-004  0.000000000000000E+000
  0.382989360000000       1.173280000000000E-003  1.500000000000000E-006
  0.905969400000000       6.696580000000000E-003  4.579999999999999E-006
   1.41994068000000       1.695666000000001E-002  9.220000000000000E-006
  0.116485200000000       3.006200000000000E-004  0.000000000000000E+000
  7.412099999999999E-002  1.427800000000000E-004  2.200000000000000E-006
  6.736080000000000E-003  1.560000000000000E-006  0.000000000000000E+000
  8.085719999999998E-003  0.000000000000000E+000  0.000000000000000E+000
  7.801920000000003E-003  0.000000000000000E+000  0.000000000000000E+000
  1.239552000000000E-002  0.000000000000000E+000  0.000000000000000E+000
  2.261016000000000E-002  0.000000000000000E+000  0.000000000000000E+000
  5.629595999999998E-002  2.282000000000000E-005  0.000000000000000E+000
  0.244116960000000       4.109800000000000E-004  6.200000000000000E-007
   1.11451596000000       1.003024000000000E-002  3.280000000000000E-006
  0.104088240000000       3.140000000000000E-004  0.000000000000000E+000
  6.835272000000002E-002  1.344400000000000E-004  2.000000000000000E-008
  2.779200000000000E-004  0.000000000000000E+000  0.000000000000000E+000
  3.048000000000000E-004  0.000000000000000E+000  0.000000000000000E+000
  7.321199999999999E-004  0.000000000000000E+000  0.000000000000000E+000
  6.478800000000000E-004  0.000000000000000E+000  0.000000000000000E+000
  1.396080000000000E-003  0.000000000000000E+000  0.000000000000000E+000
  5.634120000000003E-003  0.000000000000000E+000  0.000000000000000E+000
  5.461391999999998E-002  1.326000000000000E-005  0.000000000000000E+000
  0.549033600000000       2.269120000000000E-003  0.000000000000000E+000
  0.251764680000000       8.349400000000002E-004  2.840000000000000E-006
  7.324763999999999E-002  2.128000000000000E-004  0.000000000000000E+000
   1.11906120000000       7.185899999999998E-003  4.340000000000000E-006
   1.05976116000000       6.773320000000000E-003  2.600000000000000E-007
   1.00476480000000       5.556479999999999E-003  9.119999999999999E-006
  0.898711800000000       4.453560000000000E-003  4.400000000000000E-007
  0.591122280000000       2.727420000000000E-003  0.000000000000000E+000
  0.384862800000000       1.047740000000000E-003  2.200000000000000E-007
  0.223267680000000       3.998800000000000E-004  1.000000000000000E-006
  0.151700160000000       3.774600000000000E-004  0.000000000000000E+000
  9.456036000000001E-002  2.794200000000000E-004  1.400000000000000E-007
  9.638700000000000E-002  8.633999999999999E-005  0.000000000000000E+000
   4.47190608000000       0.162180500000000       1.094000000000000E-005
   4.49176284000000       0.165198680000000       4.698000000000001E-005
   4.54988712000000       0.166017540000000       1.980000000000000E-005
   4.53839616000000       0.169598140000000       5.323999999999999E-005
   4.43370636000000       0.156890240000000       3.467999999999999E-005
   3.71321184000000       0.106261500000000       1.362000000000000E-005
   1.71528756000000       2.033780000000000E-002  1.434000000000000E-005
  0.240710280000000       6.886199999999999E-004  4.000000000000000E-008
  0.116092920000000       2.442000000000000E-004  4.000000000000000E-007
  8.122584000000002E-002  4.530000000000000E-005  4.000000000000000E-008
   1.43183940000000       1.766588000000000E-002  0.000000000000000E+000
   1.44502752000000       1.783568000000000E-002  8.560000000000001E-006
   1.50358560000000       1.831203999999999E-002  3.820000000000000E-006
   1.62694476000000       2.312222000000000E-002  1.400000000000000E-006
   2.11365228000000       3.500706000000001E-002  4.720000000000001E-006
   2.92343520000000       6.948617999999998E-002  2.744000000000000E-005
   3.53065404000000       0.101961680000000       2.476000000000000E-005
  0.774499200000000       5.859459999999999E-003  2.040000000000000E-006
  0.156850080000000       2.214800000000000E-004  0.000000000000000E+000
  7.702271999999998E-002  4.404000000000000E-005  0.000000000000000E+000
  0.144485040000000       2.064000000000000E-004  0.000000000000000E+000
  0.189624840000000       2.855800000000000E-004  0.000000000000000E+000
  0.206650080000000       3.097600000000000E-004  0.000000000000000E+000
  0.248794320000000       5.826400000000002E-004  0.000000000000000E+000
  0.370118400000000       1.166640000000000E-003  0.000000000000000E+000
  0.831328920000000       5.620240000000001E-003  6.240000000000000E-006
   2.23152648000000       4.386056000000000E-002  1.260000000000000E-006
   2.29450500000000       4.607925999999998E-002  6.540000000000001E-006
  0.115339800000000       2.213000000000000E-004  5.999999999999999E-006
  7.817124000000000E-002  1.045800000000000E-004  0.000000000000000E+000
  1.561512000000000E-002  4.800000000000001E-007  0.000000000000000E+000
  1.614228000000000E-002  2.640000000000000E-006  0.000000000000000E+000
  1.828992000000000E-002  7.339999999999999E-006  0.000000000000000E+000
  2.272296000000000E-002  4.060000000000000E-006  0.000000000000000E+000
  4.281827999999999E-002  7.500000000000000E-006  0.000000000000000E+000
  0.149553360000000       3.319999999999999E-004  1.400000000000000E-007
  0.790224840000000       5.690139999999999E-003  7.000000000000000E-006
   2.63571888000000       5.589540000000002E-002  2.750000000000000E-005
  0.150964560000000       4.973600000000001E-004  7.000000000000000E-007
  0.124711320000000       4.277999999999999E-005  0.000000000000000E+000
  0.594780360000000       1.394060000000000E-003  2.600000000000000E-007
  0.715867920000000       2.360620000000000E-003  1.060000000000000E-006
  0.621198720000000       1.824980000000000E-003  8.000000000000000E-007
  0.579840840000000       1.012080000000000E-003  4.000000000000000E-008
  0.429858240000000       9.829400000000003E-004  4.000000000000000E-008
  0.244724520000000       5.857999999999999E-004  0.000000000000000E+000
  0.149241720000000       1.207600000000000E-004  3.740000000000000E-006
  9.473100000000002E-002  7.520000000000001E-005  0.000000000000000E+000
  8.519747999999996E-002  6.397999999999999E-005  7.780000000000000E-006
  7.640412000000003E-002  1.358200000000000E-004  0.000000000000000E+000
   4.84181664000000       0.120081880000000       3.222000000000000E-005
   4.58348112000000       0.107863940000000       3.993999999999999E-005
   4.42389612000000       9.118220000000000E-002  3.518000000000001E-005
   4.30594620000000       9.210097999999997E-002  2.152000000000000E-005
   3.44130528000000       6.126255999999999E-002  1.550000000000000E-005
   2.33072880000000       2.465420000000000E-002  4.800000000000000E-006
  0.796435560000000       3.137000000000000E-003  4.380000000000000E-006
  0.201109440000000       2.768000000000000E-004  0.000000000000000E+000
  0.159704880000000       2.562000000000000E-005  0.000000000000000E+000
  7.741535999999999E-002  5.360000000000000E-006  0.000000000000000E+000
   6.92974656000000       0.380409320000000       2.214000000000000E-005
   6.89228016000000       0.371122160000000       4.110000000000001E-005
   6.96313932000000       0.379805460000000       2.930000000000000E-005
   7.09855404000000       0.392335680000000       5.030000000000000E-005
   6.90368352000000       0.349642280000000       2.246000000000000E-005
   5.91475428000000       0.240643960000000       3.858000000000000E-005
   3.28885704000000       6.462273999999998E-002  4.299999999999999E-006
  0.368862960000000       9.364999999999999E-004  0.000000000000000E+000
  0.140383560000000       1.269800000000000E-004  0.000000000000000E+000
  7.578695999999999E-002  1.986400000000000E-004  0.000000000000000E+000
   2.09444520000000       3.529290000000000E-002  7.000000000000000E-007
   2.17035816000000       3.934404000000000E-002  9.400000000000001E-007
   2.24146992000000       4.210105999999999E-002  0.000000000000000E+000
   2.58757416000000       5.651166000000002E-002  9.660000000000001E-006
   3.50061540000000       9.915531999999999E-002  2.678000000000000E-005
   5.14588044000000       0.226046880000000       1.806000000000000E-005
   5.20092624000000       0.208324140000000       2.854000000000000E-005
   1.41853656000000       1.169584000000000E-002  6.240000000000001E-006
  0.150003960000000       4.501399999999999E-004  0.000000000000000E+000
  6.202632000000000E-002  6.496000000000000E-005  0.000000000000000E+000
  0.288257040000000       5.032400000000001E-004  0.000000000000000E+000
  0.290565840000000       8.906599999999999E-004  0.000000000000000E+000
  0.329412360000000       1.051820000000000E-003  0.000000000000000E+000
  0.417058560000000       1.662519999999999E-003  0.000000000000000E+000
  0.744714600000000       4.450380000000000E-003  3.600000000000000E-007
   1.84705524000000       2.727466000000000E-002  0.000000000000000E+000
   4.68010884000000       0.169499100000000       6.760000000000000E-006
   2.74068156000000       4.726483999999998E-002  1.656000000000000E-005
  0.142876320000000       6.798000000000000E-005  0.000000000000000E+000
  7.333415999999998E-002  6.464000000000000E-005  0.000000000000000E+000
  0.361084080000000       4.796000000000000E-004  4.040000000000000E-006
  0.348677640000000       4.961399999999999E-004  0.000000000000000E+000
  0.299286720000000       3.954200000000000E-004  0.000000000000000E+000
  0.310471560000000       5.069400000000000E-004  0.000000000000000E+000
  0.201710760000000       3.047200000000000E-004  0.000000000000000E+000
  0.124309920000000       1.206400000000000E-004  0.000000000000000E+000
  8.274936000000001E-002  1.068000000000000E-004  0.000000000000000E+000
  4.371059999999998E-002  1.203200000000000E-004  0.000000000000000E+000
  3.048300000000000E-002  0.000000000000000E+000  0.000000000000000E+000
  0.167123160000000       2.520000000000000E-006  0.000000000000000E+000
   1.93858236000000       7.561700000000000E-003  1.180000000000000E-006
   1.64147292000000       7.774360000000003E-003  1.000000000000000E-007
   1.84105884000000       7.810600000000000E-003  1.580000000000000E-006
   1.65303036000000       6.942299999999999E-003  4.200000000000000E-007
   1.40975148000000       7.098280000000001E-003  7.400000000000000E-007
   1.18039512000000       3.501140000000000E-003  0.000000000000000E+000
  0.454487040000000       6.071199999999999E-004  0.000000000000000E+000
  9.422724000000002E-002  1.830800000000000E-004  0.000000000000000E+000
  4.911852000000000E-002  2.950000000000000E-005  0.000000000000000E+000
  4.802928000000001E-002  6.740000000000000E-006  0.000000000000000E+000
   6.72149364000000       0.171051820000000       2.512000000000000E-005
   6.73343772000000       0.183462100000000       5.340000000000000E-006
   6.41603688000000       0.149689060000000       2.696000000000000E-005
   5.68640112000000       0.111977720000000       4.114000000000000E-005
   4.81995948000000       7.139864000000000E-002  1.364000000000000E-005
   2.98535268000000       2.389444000000001E-002  7.620000000000000E-006
   1.56759348000000       7.990120000000000E-003  1.200000000000000E-007
  0.198282480000000       2.438600000000000E-004  0.000000000000000E+000
  6.492984000000002E-002  5.800000000000000E-007  0.000000000000000E+000
  5.028683999999999E-002  0.000000000000000E+000  0.000000000000000E+000
   9.77678340000000       0.683700000000000       4.114000000000000E-005
   9.75479340000000       0.714765000000000       4.019999999999999E-005
   9.98316456000000       0.743263760000000       4.520000000000001E-006
   9.96614928000000       0.696560660000000       3.712000000000001E-005
   9.62604612000000       0.611760400000000       2.812000000000000E-005
   7.28975220000000       0.282564100000000       1.358000000000000E-005
   2.96119080000000       3.365330000000000E-002  6.120000000000002E-006
  0.696216840000000       1.984720000000000E-003  3.620000000000000E-006
  8.016792000000000E-002  2.000000000000000E-008  0.000000000000000E+000
  5.440032000000000E-002  2.376000000000000E-005  0.000000000000000E+000
   3.10465320000000       8.328209999999998E-002  1.038000000000000E-005
   3.16338564000000       8.154743999999998E-002  6.680000000000000E-006
   3.41126856000000       9.437999999999999E-002  3.820000000000000E-006
   4.03681092000000       0.134275220000000       9.920000000000000E-006
   5.82941412000000       0.273281140000000       4.500000000000000E-006
   8.34001320000000       0.533798520000000       4.606000000000000E-005
   6.44194536000000       0.220658420000000       3.133999999999999E-005
   1.29123096000000       6.878580000000000E-003  5.180000000000000E-006
  9.871620000000003E-002  6.462000000000000E-005  0.000000000000000E+000
  3.841668000000001E-002  8.136000000000001E-005  0.000000000000000E+000
   1.69478244000000       5.173519999999999E-003  2.040000000000000E-006
   1.73758692000000       4.609340000000001E-003  3.079999999999999E-006
   1.69093560000000       6.022440000000000E-003  2.400000000000000E-007
   1.97660700000000       5.614380000000001E-003  2.800000000000000E-007
   1.54797000000000       3.889320000000001E-003  0.000000000000000E+000
   1.05175716000000       1.816060000000000E-003  0.000000000000000E+000
  0.735574080000000       1.606680000000000E-003  0.000000000000000E+000
  0.139318920000000       9.813999999999999E-005  0.000000000000000E+000
  4.868628000000000E-002  8.581999999999999E-005  0.000000000000000E+000
  2.135064000000000E-002  0.000000000000000E+000  0.000000000000000E+000
   8.98771536000000       0.218319420000000       6.760000000000000E-006
   8.93981940000000       0.236900420000000       7.700000000000001E-006
   8.06323572000000       0.170441500000000       1.678000000000000E-005
   7.63053192000000       0.135191540000000       2.518000000000000E-005
   5.33177544000000       6.346754000000000E-002  7.280000000000001E-006
   3.11970984000000       1.871010000000000E-002  2.000000000000000E-007
   1.40707332000000       7.467340000000000E-003  7.200000000000000E-007
  0.226395120000000       3.223200000000001E-004  0.000000000000000E+000
  5.405208000000001E-002  9.782000000000000E-005  0.000000000000000E+000
  3.110880000000000E-002  0.000000000000000E+000  0.000000000000000E+000
   12.6951600000000        1.00866208000000       4.586000000000000E-005
   12.9191949600000        1.05507940000000       4.670000000000000E-005
   12.9721107600000        1.02274734000000       1.718000000000000E-005
   13.0340196000000       0.934547780000000       2.982000000000000E-005
   12.3482887200000       0.710080120000000       6.284000000000000E-005
   7.75468920000000       0.194851860000000       2.612000000000000E-005
   3.03897360000000       2.245338000000000E-002  4.600000000000000E-007
  0.707901120000000       2.445420000000000E-003  1.460000000000000E-006
  5.718996000000000E-002  1.486000000000000E-005  0.000000000000000E+000
  0.133838880000000       0.000000000000000E+000  0.000000000000000E+000
   10.6645041600000       0.206237800000000       1.102000000000000E-005
   10.5571428000000       0.209301180000000       1.140000000000000E-006
   10.1222664000000       0.161381040000000       1.006000000000000E-005
   8.42391432000000       0.137551680000000       1.280000000000000E-006
   6.20695380000000       5.038510000000000E-002  2.000000000000000E-008
   2.37071160000000       7.847659999999999E-003  1.300000000000000E-006
  0.994686000000000       1.538680000000000E-003  0.000000000000000E+000
  0.341587560000000       6.795000000000000E-004  0.000000000000000E+000
  0.134458200000000       5.764000000000000E-005  0.000000000000000E+000
  0.169296960000000       0.000000000000000E+000  0.000000000000000E+000
