       0.6585E-02       0.4525E+00       0.4118E-05       0.4894E-05
       0.8044E-02       0.4429E+00       0.4712E-05       0.4339E-05
       0.1006E-01       0.4127E+00       0.7170E-05       0.6939E-05
       0.1169E-01       0.3658E+00       0.1632E-04       0.9330E-05
       0.1290E-01       0.3032E+00       0.2621E-04       0.1205E-04
       0.1288E-01       0.2383E+00       0.4298E-04       0.1897E-04
       0.1152E-01       0.1787E+00       0.5467E-04       0.2306E-04
       0.9504E-02       0.1280E+00       0.5706E-04       0.2741E-04
       0.7013E-02       0.8512E-01       0.5718E-04       0.2983E-04
       0.4986E-02       0.5568E-01       0.4481E-04       0.2711E-04
       0.3412E-02       0.3428E-01       0.3346E-04       0.2507E-04
       0.2302E-02       0.2066E-01       0.2341E-04       0.2355E-04
       0.1488E-02       0.1259E-01       0.1733E-04       0.1837E-04
       0.9703E-03       0.7381E-02       0.1232E-04       0.1473E-04
       0.6198E-03       0.4380E-02       0.8792E-05       0.9516E-05
       0.6707E-02       0.4531E+00       0.4501E-05       0.4497E-05
       0.8013E-02       0.4419E+00       0.4652E-05       0.4972E-05
       0.9896E-02       0.4131E+00       0.8775E-05       0.7116E-05
       0.1178E-01       0.3644E+00       0.1561E-04       0.9020E-05
       0.1263E-01       0.3024E+00       0.2564E-04       0.1262E-04
       0.1295E-01       0.2396E+00       0.3844E-04       0.1979E-04
       0.1146E-01       0.1788E+00       0.5376E-04       0.2362E-04
       0.9162E-02       0.1274E+00       0.5858E-04       0.2698E-04
       0.7042E-02       0.8582E-01       0.5260E-04       0.2820E-04
       0.4891E-02       0.5521E-01       0.4668E-04       0.2941E-04
       0.3395E-02       0.3413E-01       0.3612E-04       0.2752E-04
       0.2331E-02       0.2111E-01       0.2472E-04       0.2117E-04
       0.1472E-02       0.1253E-01       0.1863E-04       0.1673E-04
       0.1023E-02       0.7579E-02       0.1230E-04       0.1486E-04
       0.6270E-03       0.4353E-02       0.7970E-05       0.1150E-04
       0.6642E-02       0.4524E+00       0.4181E-05       0.3734E-05
       0.7947E-02       0.4424E+00       0.4704E-05       0.5288E-05
       0.1002E-01       0.4122E+00       0.8579E-05       0.6947E-05
       0.1178E-01       0.3646E+00       0.1511E-04       0.9159E-05
       0.1290E-01       0.3037E+00       0.2651E-04       0.1320E-04
       0.1286E-01       0.2390E+00       0.3964E-04       0.1763E-04
       0.1163E-01       0.1812E+00       0.5325E-04       0.2333E-04
       0.9193E-02       0.1278E+00       0.6036E-04       0.2595E-04
       0.6977E-02       0.8512E-01       0.5644E-04       0.3136E-04
       0.4964E-02       0.5509E-01       0.4817E-04       0.3027E-04
       0.3335E-02       0.3387E-01       0.3122E-04       0.2568E-04
       0.2312E-02       0.2127E-01       0.2634E-04       0.2376E-04
       0.1524E-02       0.1282E-01       0.1858E-04       0.1867E-04
       0.9875E-03       0.7570E-02       0.1160E-04       0.1317E-04
       0.6478E-03       0.4550E-02       0.9620E-05       0.9434E-05
