  0.64072519999999999       0.11331479999999999        6.3670000000000003E-003   6.4235999999999998E-003
  0.62740280000000004       0.11886345000000000        6.6666499999999997E-003   6.4659499999999998E-003
  0.59654054999999995       0.15445225000000001        7.1301500000000000E-003   7.2471999999999996E-003
  0.56369935000000004       0.16827900000000001        9.5753499999999998E-003   8.8052500000000006E-003
  0.53063640000000001       0.17413785000000001        1.2434799999999999E-002   1.0920900000000001E-002
  0.48659530000000001       0.18941915000000001        1.5659400000000000E-002   1.2599750000000000E-002
  0.44091374999999999       0.18594495000000000        1.9637800000000000E-002   1.5198850000000000E-002
  0.39793590000000001       0.18416669999999999        2.4130900000000000E-002   1.7596350000000000E-002
  0.36228640000000001       0.16973864999999999        2.6185350000000000E-002   1.8038749999999999E-002
  0.31254609999999999       0.14526860000000000        2.6807850000000001E-002   1.7796300000000001E-002
  0.25866095000000000       0.12612329999999999        2.6896600000000000E-002   1.6316950000000000E-002
  0.21152009999999999       0.10106735000000000        2.2973150000000001E-002   1.3572300000000001E-002
  0.15547449999999999        6.9360749999999999E-002   1.8459949999999999E-002   1.0272000000000000E-002
  0.12413560000000000        5.3478199999999997E-002   1.4803900000000000E-002   7.7429999999999999E-003
   8.8711550000000000E-002   3.6440250000000000E-002   1.0457400000000000E-002   5.5792000000000003E-003
