  0.63728300000000004       0.11352115000000000        6.5150499999999997E-003   6.5674499999999999E-003
  0.62503050000000004       0.12551765000000001        6.5075000000000003E-003   6.5309000000000001E-003
  0.59776249999999997       0.15416959999999999        7.3267499999999999E-003   7.1225500000000001E-003
  0.56239910000000004       0.16250185000000000        9.2337500000000006E-003   8.6013500000000007E-003
  0.53458525000000001       0.17043530000000001        1.1600100000000000E-002   9.8022500000000002E-003
  0.48720445000000001       0.18823250000000000        1.6468750000000001E-002   1.3375649999999999E-002
  0.45670454999999999       0.18641160000000001        2.0399649999999998E-002   1.5725900000000001E-002
  0.41944320000000002       0.17227600000000001        2.2404199999999999E-002   1.7325150000000001E-002
  0.36154639999999999       0.17010615000000001        2.6790999999999999E-002   1.8848350000000000E-002
  0.31340610000000002       0.15135170000000001        2.6683300000000000E-002   1.8103250000000001E-002
  0.25979924999999998       0.12626614999999999        2.5972450000000001E-002   1.6164399999999999E-002
  0.19384245000000000        8.9700500000000002E-002   2.1171849999999999E-002   1.1999599999999999E-002
  0.17065359999999999        7.1541450000000006E-002   1.9361250000000000E-002   1.0149250000000000E-002
  0.11986205000000000        5.0789050000000002E-002   1.4268500000000000E-002   7.7856000000000002E-003
   9.2454999999999996E-002   3.7253450000000000E-002   1.1091149999999999E-002   5.7827499999999997E-003
