  0.20596885000000001       0.16905940000000000        3.0134999999999998E-004   4.2600000000000000E-004
  0.16122305000000001       0.17263919999999999        2.9835000000000001E-004   3.1690000000000001E-004
  0.16379294999999999       0.20997920000000000        3.5115000000000000E-004   3.9760000000000002E-004
  0.15163794999999999       0.21693075000000001        5.7874999999999995E-004   5.7304999999999997E-004
  0.14279040000000001       0.22838615000000001        9.1670000000000000E-004   9.6020000000000003E-004
  0.12771384999999999       0.23403515000000000        1.2937500000000000E-003   1.4522500000000000E-003
  0.12311720000000000       0.20893524999999999        1.9018500000000001E-003   2.1364999999999999E-003
   9.5557900000000001E-002  0.18991735000000001        1.8936000000000001E-003   2.7368499999999999E-003
   9.0626999999999999E-002  0.17246855000000000        2.6102999999999999E-003   3.6548000000000001E-003
   6.9784949999999998E-002  0.13413815000000001        2.4427500000000000E-003   3.8471000000000000E-003
   5.6914800000000002E-002  0.10924440000000001        2.7064500000000000E-003   3.9851499999999998E-003
   4.4701249999999998E-002   8.2597599999999993E-002   2.3027500000000001E-003   3.6275000000000001E-003
   2.9038300000000000E-002   5.9410949999999997E-002   1.8029500000000000E-003   2.7562500000000000E-003
   2.1468899999999999E-002   4.0567400000000003E-002   1.4785499999999999E-003   2.1694000000000001E-003
   1.5178900000000000E-002   2.6943450000000001E-002   1.0690999999999999E-003   1.2989000000000000E-003
