       0.4637E+00       0.3257E+00       0.1019E-01       0.1018E-01
       0.4659E+00       0.3313E+00       0.9808E-02       0.9840E-02
       0.4539E+00       0.3383E+00       0.1000E-01       0.1002E-01
       0.4355E+00       0.3379E+00       0.1149E-01       0.1154E-01
       0.4089E+00       0.3282E+00       0.1385E-01       0.1390E-01
       0.3761E+00       0.3043E+00       0.1643E-01       0.1645E-01
       0.3339E+00       0.2743E+00       0.1864E-01       0.1883E-01
       0.2833E+00       0.2334E+00       0.1952E-01       0.2007E-01
       0.2274E+00       0.1896E+00       0.1887E-01       0.1974E-01
       0.1758E+00       0.1461E+00       0.1698E-01       0.1811E-01
       0.1261E+00       0.1058E+00       0.1372E-01       0.1491E-01
       0.8525E-01       0.7165E-01       0.1006E-01       0.1108E-01
       0.5221E-01       0.4483E-01       0.6537E-02       0.7290E-02
       0.3082E-01       0.2711E-01       0.3964E-02       0.4404E-02
       0.1774E-01       0.1559E-01       0.2236E-02       0.2534E-02
       0.4638E+00       0.3276E+00       0.1023E-01       0.1018E-01
       0.4624E+00       0.3325E+00       0.9736E-02       0.9741E-02
       0.4516E+00       0.3402E+00       0.1004E-01       0.1002E-01
       0.4362E+00       0.3382E+00       0.1148E-01       0.1150E-01
       0.4090E+00       0.3268E+00       0.1381E-01       0.1380E-01
       0.3747E+00       0.3063E+00       0.1642E-01       0.1658E-01
       0.3333E+00       0.2742E+00       0.1855E-01       0.1891E-01
       0.2817E+00       0.2332E+00       0.1949E-01       0.2001E-01
       0.2303E+00       0.1913E+00       0.1911E-01       0.2011E-01
       0.1761E+00       0.1458E+00       0.1697E-01       0.1806E-01
       0.1264E+00       0.1061E+00       0.1371E-01       0.1495E-01
       0.8518E-01       0.7167E-01       0.1001E-01       0.1111E-01
       0.5270E-01       0.4509E-01       0.6497E-02       0.7272E-02
       0.3041E-01       0.2673E-01       0.3843E-02       0.4336E-02
       0.1754E-01       0.1549E-01       0.2204E-02       0.2466E-02
       0.4661E+00       0.3257E+00       0.1026E-01       0.1027E-01
       0.4635E+00       0.3330E+00       0.9834E-02       0.9828E-02
       0.4543E+00       0.3396E+00       0.9963E-02       0.1005E-01
       0.4348E+00       0.3381E+00       0.1149E-01       0.1156E-01
       0.4100E+00       0.3270E+00       0.1391E-01       0.1389E-01
       0.3757E+00       0.3050E+00       0.1632E-01       0.1643E-01
       0.3347E+00       0.2747E+00       0.1858E-01       0.1901E-01
       0.2841E+00       0.2343E+00       0.1952E-01       0.2020E-01
       0.2306E+00       0.1910E+00       0.1916E-01       0.2001E-01
       0.1750E+00       0.1450E+00       0.1678E-01       0.1792E-01
       0.1248E+00       0.1047E+00       0.1353E-01       0.1471E-01
       0.8426E-01       0.7026E-01       0.9787E-02       0.1079E-01
       0.5315E-01       0.4522E-01       0.6645E-02       0.7453E-02
       0.3088E-01       0.2704E-01       0.3969E-02       0.4464E-02
       0.1784E-01       0.1599E-01       0.2283E-02       0.2558E-02
